0 0.000000 0.000000 100.000000 12.195122
0 0.000000 0.000000 200.000000 15.384615
0 0.000000 0.000000 300.000000 17.543859
0 0.000000 0.000000 400.000000 19.138756
0 0.000000 0.000000 500.000000 20.325203
0 0.000000 0.000000 600.000000 21.126760
0 0.000000 0.000000 700.000000 21.806854
0 0.000000 0.000000 800.000000 22.284122
10 0.000000 0.000000 100.000000 12.987013
10 0.000000 0.000000 200.000000 16.129032
10 0.000000 0.000000 300.000000 18.181818
10 0.000000 0.000000 400.000000 19.704433
10 0.000000 0.000000 500.000000 20.833334
10 0.000000 0.000000 600.000000 21.582733
10 0.000000 0.000000 700.000000 22.222221
10 0.000000 0.000000 800.000000 22.662889
20 0.000000 0.000000 100.000000 13.888889
20 0.000000 0.000000 200.000000 16.949152
20 0.000000 0.000000 300.000000 18.867924
20 0.000000 0.000000 400.000000 20.304569
20 0.000000 0.000000 500.000000 21.367521
20 0.000000 0.000000 600.000000 22.140221
20 0.000000 0.000000 700.000000 22.653721
20 0.000000 0.000000 800.000000 23.121387
30 0.000000 0.000000 100.000000 14.925373
30 0.000000 0.000000 200.000000 17.857143
30 0.000000 0.000000 300.000000 19.607843
30 0.000000 0.000000 400.000000 21.052631
30 0.000000 0.000000 500.000000 22.026432
30 0.000000 0.000000 600.000000 22.641510
30 0.000000 0.000000 700.000000 23.178808
30 0.000000 0.000000 800.000000 23.529411
40 0.000000 0.000000 100.000000 16.129032
40 0.000000 0.000000 200.000000 18.867924
40 0.000000 0.000000 300.000000 20.408163
40 0.000000 0.000000 400.000000 21.739130
40 0.000000 0.000000 500.000000 22.624434
40 0.000000 0.000000 600.000000 23.166023
40 0.000000 0.000000 700.000000 23.648649
40 0.000000 0.000000 800.000000 23.952095
50 0.000000 0.000000 100.000000 17.241379
50 0.000000 0.000000 200.000000 19.801981
50 0.000000 0.000000 300.000000 21.276596
50 0.000000 0.000000 400.000000 22.471910
50 0.000000 0.000000 500.000000 23.148148
50 0.000000 0.000000 600.000000 23.715416
50 0.000000 0.000000 700.000000 24.054983
50 0.000000 0.000000 800.000000 24.316109
60 0.000000 0.000000 100.000000 18.518518
60 0.000000 0.000000 200.000000 20.618557
60 0.000000 0.000000 300.000000 21.897810
60 0.000000 0.000000 400.000000 22.988506
60 0.000000 0.000000 500.000000 23.696682
60 0.000000 0.000000 600.000000 24.096386
60 0.000000 0.000000 700.000000 24.475525
60 0.000000 0.000000 800.000000 24.691359
70 0.000000 0.000000 100.000000 19.230770
70 0.000000 0.000000 200.000000 21.276596
70 0.000000 0.000000 300.000000 22.556391
70 0.000000 0.000000 400.000000 23.529411
70 0.000000 0.000000 500.000000 24.154589
70 0.000000 0.000000 600.000000 24.489796
70 0.000000 0.000000 700.000000 24.822695
70 0.000000 0.000000 800.000000 25.000000
80 0.000000 0.000000 100.000000 20.408163
80 0.000000 0.000000 200.000000 21.978022
80 0.000000 0.000000 300.000000 23.255814
80 0.000000 0.000000 400.000000 24.096386
80 0.000000 0.000000 500.000000 24.509804
80 0.000000 0.000000 600.000000 24.896265
80 0.000000 0.000000 700.000000 25.089605
80 0.000000 0.000000 800.000000 25.316456
90 0.000000 0.000000 100.000000 21.276596
90 0.000000 0.000000 200.000000 22.471910
90 0.000000 0.000000 300.000000 23.809525
90 0.000000 0.000000 400.000000 24.539877
90 0.000000 0.000000 500.000000 24.875622
90 0.000000 0.000000 600.000000 25.210085
90 0.000000 0.000000 700.000000 25.362318
90 0.000000 0.000000 800.000000 25.477707
100 0.000000 0.000000 100.000000 21.739130
100 0.000000 0.000000 200.000000 23.255814
100 0.000000 0.000000 300.000000 24.390244
100 0.000000 0.000000 400.000000 24.844721
100 0.000000 0.000000 500.000000 25.252525
100 0.000000 0.000000 600.000000 25.423729
100 0.000000 0.000000 700.000000 25.547445
100 0.000000 0.000000 800.000000 25.723473
110 0.000000 0.000000 100.000000 22.222221
110 0.000000 0.000000 200.000000 23.809525
110 0.000000 0.000000 300.000000 24.793388
110 0.000000 0.000000 400.000000 25.157232
110 0.000000 0.000000 500.000000 25.510204
110 0.000000 0.000000 600.000000 25.641026
110 0.000000 0.000000 700.000000 25.830257
110 0.000000 0.000000 800.000000 25.889967
120 0.000000 0.000000 100.000000 22.727272
120 0.000000 0.000000 200.000000 24.096386
120 0.000000 0.000000 300.000000 25.210085
120 0.000000 0.000000 400.000000 25.477707
120 0.000000 0.000000 500.000000 25.773195
120 0.000000 0.000000 600.000000 25.862068
120 0.000000 0.000000 700.000000 25.925926
120 0.000000 0.000000 800.000000 25.974026
130 0.000000 0.000000 100.000000 23.255814
130 0.000000 0.000000 200.000000 24.691359
130 0.000000 0.000000 300.000000 25.423729
130 0.000000 0.000000 400.000000 25.641026
130 0.000000 0.000000 500.000000 25.906736
130 0.000000 0.000000 600.000000 25.974026
130 0.000000 0.000000 700.000000 26.119404
130 0.000000 0.000000 800.000000 26.143791
140 0.000000 0.000000 100.000000 23.809525
140 0.000000 0.000000 200.000000 25.000000
140 0.000000 0.000000 300.000000 25.641026
140 0.000000 0.000000 400.000000 25.974026
140 0.000000 0.000000 500.000000 26.041666
140 0.000000 0.000000 600.000000 26.086956
140 0.000000 0.000000 700.000000 26.217228
140 0.000000 0.000000 800.000000 26.229507
150 0.000000 0.000000 100.000000 23.809525
150 0.000000 0.000000 200.000000 25.641026
150 0.000000 0.000000 300.000000 25.862068
150 0.000000 0.000000 400.000000 26.143791
150 0.000000 0.000000 500.000000 26.178011
150 0.000000 0.000000 600.000000 26.200872
150 0.000000 0.000000 700.000000 26.315790
150 0.000000 0.000000 800.000000 26.315790
160 0.000000 0.000000 100.000000 25.000000
160 0.000000 0.000000 200.000000 25.974026
160 0.000000 0.000000 300.000000 26.086956
160 0.000000 0.000000 400.000000 26.315790
160 0.000000 0.000000 500.000000 26.315790
160 0.000000 0.000000 600.000000 26.315790
160 0.000000 0.000000 700.000000 26.415094
160 0.000000 0.000000 800.000000 26.402639
170 0.000000 0.000000 100.000000 25.641026
170 0.000000 0.000000 200.000000 26.315790
170 0.000000 0.000000 300.000000 26.315790
170 0.000000 0.000000 400.000000 26.315790
170 0.000000 0.000000 500.000000 26.455027
170 0.000000 0.000000 600.000000 26.431719
170 0.000000 0.000000 700.000000 26.415094
170 0.000000 0.000000 800.000000 26.490067
180 0.000000 0.000000 100.000000 25.641026
180 0.000000 0.000000 200.000000 26.315790
180 0.000000 0.000000 300.000000 26.548672
180 0.000000 0.000000 400.000000 26.490067
180 0.000000 0.000000 500.000000 26.455027
180 0.000000 0.000000 600.000000 26.548672
180 0.000000 0.000000 700.000000 26.515152
180 0.000000 0.000000 800.000000 26.490067
190 0.000000 0.000000 100.000000 26.315790
190 0.000000 0.000000 200.000000 26.315790
190 0.000000 0.000000 300.000000 26.548672
190 0.000000 0.000000 400.000000 26.490067
190 0.000000 0.000000 500.000000 26.455027
190 0.000000 0.000000 600.000000 26.548672
190 0.000000 0.000000 700.000000 26.515152
190 0.000000 0.000000 800.000000 26.490067
200 0.000000 0.000000 100.000000 26.315790
200 0.000000 0.000000 200.000000 26.315790
200 0.000000 0.000000 300.000000 26.548672
200 0.000000 0.000000 400.000000 26.490067
200 0.000000 0.000000 500.000000 26.455027
200 0.000000 0.000000 600.000000 26.431719
200 0.000000 0.000000 700.000000 26.515152
200 0.000000 0.000000 800.000000 26.402639
210 0.000000 0.000000 100.000000 25.641026
210 0.000000 0.000000 200.000000 26.315790
210 0.000000 0.000000 300.000000 26.315790
210 0.000000 0.000000 400.000000 26.490067
210 0.000000 0.000000 500.000000 26.455027
210 0.000000 0.000000 600.000000 26.431719
210 0.000000 0.000000 700.000000 26.415094
210 0.000000 0.000000 800.000000 26.402639
220 0.000000 0.000000 100.000000 25.641026
220 0.000000 0.000000 200.000000 26.315790
220 0.000000 0.000000 300.000000 26.315790
220 0.000000 0.000000 400.000000 26.315790
220 0.000000 0.000000 500.000000 26.455027
220 0.000000 0.000000 600.000000 26.431719
220 0.000000 0.000000 700.000000 26.415094
220 0.000000 0.000000 800.000000 26.315790
230 0.000000 0.000000 100.000000 25.641026
230 0.000000 0.000000 200.000000 26.315790
230 0.000000 0.000000 300.000000 26.315790
230 0.000000 0.000000 400.000000 26.315790
230 0.000000 0.000000 500.000000 26.455027
230 0.000000 0.000000 600.000000 26.431719
230 0.000000 0.000000 700.000000 26.415094
230 0.000000 0.000000 800.000000 26.315790
240 0.000000 0.000000 100.000000 25.641026
240 0.000000 0.000000 200.000000 25.974026
240 0.000000 0.000000 300.000000 26.315790
240 0.000000 0.000000 400.000000 26.315790
240 0.000000 0.000000 500.000000 26.315790
240 0.000000 0.000000 600.000000 26.431719
240 0.000000 0.000000 700.000000 26.315790
240 0.000000 0.000000 800.000000 26.229507
250 0.000000 0.000000 100.000000 25.641026
250 0.000000 0.000000 200.000000 25.974026
250 0.000000 0.000000 300.000000 26.315790
250 0.000000 0.000000 400.000000 26.315790
250 0.000000 0.000000 500.000000 26.315790
250 0.000000 0.000000 600.000000 26.315790
250 0.000000 0.000000 700.000000 26.315790
250 0.000000 0.000000 800.000000 26.229507
260 0.000000 0.000000 100.000000 25.641026
260 0.000000 0.000000 200.000000 25.974026
260 0.000000 0.000000 300.000000 26.315790
260 0.000000 0.000000 400.000000 26.315790
260 0.000000 0.000000 500.000000 26.315790
260 0.000000 0.000000 600.000000 26.315790
260 0.000000 0.000000 700.000000 26.315790
260 0.000000 0.000000 800.000000 26.143791
270 0.000000 0.000000 100.000000 25.641026
270 0.000000 0.000000 200.000000 25.974026
270 0.000000 0.000000 300.000000 26.315790
270 0.000000 0.000000 400.000000 26.315790
270 0.000000 0.000000 500.000000 26.315790
270 0.000000 0.000000 600.000000 26.315790
270 0.000000 0.000000 700.000000 26.217228
270 0.000000 0.000000 800.000000 26.143791
280 0.000000 0.000000 100.000000 25.641026
280 0.000000 0.000000 200.000000 25.974026
280 0.000000 0.000000 300.000000 26.315790
280 0.000000 0.000000 400.000000 26.315790
280 0.000000 0.000000 500.000000 26.315790
280 0.000000 0.000000 600.000000 26.315790
280 0.000000 0.000000 700.000000 26.217228
280 0.000000 0.000000 800.000000 26.058632
290 0.000000 0.000000 100.000000 25.641026
290 0.000000 0.000000 200.000000 25.974026
290 0.000000 0.000000 300.000000 26.315790
290 0.000000 0.000000 400.000000 26.315790
290 0.000000 0.000000 500.000000 26.315790
290 0.000000 0.000000 600.000000 26.200872
290 0.000000 0.000000 700.000000 26.119404
290 0.000000 0.000000 800.000000 26.058632
300 0.000000 0.000000 100.000000 25.641026
300 0.000000 0.000000 200.000000 25.974026
300 0.000000 0.000000 300.000000 26.315790
300 0.000000 0.000000 400.000000 26.315790
300 0.000000 0.000000 500.000000 26.315790
300 0.000000 0.000000 600.000000 26.200872
300 0.000000 0.000000 700.000000 26.119404
300 0.000000 0.000000 800.000000 26.058632
310 0.000000 0.000000 100.000000 25.641026
310 0.000000 0.000000 200.000000 25.974026
310 0.000000 0.000000 300.000000 26.086956
310 0.000000 0.000000 400.000000 26.315790
310 0.000000 0.000000 500.000000 26.178011
310 0.000000 0.000000 600.000000 26.200872
310 0.000000 0.000000 700.000000 26.022305
310 0.000000 0.000000 800.000000 26.058632
320 0.000000 0.000000 100.000000 25.641026
320 0.000000 0.000000 200.000000 25.974026
320 0.000000 0.000000 300.000000 26.086956
320 0.000000 0.000000 400.000000 26.315790
320 0.000000 0.000000 500.000000 26.178011
320 0.000000 0.000000 600.000000 26.086956
320 0.000000 0.000000 700.000000 26.022305
320 0.000000 0.000000 800.000000 26.058632
330 0.000000 0.000000 100.000000 25.641026
330 0.000000 0.000000 200.000000 25.974026
330 0.000000 0.000000 300.000000 26.086956
330 0.000000 0.000000 400.000000 26.143791
330 0.000000 0.000000 500.000000 26.178011
330 0.000000 0.000000 600.000000 26.086956
330 0.000000 0.000000 700.000000 26.022305
330 0.000000 0.000000 800.000000 26.058632
340 0.000000 0.000000 100.000000 25.641026
340 0.000000 0.000000 200.000000 25.974026
340 0.000000 0.000000 300.000000 26.086956
340 0.000000 0.000000 400.000000 26.143791
340 0.000000 0.000000 500.000000 26.178011
340 0.000000 0.000000 600.000000 25.974026
340 0.000000 0.000000 700.000000 26.022305
340 0.000000 0.000000 800.000000 26.058632
350 0.000000 0.000000 100.000000 25.641026
350 0.000000 0.000000 200.000000 25.974026
350 0.000000 0.000000 300.000000 26.086956
350 0.000000 0.000000 400.000000 26.143791
350 0.000000 0.000000 500.000000 26.041666
350 0.000000 0.000000 600.000000 25.974026
350 0.000000 0.000000 700.000000 25.925926
350 0.000000 0.000000 800.000000 26.143791
360 0.000000 0.000000 100.000000 25.641026
360 0.000000 0.000000 200.000000 25.974026
360 0.000000 0.000000 300.000000 26.086956
360 0.000000 0.000000 400.000000 26.143791
360 0.000000 0.000000 500.000000 26.041666
360 0.000000 0.000000 600.000000 25.862068
360 0.000000 0.000000 700.000000 26.022305
360 0.000000 0.000000 800.000000 26.143791
370 0.000000 0.000000 100.000000 25.641026
370 0.000000 0.000000 200.000000 25.974026
370 0.000000 0.000000 300.000000 26.086956
370 0.000000 0.000000 400.000000 25.974026
370 0.000000 0.000000 500.000000 25.906736
370 0.000000 0.000000 600.000000 25.862068
370 0.000000 0.000000 700.000000 26.022305
370 0.000000 0.000000 800.000000 26.143791
380 0.000000 0.000000 100.000000 25.641026
380 0.000000 0.000000 200.000000 25.974026
380 0.000000 0.000000 300.000000 26.086956
380 0.000000 0.000000 400.000000 25.974026
380 0.000000 0.000000 500.000000 25.906736
380 0.000000 0.000000 600.000000 25.862068
380 0.000000 0.000000 700.000000 26.022305
380 0.000000 0.000000 800.000000 26.143791
390 0.000000 0.000000 100.000000 25.641026
390 0.000000 0.000000 200.000000 25.974026
390 0.000000 0.000000 300.000000 26.086956
390 0.000000 0.000000 400.000000 25.974026
390 0.000000 0.000000 500.000000 25.773195
390 0.000000 0.000000 600.000000 25.862068
390 0.000000 0.000000 700.000000 26.022305
390 0.000000 0.000000 800.000000 26.143791
400 0.000000 0.000000 100.000000 25.641026
400 0.000000 0.000000 200.000000 25.974026
400 0.000000 0.000000 300.000000 25.862068
400 0.000000 0.000000 400.000000 25.806452
400 0.000000 0.000000 500.000000 25.773195
400 0.000000 0.000000 600.000000 25.862068
400 0.000000 0.000000 700.000000 26.119404
400 0.000000 0.000000 800.000000 26.229507
410 0.000000 0.000000 100.000000 25.641026
410 0.000000 0.000000 200.000000 25.974026
410 0.000000 0.000000 300.000000 25.862068
410 0.000000 0.000000 400.000000 25.806452
410 0.000000 0.000000 500.000000 25.773195
410 0.000000 0.000000 600.000000 25.974026
410 0.000000 0.000000 700.000000 26.119404
410 0.000000 0.000000 800.000000 26.229507
420 0.000000 0.000000 100.000000 25.641026
420 0.000000 0.000000 200.000000 25.641026
420 0.000000 0.000000 300.000000 25.862068
420 0.000000 0.000000 400.000000 25.641026
420 0.000000 0.000000 500.000000 25.773195
420 0.000000 0.000000 600.000000 25.974026
420 0.000000 0.000000 700.000000 26.119404
420 0.000000 0.000000 800.000000 26.143791
430 0.000000 0.000000 100.000000 25.641026
430 0.000000 0.000000 200.000000 25.641026
430 0.000000 0.000000 300.000000 25.641026
430 0.000000 0.000000 400.000000 25.641026
430 0.000000 0.000000 500.000000 25.773195
430 0.000000 0.000000 600.000000 25.974026
430 0.000000 0.000000 700.000000 26.119404
430 0.000000 0.000000 800.000000 26.143791
440 0.000000 0.000000 100.000000 25.641026
440 0.000000 0.000000 200.000000 25.641026
440 0.000000 0.000000 300.000000 25.641026
440 0.000000 0.000000 400.000000 25.641026
440 0.000000 0.000000 500.000000 25.773195
440 0.000000 0.000000 600.000000 26.086956
440 0.000000 0.000000 700.000000 26.119404
440 0.000000 0.000000 800.000000 26.143791
450 0.000000 0.000000 100.000000 25.000000
450 0.000000 0.000000 200.000000 25.641026
450 0.000000 0.000000 300.000000 25.641026
450 0.000000 0.000000 400.000000 25.641026
450 0.000000 0.000000 500.000000 25.773195
450 0.000000 0.000000 600.000000 26.086956
450 0.000000 0.000000 700.000000 26.119404
450 0.000000 0.000000 800.000000 26.058632
460 0.000000 0.000000 100.000000 25.000000
460 0.000000 0.000000 200.000000 25.316456
460 0.000000 0.000000 300.000000 25.423729
460 0.000000 0.000000 400.000000 25.641026
460 0.000000 0.000000 500.000000 25.906736
460 0.000000 0.000000 600.000000 26.086956
460 0.000000 0.000000 700.000000 26.119404
460 0.000000 0.000000 800.000000 25.974026
470 0.000000 0.000000 100.000000 25.000000
470 0.000000 0.000000 200.000000 25.316456
470 0.000000 0.000000 300.000000 25.423729
470 0.000000 0.000000 400.000000 25.641026
470 0.000000 0.000000 500.000000 25.906736
470 0.000000 0.000000 600.000000 26.086956
470 0.000000 0.000000 700.000000 26.119404
470 0.000000 0.000000 800.000000 25.889967
480 0.000000 0.000000 100.000000 25.000000
480 0.000000 0.000000 200.000000 25.316456
480 0.000000 0.000000 300.000000 25.423729
480 0.000000 0.000000 400.000000 25.641026
480 0.000000 0.000000 500.000000 26.041666
480 0.000000 0.000000 600.000000 26.086956
480 0.000000 0.000000 700.000000 26.119404
480 0.000000 0.000000 800.000000 25.806452
490 0.000000 0.000000 100.000000 25.000000
490 0.000000 0.000000 200.000000 25.316456
490 0.000000 0.000000 300.000000 25.423729
490 0.000000 0.000000 400.000000 25.806452
490 0.000000 0.000000 500.000000 26.041666
490 0.000000 0.000000 600.000000 26.200872
490 0.000000 0.000000 700.000000 26.022305
490 0.000000 0.000000 800.000000 25.723473
500 0.000000 0.000000 100.000000 25.000000
500 0.000000 0.000000 200.000000 25.000000
500 0.000000 0.000000 300.000000 25.423729
500 0.000000 0.000000 400.000000 25.806452
500 0.000000 0.000000 500.000000 26.041666
500 0.000000 0.000000 600.000000 26.200872
500 0.000000 0.000000 700.000000 25.925926
500 0.000000 0.000000 800.000000 25.559105
510 0.000000 0.000000 100.000000 25.000000
510 0.000000 0.000000 200.000000 25.000000
510 0.000000 0.000000 300.000000 25.423729
510 0.000000 0.000000 400.000000 25.974026
510 0.000000 0.000000 500.000000 26.178011
510 0.000000 0.000000 600.000000 26.086956
510 0.000000 0.000000 700.000000 25.830257
510 0.000000 0.000000 800.000000 25.396826
520 0.000000 0.000000 100.000000 24.390244
520 0.000000 0.000000 200.000000 25.000000
520 0.000000 0.000000 300.000000 25.641026
520 0.000000 0.000000 400.000000 25.974026
520 0.000000 0.000000 500.000000 26.178011
520 0.000000 0.000000 600.000000 26.086956
520 0.000000 0.000000 700.000000 25.735294
520 0.000000 0.000000 800.000000 25.236593
530 0.000000 0.000000 100.000000 24.390244
530 0.000000 0.000000 200.000000 25.000000
530 0.000000 0.000000 300.000000 25.641026
530 0.000000 0.000000 400.000000 25.974026
530 0.000000 0.000000 500.000000 26.178011
530 0.000000 0.000000 600.000000 26.086956
530 0.000000 0.000000 700.000000 25.641026
530 0.000000 0.000000 800.000000 25.078369
540 0.000000 0.000000 100.000000 24.390244
540 0.000000 0.000000 200.000000 25.316456
540 0.000000 0.000000 300.000000 25.862068
540 0.000000 0.000000 400.000000 26.143791
540 0.000000 0.000000 500.000000 26.178011
540 0.000000 0.000000 600.000000 25.974026
540 0.000000 0.000000 700.000000 25.454546
540 0.000000 0.000000 800.000000 24.844721
550 0.000000 0.000000 100.000000 24.390244
550 0.000000 0.000000 200.000000 25.316456
550 0.000000 0.000000 300.000000 26.086956
550 0.000000 0.000000 400.000000 26.315790
550 0.000000 0.000000 500.000000 26.178011
550 0.000000 0.000000 600.000000 25.862068
550 0.000000 0.000000 700.000000 25.362318
550 0.000000 0.000000 800.000000 24.464832
560 0.000000 0.000000 100.000000 24.390244
560 0.000000 0.000000 200.000000 25.641026
560 0.000000 0.000000 300.000000 26.086956
560 0.000000 0.000000 400.000000 26.315790
560 0.000000 0.000000 500.000000 26.178011
560 0.000000 0.000000 600.000000 25.751074
560 0.000000 0.000000 700.000000 25.179855
560 0.000000 0.000000 800.000000 24.024025
570 0.000000 0.000000 100.000000 25.000000
570 0.000000 0.000000 200.000000 25.974026
570 0.000000 0.000000 300.000000 26.315790
570 0.000000 0.000000 400.000000 26.315790
570 0.000000 0.000000 500.000000 26.178011
570 0.000000 0.000000 600.000000 25.641026
570 0.000000 0.000000 700.000000 25.000000
570 0.000000 0.000000 800.000000 23.598820
580 0.000000 0.000000 100.000000 25.000000
580 0.000000 0.000000 200.000000 25.974026
580 0.000000 0.000000 300.000000 26.315790
580 0.000000 0.000000 400.000000 26.490067
580 0.000000 0.000000 500.000000 26.041666
580 0.000000 0.000000 600.000000 25.531916
580 0.000000 0.000000 700.000000 24.734982
580 0.000000 0.000000 800.000000 23.054754
590 0.000000 0.000000 100.000000 25.641026
590 0.000000 0.000000 200.000000 26.315790
590 0.000000 0.000000 300.000000 26.548672
590 0.000000 0.000000 400.000000 26.315790
590 0.000000 0.000000 500.000000 26.041666
590 0.000000 0.000000 600.000000 25.316456
590 0.000000 0.000000 700.000000 24.305555
590 0.000000 0.000000 800.000000 22.662889
600 0.000000 0.000000 100.000000 25.641026
600 0.000000 0.000000 200.000000 26.315790
600 0.000000 0.000000 300.000000 26.548672
600 0.000000 0.000000 400.000000 26.315790
600 0.000000 0.000000 500.000000 25.773195
600 0.000000 0.000000 600.000000 25.104603
600 0.000000 0.000000 700.000000 23.809525
600 0.000000 0.000000 800.000000 22.222221
610 0.000000 0.000000 100.000000 25.641026
610 0.000000 0.000000 200.000000 26.666666
610 0.000000 0.000000 300.000000 26.548672
610 0.000000 0.000000 400.000000 26.143791
610 0.000000 0.000000 500.000000 25.641026
610 0.000000 0.000000 600.000000 24.793388
610 0.000000 0.000000 700.000000 23.178808
610 0.000000 0.000000 800.000000 21.798365
620 0.000000 0.000000 100.000000 26.315790
620 0.000000 0.000000 200.000000 26.666666
620 0.000000 0.000000 300.000000 26.548672
620 0.000000 0.000000 400.000000 25.974026
620 0.000000 0.000000 500.000000 25.380711
620 0.000000 0.000000 600.000000 24.390244
620 0.000000 0.000000 700.000000 22.653721
620 0.000000 0.000000 800.000000 21.505377
630 0.000000 0.000000 100.000000 26.315790
630 0.000000 0.000000 200.000000 26.666666
630 0.000000 0.000000 300.000000 26.315790
630 0.000000 0.000000 400.000000 25.806452
630 0.000000 0.000000 500.000000 25.000000
630 0.000000 0.000000 600.000000 23.904383
630 0.000000 0.000000 700.000000 22.082020
630 0.000000 0.000000 800.000000 21.164021
640 0.000000 0.000000 100.000000 26.315790
640 0.000000 0.000000 200.000000 26.666666
640 0.000000 0.000000 300.000000 26.086956
640 0.000000 0.000000 400.000000 25.477707
640 0.000000 0.000000 500.000000 24.752476
640 0.000000 0.000000 600.000000 23.166023
640 0.000000 0.000000 700.000000 21.538462
640 0.000000 0.000000 800.000000 20.725389
650 0.000000 0.000000 100.000000 26.315790
650 0.000000 0.000000 200.000000 26.315790
650 0.000000 0.000000 300.000000 25.862068
650 0.000000 0.000000 400.000000 25.157232
650 0.000000 0.000000 500.000000 24.271845
650 0.000000 0.000000 600.000000 22.471910
650 0.000000 0.000000 700.000000 21.084337
650 0.000000 0.000000 800.000000 20.304569
660 0.000000 0.000000 100.000000 26.315790
660 0.000000 0.000000 200.000000 25.974026
660 0.000000 0.000000 300.000000 25.641026
660 0.000000 0.000000 400.000000 24.844721
660 0.000000 0.000000 500.000000 23.809525
660 0.000000 0.000000 600.000000 21.818182
660 0.000000 0.000000 700.000000 20.771513
660 0.000000 0.000000 800.000000 19.851116
670 0.000000 0.000000 100.000000 25.641026
670 0.000000 0.000000 200.000000 25.974026
670 0.000000 0.000000 300.000000 25.210085
670 0.000000 0.000000 400.000000 24.390244
670 0.000000 0.000000 500.000000 23.041475
670 0.000000 0.000000 600.000000 21.201414
670 0.000000 0.000000 700.000000 20.348837
670 0.000000 0.000000 800.000000 19.417477
680 0.000000 0.000000 100.000000 25.641026
680 0.000000 0.000000 200.000000 25.641026
680 0.000000 0.000000 300.000000 24.793388
680 0.000000 0.000000 400.000000 23.952095
680 0.000000 0.000000 500.000000 22.222221
680 0.000000 0.000000 600.000000 20.689655
680 0.000000 0.000000 700.000000 19.886364
680 0.000000 0.000000 800.000000 19.093079
690 0.000000 0.000000 100.000000 25.641026
690 0.000000 0.000000 200.000000 25.316456
690 0.000000 0.000000 300.000000 24.390244
690 0.000000 0.000000 400.000000 23.529411
690 0.000000 0.000000 500.000000 21.459227
690 0.000000 0.000000 600.000000 20.202021
690 0.000000 0.000000 700.000000 19.444445
700 0.000000 0.000000 100.000000 25.000000
700 0.000000 0.000000 200.000000 24.691359
700 0.000000 0.000000 300.000000 24.000000
700 0.000000 0.000000 400.000000 22.857143
700 0.000000 0.000000 500.000000 20.833334
700 0.000000 0.000000 600.000000 19.867550
700 0.000000 0.000000 700.000000 18.970190
710 0.000000 0.000000 100.000000 25.000000
710 0.000000 0.000000 200.000000 24.390244
710 0.000000 0.000000 300.000000 23.622047
710 0.000000 0.000000 400.000000 21.978022
710 0.000000 0.000000 500.000000 20.161291
710 0.000000 0.000000 600.000000 19.417477
710 0.000000 0.000000 700.000000 18.567638
720 0.000000 0.000000 100.000000 24.390244
720 0.000000 0.000000 200.000000 23.809525
720 0.000000 0.000000 300.000000 23.076923
720 0.000000 0.000000 400.000000 21.164021
720 0.000000 0.000000 500.000000 19.607843
720 0.000000 0.000000 600.000000 18.987341
730 0.000000 0.000000 100.000000 23.809525
730 0.000000 0.000000 200.000000 23.529411
730 0.000000 0.000000 300.000000 22.556391
730 0.000000 0.000000 400.000000 20.304569
730 0.000000 0.000000 500.000000 19.230770
730 0.000000 0.000000 600.000000 18.518518
740 0.000000 0.000000 100.000000 23.809525
740 0.000000 0.000000 200.000000 22.988506
740 0.000000 0.000000 300.000000 21.739130
740 0.000000 0.000000 400.000000 19.704433
740 0.000000 0.000000 500.000000 18.867924
740 0.000000 0.000000 600.000000 18.072289
750 0.000000 0.000000 100.000000 23.255814
750 0.000000 0.000000 200.000000 22.471910
750 0.000000 0.000000 300.000000 20.833334
750 0.000000 0.000000 400.000000 19.047619
750 0.000000 0.000000 500.000000 18.518518
750 0.000000 0.000000 600.000000 17.751480
760 0.000000 0.000000 100.000000 22.727272
760 0.000000 0.000000 200.000000 21.978022
760 0.000000 0.000000 300.000000 20.000000
760 0.000000 0.000000 400.000000 18.604650
760 0.000000 0.000000 500.000000 18.050541
770 0.000000 0.000000 100.000000 22.222221
770 0.000000 0.000000 200.000000 21.505377
770 0.000000 0.000000 300.000000 19.230770
770 0.000000 0.000000 400.000000 18.181818
770 0.000000 0.000000 500.000000 17.605635
780 0.000000 0.000000 100.000000 21.739130
780 0.000000 0.000000 200.000000 20.833334
780 0.000000 0.000000 300.000000 18.518518
780 0.000000 0.000000 400.000000 17.857143
780 0.000000 0.000000 500.000000 17.241379
790 0.000000 0.000000 100.000000 21.276596
790 0.000000 0.000000 200.000000 19.801981
790 0.000000 0.000000 300.000000 17.964071
790 0.000000 0.000000 400.000000 17.543859
790 0.000000 0.000000 500.000000 16.891891
800 0.000000 0.000000 100.000000 20.833334
800 0.000000 0.000000 200.000000 18.867924
800 0.000000 0.000000 300.000000 17.441860
800 0.000000 0.000000 400.000000 17.167381
800 0.000000 0.000000 500.000000 16.666666
810 0.000000 0.000000 100.000000 20.408163
810 0.000000 0.000000 200.000000 18.018019
810 0.000000 0.000000 300.000000 17.142857
810 0.000000 0.000000 400.000000 16.806723
820 0.000000 0.000000 100.000000 19.607843
820 0.000000 0.000000 200.000000 17.241379
820 0.000000 0.000000 300.000000 16.853933
820 0.000000 0.000000 400.000000 16.393442
830 0.000000 0.000000 100.000000 18.518518
830 0.000000 0.000000 200.000000 16.666666
830 0.000000 0.000000 300.000000 16.574585
830 0.000000 0.000000 400.000000 16.129032
840 0.000000 0.000000 100.000000 17.241379
840 0.000000 0.000000 200.000000 16.129032
840 0.000000 0.000000 300.000000 16.304348
840 0.000000 0.000000 400.000000 15.873015
850 0.000000 0.000000 100.000000 16.393442
850 0.000000 0.000000 200.000000 15.873015
850 0.000000 0.000000 300.000000 15.957447
860 0.000000 0.000000 100.000000 15.625000
860 0.000000 0.000000 200.000000 15.625000
860 0.000000 0.000000 300.000000 15.625000
870 0.000000 0.000000 100.000000 14.925373
870 0.000000 0.000000 200.000000 15.503876
870 0.000000 0.000000 300.000000 15.384615
880 0.000000 0.000000 100.000000 14.705882
880 0.000000 0.000000 200.000000 15.503876
880 0.000000 0.000000 300.000000 15.306123
890 0.000000 0.000000 100.000000 14.705882
890 0.000000 0.000000 200.000000 15.625000
890 0.000000 0.000000 300.000000 15.306123
900 0.000000 0.000000 100.000000 14.925373
900 0.000000 0.000000 200.000000 15.625000
900 0.000000 0.000000 300.000000 15.306123
910 0.000000 0.000000 100.000000 14.925373
910 0.000000 0.000000 200.000000 15.503876
920 0.000000 0.000000 100.000000 15.384615
920 0.000000 0.000000 200.000000 15.503876
930 0.000000 0.000000 100.000000 15.625000
930 0.000000 0.000000 200.000000 15.503876
940 0.000000 0.000000 100.000000 15.873015
940 0.000000 0.000000 200.000000 15.384615
950 0.000000 0.000000 100.000000 16.129032
950 0.000000 0.000000 200.000000 15.384615
960 0.000000 0.000000 100.000000 16.129032
960 0.000000 0.000000 200.000000 15.384615
970 0.000000 0.000000 100.000000 15.873015
970 0.000000 0.000000 200.000000 15.384615
980 0.000000 0.000000 100.000000 15.625000
990 0.000000 0.000000 100.000000 15.151515
1000 0.000000 0.000000 100.000000 14.705882
1010 0.000000 0.000000 100.000000 14.492754
1020 0.000000 0.000000 100.000000 14.492754
1030 0.000000 0.000000 100.000000 14.705882
