0 0.000000 0.000000 100.000000 9.090909
0 0.000000 0.000000 200.000000 7.633588
0 0.000000 0.000000 300.000000 7.159904
0 0.000000 0.000000 400.000000 6.896552
0 0.000000 0.000000 500.000000 7.278020
0 0.000000 0.000000 600.000000 7.272727
0 0.000000 0.000000 700.000000 7.186858
0 0.000000 0.000000 800.000000 7.305936
10 0.000000 0.000000 100.000000 8.849558
10 0.000000 0.000000 200.000000 7.722008
10 0.000000 0.000000 300.000000 7.075472
10 0.000000 0.000000 400.000000 6.932409
10 0.000000 0.000000 500.000000 7.320644
10 0.000000 0.000000 600.000000 7.290401
10 0.000000 0.000000 700.000000 7.201646
10 0.000000 0.000000 800.000000 7.332722
20 0.000000 0.000000 100.000000 8.196721
20 0.000000 0.000000 200.000000 7.782101
20 0.000000 0.000000 300.000000 7.042253
20 0.000000 0.000000 400.000000 6.968641
20 0.000000 0.000000 500.000000 7.352941
20 0.000000 0.000000 600.000000 7.299270
20 0.000000 0.000000 700.000000 7.209063
20 0.000000 0.000000 800.000000 7.352941
30 0.000000 0.000000 100.000000 7.751938
30 0.000000 0.000000 200.000000 7.782101
30 0.000000 0.000000 300.000000 7.009346
30 0.000000 0.000000 400.000000 6.980803
30 0.000000 0.000000 500.000000 7.374631
30 0.000000 0.000000 600.000000 7.299270
30 0.000000 0.000000 700.000000 7.194244
30 0.000000 0.000000 800.000000 7.359705
40 0.000000 0.000000 100.000000 7.575758
40 0.000000 0.000000 200.000000 7.692307
40 0.000000 0.000000 300.000000 6.993007
40 0.000000 0.000000 400.000000 6.956522
40 0.000000 0.000000 500.000000 7.374631
40 0.000000 0.000000 600.000000 7.281553
40 0.000000 0.000000 700.000000 7.150153
40 0.000000 0.000000 800.000000 7.352941
50 0.000000 0.000000 100.000000 7.407407
50 0.000000 0.000000 200.000000 7.575758
50 0.000000 0.000000 300.000000 6.976744
50 0.000000 0.000000 400.000000 6.932409
50 0.000000 0.000000 500.000000 7.363770
50 0.000000 0.000000 600.000000 7.194244
50 0.000000 0.000000 700.000000 7.113821
50 0.000000 0.000000 800.000000 7.332722
60 0.000000 0.000000 100.000000 7.194244
60 0.000000 0.000000 200.000000 7.407407
60 0.000000 0.000000 300.000000 6.944445
60 0.000000 0.000000 400.000000 6.920415
60 0.000000 0.000000 500.000000 7.352941
60 0.000000 0.000000 600.000000 7.050529
60 0.000000 0.000000 700.000000 7.099391
60 0.000000 0.000000 800.000000 7.305936
70 0.000000 0.000000 100.000000 6.944445
70 0.000000 0.000000 200.000000 7.220217
70 0.000000 0.000000 300.000000 6.849315
70 0.000000 0.000000 400.000000 6.908463
70 0.000000 0.000000 500.000000 7.331378
70 0.000000 0.000000 600.000000 6.993007
70 0.000000 0.000000 700.000000 7.092198
70 0.000000 0.000000 800.000000 7.252946
80 0.000000 0.000000 100.000000 6.711410
80 0.000000 0.000000 200.000000 6.968641
80 0.000000 0.000000 300.000000 6.622517
80 0.000000 0.000000 400.000000 6.896552
80 0.000000 0.000000 500.000000 7.278020
80 0.000000 0.000000 600.000000 6.960557
80 0.000000 0.000000 700.000000 7.092198
80 0.000000 0.000000 800.000000 7.111111
90 0.000000 0.000000 100.000000 6.535948
90 0.000000 0.000000 200.000000 6.711410
90 0.000000 0.000000 300.000000 6.396588
90 0.000000 0.000000 400.000000 6.884682
90 0.000000 0.000000 500.000000 7.173601
90 0.000000 0.000000 600.000000 6.936416
90 0.000000 0.000000 700.000000 7.085020
90 0.000000 0.000000 800.000000 7.048458
100 0.000000 0.000000 100.000000 6.451613
100 0.000000 0.000000 200.000000 6.578948
100 0.000000 0.000000 300.000000 6.342494
100 0.000000 0.000000 400.000000 6.884682
100 0.000000 0.000000 500.000000 7.002801
100 0.000000 0.000000 600.000000 6.928406
100 0.000000 0.000000 700.000000 7.085020
100 0.000000 0.000000 800.000000 7.023705
110 0.000000 0.000000 100.000000 6.535948
110 0.000000 0.000000 200.000000 6.451613
110 0.000000 0.000000 300.000000 6.369427
110 0.000000 0.000000 400.000000 6.920415
110 0.000000 0.000000 500.000000 6.983240
110 0.000000 0.000000 600.000000 6.936416
110 0.000000 0.000000 700.000000 7.099391
110 0.000000 0.000000 800.000000 7.029877
120 0.000000 0.000000 100.000000 6.756757
120 0.000000 0.000000 200.000000 6.410256
120 0.000000 0.000000 300.000000 6.437768
120 0.000000 0.000000 400.000000 6.993007
120 0.000000 0.000000 500.000000 7.022472
120 0.000000 0.000000 600.000000 6.968641
120 0.000000 0.000000 700.000000 7.135576
120 0.000000 0.000000 800.000000 7.060900
130 0.000000 0.000000 100.000000 6.993007
130 0.000000 0.000000 200.000000 6.451613
130 0.000000 0.000000 300.000000 6.521739
130 0.000000 0.000000 400.000000 7.067138
130 0.000000 0.000000 500.000000 7.072136
130 0.000000 0.000000 600.000000 7.009346
130 0.000000 0.000000 700.000000 7.179487
130 0.000000 0.000000 800.000000 7.098492
140 0.000000 0.000000 100.000000 7.299270
140 0.000000 0.000000 200.000000 6.535948
140 0.000000 0.000000 300.000000 6.607930
140 0.000000 0.000000 400.000000 7.142857
140 0.000000 0.000000 500.000000 7.122507
140 0.000000 0.000000 600.000000 7.050529
140 0.000000 0.000000 700.000000 7.231405
140 0.000000 0.000000 800.000000 7.130125
150 0.000000 0.000000 100.000000 7.575758
150 0.000000 0.000000 200.000000 6.622517
150 0.000000 0.000000 300.000000 6.681514
150 0.000000 0.000000 400.000000 7.220217
150 0.000000 0.000000 500.000000 7.173601
150 0.000000 0.000000 600.000000 7.083825
150 0.000000 0.000000 700.000000 7.268951
150 0.000000 0.000000 800.000000 7.162041
160 0.000000 0.000000 100.000000 7.751938
160 0.000000 0.000000 200.000000 6.666667
160 0.000000 0.000000 300.000000 6.741573
160 0.000000 0.000000 400.000000 7.272727
160 0.000000 0.000000 500.000000 7.204611
160 0.000000 0.000000 600.000000 7.092198
160 0.000000 0.000000 700.000000 7.299270
160 0.000000 0.000000 800.000000 7.174888
170 0.000000 0.000000 100.000000 7.751938
170 0.000000 0.000000 200.000000 6.711410
170 0.000000 0.000000 300.000000 6.756757
170 0.000000 0.000000 400.000000 7.312614
170 0.000000 0.000000 500.000000 7.215007
170 0.000000 0.000000 600.000000 7.083825
170 0.000000 0.000000 700.000000 7.314525
170 0.000000 0.000000 800.000000 7.162041
180 0.000000 0.000000 100.000000 7.692307
180 0.000000 0.000000 200.000000 6.734007
180 0.000000 0.000000 300.000000 6.772009
180 0.000000 0.000000 400.000000 7.326007
180 0.000000 0.000000 500.000000 7.173601
180 0.000000 0.000000 600.000000 7.058824
180 0.000000 0.000000 700.000000 7.314525
180 0.000000 0.000000 800.000000 7.117438
190 0.000000 0.000000 100.000000 7.575758
190 0.000000 0.000000 200.000000 6.756757
190 0.000000 0.000000 300.000000 6.787330
190 0.000000 0.000000 400.000000 7.352941
190 0.000000 0.000000 500.000000 7.072136
190 0.000000 0.000000 600.000000 7.058824
190 0.000000 0.000000 700.000000 7.306890
190 0.000000 0.000000 800.000000 7.085917
200 0.000000 0.000000 100.000000 7.518797
200 0.000000 0.000000 200.000000 6.779661
200 0.000000 0.000000 300.000000 6.818182
200 0.000000 0.000000 400.000000 7.366483
200 0.000000 0.000000 500.000000 6.993007
200 0.000000 0.000000 600.000000 7.075472
200 0.000000 0.000000 700.000000 7.306890
200 0.000000 0.000000 800.000000 7.079646
210 0.000000 0.000000 100.000000 7.407407
210 0.000000 0.000000 200.000000 6.779661
210 0.000000 0.000000 300.000000 6.864988
210 0.000000 0.000000 400.000000 7.393715
210 0.000000 0.000000 500.000000 6.983240
210 0.000000 0.000000 600.000000 7.100592
210 0.000000 0.000000 700.000000 7.291667
210 0.000000 0.000000 800.000000 7.092198
220 0.000000 0.000000 100.000000 7.352941
220 0.000000 0.000000 200.000000 6.688963
220 0.000000 0.000000 300.000000 6.912442
220 0.000000 0.000000 400.000000 7.421150
220 0.000000 0.000000 500.000000 6.993007
220 0.000000 0.000000 600.000000 7.125891
220 0.000000 0.000000 700.000000 7.231405
220 0.000000 0.000000 800.000000 7.104796
230 0.000000 0.000000 100.000000 7.142857
230 0.000000 0.000000 200.000000 6.514658
230 0.000000 0.000000 300.000000 6.944445
230 0.000000 0.000000 400.000000 7.407407
230 0.000000 0.000000 500.000000 7.002801
230 0.000000 0.000000 600.000000 7.151371
230 0.000000 0.000000 700.000000 7.150153
230 0.000000 0.000000 800.000000 7.123775
240 0.000000 0.000000 100.000000 6.896552
240 0.000000 0.000000 200.000000 6.329114
240 0.000000 0.000000 300.000000 6.976744
240 0.000000 0.000000 400.000000 7.352941
240 0.000000 0.000000 500.000000 7.012623
240 0.000000 0.000000 600.000000 7.168459
240 0.000000 0.000000 700.000000 7.121058
240 0.000000 0.000000 800.000000 7.136485
250 0.000000 0.000000 100.000000 6.711410
250 0.000000 0.000000 200.000000 6.269592
250 0.000000 0.000000 300.000000 7.009346
250 0.000000 0.000000 400.000000 7.194244
250 0.000000 0.000000 500.000000 7.012623
250 0.000000 0.000000 600.000000 7.185629
250 0.000000 0.000000 700.000000 7.106599
250 0.000000 0.000000 800.000000 7.142857
260 0.000000 0.000000 100.000000 6.369427
260 0.000000 0.000000 200.000000 6.269592
260 0.000000 0.000000 300.000000 7.042253
260 0.000000 0.000000 400.000000 7.092198
260 0.000000 0.000000 500.000000 7.012623
260 0.000000 0.000000 600.000000 7.194244
260 0.000000 0.000000 700.000000 7.099391
260 0.000000 0.000000 800.000000 7.149240
270 0.000000 0.000000 100.000000 5.952381
270 0.000000 0.000000 200.000000 6.269592
270 0.000000 0.000000 300.000000 7.058824
270 0.000000 0.000000 400.000000 7.067138
270 0.000000 0.000000 500.000000 6.993007
270 0.000000 0.000000 600.000000 7.202881
270 0.000000 0.000000 700.000000 7.099391
270 0.000000 0.000000 800.000000 7.155635
280 0.000000 0.000000 100.000000 5.813953
280 0.000000 0.000000 200.000000 6.289308
280 0.000000 0.000000 300.000000 7.075472
280 0.000000 0.000000 400.000000 7.067138
280 0.000000 0.000000 500.000000 6.983240
280 0.000000 0.000000 600.000000 7.211538
280 0.000000 0.000000 700.000000 7.099391
280 0.000000 0.000000 800.000000 7.168459
290 0.000000 0.000000 100.000000 5.813953
290 0.000000 0.000000 200.000000 6.309148
290 0.000000 0.000000 300.000000 7.109005
290 0.000000 0.000000 400.000000 7.067138
290 0.000000 0.000000 500.000000 6.963789
290 0.000000 0.000000 600.000000 7.220217
290 0.000000 0.000000 700.000000 7.092198
290 0.000000 0.000000 800.000000 7.181329
300 0.000000 0.000000 100.000000 5.882353
300 0.000000 0.000000 200.000000 6.329114
300 0.000000 0.000000 300.000000 7.159904
300 0.000000 0.000000 400.000000 7.067138
300 0.000000 0.000000 500.000000 6.944445
300 0.000000 0.000000 600.000000 7.237636
300 0.000000 0.000000 700.000000 7.063572
300 0.000000 0.000000 800.000000 7.200720
310 0.000000 0.000000 100.000000 5.952381
310 0.000000 0.000000 200.000000 6.369427
310 0.000000 0.000000 300.000000 7.194244
310 0.000000 0.000000 400.000000 7.017544
310 0.000000 0.000000 500.000000 6.934813
310 0.000000 0.000000 600.000000 7.246377
310 0.000000 0.000000 700.000000 7.028112
310 0.000000 0.000000 800.000000 7.220217
320 0.000000 0.000000 100.000000 6.024096
320 0.000000 0.000000 200.000000 6.410256
320 0.000000 0.000000 300.000000 7.246377
320 0.000000 0.000000 400.000000 6.932409
320 0.000000 0.000000 500.000000 6.944445
320 0.000000 0.000000 600.000000 7.255139
320 0.000000 0.000000 700.000000 7.007007
320 0.000000 0.000000 800.000000 7.246377
330 0.000000 0.000000 100.000000 6.097561
330 0.000000 0.000000 200.000000 6.472492
330 0.000000 0.000000 300.000000 7.299270
330 0.000000 0.000000 400.000000 6.861063
330 0.000000 0.000000 500.000000 6.973501
330 0.000000 0.000000 600.000000 7.263923
330 0.000000 0.000000 700.000000 7.007007
330 0.000000 0.000000 800.000000 7.266122
340 0.000000 0.000000 100.000000 6.172840
340 0.000000 0.000000 200.000000 6.535948
340 0.000000 0.000000 300.000000 7.352941
340 0.000000 0.000000 400.000000 6.849315
340 0.000000 0.000000 500.000000 7.012623
340 0.000000 0.000000 600.000000 7.263923
340 0.000000 0.000000 700.000000 7.028112
340 0.000000 0.000000 800.000000 7.292616
350 0.000000 0.000000 100.000000 6.134969
350 0.000000 0.000000 200.000000 6.622517
350 0.000000 0.000000 300.000000 7.389163
350 0.000000 0.000000 400.000000 6.872852
350 0.000000 0.000000 500.000000 7.052186
350 0.000000 0.000000 600.000000 7.228916
350 0.000000 0.000000 700.000000 7.049345
350 0.000000 0.000000 800.000000 7.326007
360 0.000000 0.000000 100.000000 6.024096
360 0.000000 0.000000 200.000000 6.734007
360 0.000000 0.000000 300.000000 7.444169
360 0.000000 0.000000 400.000000 6.920415
360 0.000000 0.000000 500.000000 7.092198
360 0.000000 0.000000 600.000000 7.168459
360 0.000000 0.000000 700.000000 7.077857
360 0.000000 0.000000 800.000000 7.359705
370 0.000000 0.000000 100.000000 5.917160
370 0.000000 0.000000 200.000000 6.825939
370 0.000000 0.000000 300.000000 7.481297
370 0.000000 0.000000 400.000000 6.956522
370 0.000000 0.000000 500.000000 7.142857
370 0.000000 0.000000 600.000000 7.142857
370 0.000000 0.000000 700.000000 7.113821
370 0.000000 0.000000 800.000000 7.400555
380 0.000000 0.000000 100.000000 5.813953
380 0.000000 0.000000 200.000000 6.944445
380 0.000000 0.000000 300.000000 7.500000
380 0.000000 0.000000 400.000000 7.005254
380 0.000000 0.000000 500.000000 7.194244
380 0.000000 0.000000 600.000000 7.142857
380 0.000000 0.000000 700.000000 7.150153
380 0.000000 0.000000 800.000000 7.434944
390 0.000000 0.000000 100.000000 5.813953
390 0.000000 0.000000 200.000000 7.067138
390 0.000000 0.000000 300.000000 7.444169
390 0.000000 0.000000 400.000000 7.054674
390 0.000000 0.000000 500.000000 7.235890
390 0.000000 0.000000 600.000000 7.159904
390 0.000000 0.000000 700.000000 7.179487
390 0.000000 0.000000 800.000000 7.476635
400 0.000000 0.000000 100.000000 5.847953
400 0.000000 0.000000 200.000000 7.168459
400 0.000000 0.000000 300.000000 7.317073
400 0.000000 0.000000 400.000000 7.092198
400 0.000000 0.000000 500.000000 7.278020
400 0.000000 0.000000 600.000000 7.168459
400 0.000000 0.000000 700.000000 7.209063
400 0.000000 0.000000 800.000000 7.511737
410 0.000000 0.000000 100.000000 5.988024
410 0.000000 0.000000 200.000000 7.299270
410 0.000000 0.000000 300.000000 7.317073
410 0.000000 0.000000 400.000000 7.142857
410 0.000000 0.000000 500.000000 7.331378
410 0.000000 0.000000 600.000000 7.202881
410 0.000000 0.000000 700.000000 7.246377
410 0.000000 0.000000 800.000000 7.547170
420 0.000000 0.000000 100.000000 6.211180
420 0.000000 0.000000 200.000000 7.462687
420 0.000000 0.000000 300.000000 7.371007
420 0.000000 0.000000 400.000000 7.194244
420 0.000000 0.000000 500.000000 7.396450
420 0.000000 0.000000 600.000000 7.246377
420 0.000000 0.000000 700.000000 7.284079
420 0.000000 0.000000 800.000000 7.597341
430 0.000000 0.000000 100.000000 6.410256
430 0.000000 0.000000 200.000000 7.633588
430 0.000000 0.000000 300.000000 7.462687
430 0.000000 0.000000 400.000000 7.259528
430 0.000000 0.000000 500.000000 7.462687
430 0.000000 0.000000 600.000000 7.290401
430 0.000000 0.000000 700.000000 7.329843
430 0.000000 0.000000 800.000000 7.648183
440 0.000000 0.000000 100.000000 6.622517
440 0.000000 0.000000 200.000000 7.782101
440 0.000000 0.000000 300.000000 7.537688
440 0.000000 0.000000 400.000000 7.312614
440 0.000000 0.000000 500.000000 7.518797
440 0.000000 0.000000 600.000000 7.334963
440 0.000000 0.000000 700.000000 7.376185
440 0.000000 0.000000 800.000000 7.684918
450 0.000000 0.000000 100.000000 6.756757
450 0.000000 0.000000 200.000000 7.905138
450 0.000000 0.000000 300.000000 7.575758
450 0.000000 0.000000 400.000000 7.326007
450 0.000000 0.000000 500.000000 7.552870
450 0.000000 0.000000 600.000000 7.352941
450 0.000000 0.000000 700.000000 7.399577
450 0.000000 0.000000 800.000000 7.714561
460 0.000000 0.000000 100.000000 6.802721
460 0.000000 0.000000 200.000000 7.936508
460 0.000000 0.000000 300.000000 7.575758
460 0.000000 0.000000 400.000000 7.299270
460 0.000000 0.000000 500.000000 7.564297
460 0.000000 0.000000 600.000000 7.343941
460 0.000000 0.000000 700.000000 7.415254
460 0.000000 0.000000 800.000000 7.722008
470 0.000000 0.000000 100.000000 6.802721
470 0.000000 0.000000 200.000000 7.968128
470 0.000000 0.000000 300.000000 7.537688
470 0.000000 0.000000 400.000000 7.233273
470 0.000000 0.000000 500.000000 7.564297
470 0.000000 0.000000 600.000000 7.290401
470 0.000000 0.000000 700.000000 7.430998
470 0.000000 0.000000 800.000000 7.707129
480 0.000000 0.000000 100.000000 6.756757
480 0.000000 0.000000 200.000000 8.000000
480 0.000000 0.000000 300.000000 7.371007
480 0.000000 0.000000 400.000000 7.207207
480 0.000000 0.000000 500.000000 7.552870
480 0.000000 0.000000 600.000000 7.211538
480 0.000000 0.000000 700.000000 7.438895
480 0.000000 0.000000 800.000000 7.677543
490 0.000000 0.000000 100.000000 6.802721
490 0.000000 0.000000 200.000000 8.032128
490 0.000000 0.000000 300.000000 7.159904
490 0.000000 0.000000 400.000000 7.207207
490 0.000000 0.000000 500.000000 7.530120
490 0.000000 0.000000 600.000000 7.177033
490 0.000000 0.000000 700.000000 7.454739
490 0.000000 0.000000 800.000000 7.504691
500 0.000000 0.000000 100.000000 6.896552
500 0.000000 0.000000 200.000000 8.064516
500 0.000000 0.000000 300.000000 7.092198
500 0.000000 0.000000 400.000000 7.233273
500 0.000000 0.000000 500.000000 7.518797
500 0.000000 0.000000 600.000000 7.177033
500 0.000000 0.000000 700.000000 7.478632
500 0.000000 0.000000 800.000000 7.469655
510 0.000000 0.000000 100.000000 7.092198
510 0.000000 0.000000 200.000000 8.163265
510 0.000000 0.000000 300.000000 7.125891
510 0.000000 0.000000 400.000000 7.299270
510 0.000000 0.000000 500.000000 7.485030
510 0.000000 0.000000 600.000000 7.211538
510 0.000000 0.000000 700.000000 7.518797
510 0.000000 0.000000 800.000000 7.483630
520 0.000000 0.000000 100.000000 7.407407
520 0.000000 0.000000 200.000000 8.298756
520 0.000000 0.000000 300.000000 7.211538
520 0.000000 0.000000 400.000000 7.366483
520 0.000000 0.000000 500.000000 7.440476
520 0.000000 0.000000 600.000000 7.255139
520 0.000000 0.000000 700.000000 7.567567
520 0.000000 0.000000 800.000000 7.518797
530 0.000000 0.000000 100.000000 7.692307
530 0.000000 0.000000 200.000000 8.438819
530 0.000000 0.000000 300.000000 7.299270
530 0.000000 0.000000 400.000000 7.448790
530 0.000000 0.000000 500.000000 7.418397
530 0.000000 0.000000 600.000000 7.308161
530 0.000000 0.000000 700.000000 7.616975
530 0.000000 0.000000 800.000000 7.561437
540 0.000000 0.000000 100.000000 8.130081
540 0.000000 0.000000 200.000000 8.620689
540 0.000000 0.000000 300.000000 7.389163
540 0.000000 0.000000 400.000000 7.532957
540 0.000000 0.000000 500.000000 7.440476
540 0.000000 0.000000 600.000000 7.361963
540 0.000000 0.000000 700.000000 7.675438
540 0.000000 0.000000 800.000000 7.604563
550 0.000000 0.000000 100.000000 8.547009
550 0.000000 0.000000 200.000000 8.695652
550 0.000000 0.000000 300.000000 7.500000
550 0.000000 0.000000 400.000000 7.619048
550 0.000000 0.000000 500.000000 7.473842
550 0.000000 0.000000 600.000000 7.416564
550 0.000000 0.000000 700.000000 7.726269
550 0.000000 0.000000 800.000000 7.648183
560 0.000000 0.000000 100.000000 8.849558
560 0.000000 0.000000 200.000000 8.620689
560 0.000000 0.000000 300.000000 7.556675
560 0.000000 0.000000 400.000000 7.692307
560 0.000000 0.000000 500.000000 7.485030
560 0.000000 0.000000 600.000000 7.453416
560 0.000000 0.000000 700.000000 7.777778
560 0.000000 0.000000 800.000000 7.684918
570 0.000000 0.000000 100.000000 9.090909
570 0.000000 0.000000 200.000000 8.298756
570 0.000000 0.000000 300.000000 7.594937
570 0.000000 0.000000 400.000000 7.736944
570 0.000000 0.000000 500.000000 7.485030
570 0.000000 0.000000 600.000000 7.481297
570 0.000000 0.000000 700.000000 7.812500
570 0.000000 0.000000 800.000000 7.707129
580 0.000000 0.000000 100.000000 9.259259
580 0.000000 0.000000 200.000000 8.097166
580 0.000000 0.000000 300.000000 7.575758
580 0.000000 0.000000 400.000000 7.751938
580 0.000000 0.000000 500.000000 7.485030
580 0.000000 0.000000 600.000000 7.490637
580 0.000000 0.000000 700.000000 7.838746
580 0.000000 0.000000 800.000000 7.722008
590 0.000000 0.000000 100.000000 9.345795
590 0.000000 0.000000 200.000000 8.032128
590 0.000000 0.000000 300.000000 7.537688
590 0.000000 0.000000 400.000000 7.751938
590 0.000000 0.000000 500.000000 7.473842
590 0.000000 0.000000 600.000000 7.500000
590 0.000000 0.000000 700.000000 7.856341
590 0.000000 0.000000 800.000000 7.736944
600 0.000000 0.000000 100.000000 9.345795
600 0.000000 0.000000 200.000000 8.000000
600 0.000000 0.000000 300.000000 7.481297
600 0.000000 0.000000 400.000000 7.766990
600 0.000000 0.000000 500.000000 7.462687
600 0.000000 0.000000 600.000000 7.509387
600 0.000000 0.000000 700.000000 7.865169
600 0.000000 0.000000 800.000000 7.751938
610 0.000000 0.000000 100.000000 9.523809
610 0.000000 0.000000 200.000000 7.968128
610 0.000000 0.000000 300.000000 7.425743
610 0.000000 0.000000 400.000000 7.766990
610 0.000000 0.000000 500.000000 7.429420
610 0.000000 0.000000 600.000000 7.528231
610 0.000000 0.000000 700.000000 7.865169
610 0.000000 0.000000 800.000000 7.759457
620 0.000000 0.000000 100.000000 9.615385
620 0.000000 0.000000 200.000000 7.874016
620 0.000000 0.000000 300.000000 7.352941
620 0.000000 0.000000 400.000000 7.766990
620 0.000000 0.000000 500.000000 7.342144
620 0.000000 0.000000 600.000000 7.547170
620 0.000000 0.000000 700.000000 7.838746
620 0.000000 0.000000 800.000000 7.774539
630 0.000000 0.000000 100.000000 9.615385
630 0.000000 0.000000 200.000000 7.518797
630 0.000000 0.000000 300.000000 7.334963
630 0.000000 0.000000 400.000000 7.736944
630 0.000000 0.000000 500.000000 7.267442
630 0.000000 0.000000 600.000000 7.556675
630 0.000000 0.000000 700.000000 7.769145
630 0.000000 0.000000 800.000000 7.789679
640 0.000000 0.000000 100.000000 9.615385
640 0.000000 0.000000 200.000000 7.220217
640 0.000000 0.000000 300.000000 7.334963
640 0.000000 0.000000 400.000000 7.707129
640 0.000000 0.000000 500.000000 7.225433
640 0.000000 0.000000 600.000000 7.566204
640 0.000000 0.000000 700.000000 7.567567
640 0.000000 0.000000 800.000000 7.797271
650 0.000000 0.000000 100.000000 9.433962
650 0.000000 0.000000 200.000000 7.117438
650 0.000000 0.000000 300.000000 7.334963
650 0.000000 0.000000 400.000000 7.561437
650 0.000000 0.000000 500.000000 7.215007
650 0.000000 0.000000 600.000000 7.575758
650 0.000000 0.000000 700.000000 7.534984
650 0.000000 0.000000 800.000000 7.804878
660 0.000000 0.000000 100.000000 9.174312
660 0.000000 0.000000 200.000000 7.067138
660 0.000000 0.000000 300.000000 7.334963
660 0.000000 0.000000 400.000000 7.299270
660 0.000000 0.000000 500.000000 7.215007
660 0.000000 0.000000 600.000000 7.585335
660 0.000000 0.000000 700.000000 7.526882
660 0.000000 0.000000 800.000000 7.812500
670 0.000000 0.000000 100.000000 8.403361
670 0.000000 0.000000 200.000000 7.017544
670 0.000000 0.000000 300.000000 7.334963
670 0.000000 0.000000 400.000000 7.194244
670 0.000000 0.000000 500.000000 7.215007
670 0.000000 0.000000 600.000000 7.604563
670 0.000000 0.000000 700.000000 7.526882
670 0.000000 0.000000 800.000000 7.827789
680 0.000000 0.000000 100.000000 7.407407
680 0.000000 0.000000 200.000000 6.968641
680 0.000000 0.000000 300.000000 7.334963
680 0.000000 0.000000 400.000000 7.142857
680 0.000000 0.000000 500.000000 7.204611
680 0.000000 0.000000 600.000000 7.623888
680 0.000000 0.000000 700.000000 7.534984
680 0.000000 0.000000 800.000000 7.835455
690 0.000000 0.000000 100.000000 7.092198
690 0.000000 0.000000 200.000000 6.896552
690 0.000000 0.000000 300.000000 7.317073
690 0.000000 0.000000 400.000000 7.117438
690 0.000000 0.000000 500.000000 7.204611
690 0.000000 0.000000 600.000000 7.633588
690 0.000000 0.000000 700.000000 7.534984
690 0.000000 0.000000 800.000000 7.850834
700 0.000000 0.000000 100.000000 6.944445
700 0.000000 0.000000 200.000000 6.825939
700 0.000000 0.000000 300.000000 7.317073
700 0.000000 0.000000 400.000000 7.092198
700 0.000000 0.000000 500.000000 7.204611
700 0.000000 0.000000 600.000000 7.643312
700 0.000000 0.000000 700.000000 7.543103
700 0.000000 0.000000 800.000000 7.858546
710 0.000000 0.000000 100.000000 6.849315
710 0.000000 0.000000 200.000000 6.711410
710 0.000000 0.000000 300.000000 7.299270
710 0.000000 0.000000 400.000000 7.054674
710 0.000000 0.000000 500.000000 7.215007
710 0.000000 0.000000 600.000000 7.633588
710 0.000000 0.000000 700.000000 7.551240
710 0.000000 0.000000 800.000000 7.866273
720 0.000000 0.000000 100.000000 6.666667
720 0.000000 0.000000 200.000000 6.578948
720 0.000000 0.000000 300.000000 7.281553
720 0.000000 0.000000 400.000000 6.956522
720 0.000000 0.000000 500.000000 7.215007
720 0.000000 0.000000 600.000000 7.604563
720 0.000000 0.000000 700.000000 7.559395
720 0.000000 0.000000 800.000000 7.866273
730 0.000000 0.000000 100.000000 6.250000
730 0.000000 0.000000 200.000000 6.514658
730 0.000000 0.000000 300.000000 7.246377
730 0.000000 0.000000 400.000000 6.837607
730 0.000000 0.000000 500.000000 7.225433
730 0.000000 0.000000 600.000000 7.547170
730 0.000000 0.000000 700.000000 7.567567
730 0.000000 0.000000 800.000000 7.858546
740 0.000000 0.000000 100.000000 5.780347
740 0.000000 0.000000 200.000000 6.514658
740 0.000000 0.000000 300.000000 7.194244
740 0.000000 0.000000 400.000000 6.791172
740 0.000000 0.000000 500.000000 7.235890
740 0.000000 0.000000 600.000000 7.308161
740 0.000000 0.000000 700.000000 7.575758
740 0.000000 0.000000 800.000000 7.858546
750 0.000000 0.000000 100.000000 5.649717
750 0.000000 0.000000 200.000000 6.535948
750 0.000000 0.000000 300.000000 7.109005
750 0.000000 0.000000 400.000000 6.791172
750 0.000000 0.000000 500.000000 7.256894
750 0.000000 0.000000 600.000000 7.272727
750 0.000000 0.000000 700.000000 7.592191
750 0.000000 0.000000 800.000000 7.850834
760 0.000000 0.000000 100.000000 5.649717
760 0.000000 0.000000 200.000000 6.600660
760 0.000000 0.000000 300.000000 6.912442
760 0.000000 0.000000 400.000000 6.814310
760 0.000000 0.000000 500.000000 7.288630
760 0.000000 0.000000 600.000000 7.272727
760 0.000000 0.000000 700.000000 7.616975
760 0.000000 0.000000 800.000000 7.850834
770 0.000000 0.000000 100.000000 5.714286
770 0.000000 0.000000 200.000000 6.666667
770 0.000000 0.000000 300.000000 6.802721
770 0.000000 0.000000 400.000000 6.849315
770 0.000000 0.000000 500.000000 7.331378
770 0.000000 0.000000 600.000000 7.299270
770 0.000000 0.000000 700.000000 7.650273
770 0.000000 0.000000 800.000000 7.850834
780 0.000000 0.000000 100.000000 5.813953
780 0.000000 0.000000 200.000000 6.756757
780 0.000000 0.000000 300.000000 6.802721
780 0.000000 0.000000 400.000000 6.896552
780 0.000000 0.000000 500.000000 7.396450
780 0.000000 0.000000 600.000000 7.343941
780 0.000000 0.000000 700.000000 7.700770
780 0.000000 0.000000 800.000000 7.843137
790 0.000000 0.000000 100.000000 5.988024
790 0.000000 0.000000 200.000000 6.896552
790 0.000000 0.000000 300.000000 6.864988
790 0.000000 0.000000 400.000000 6.968641
790 0.000000 0.000000 500.000000 7.462687
790 0.000000 0.000000 600.000000 7.398274
790 0.000000 0.000000 700.000000 7.751938
790 0.000000 0.000000 800.000000 7.835455
800 0.000000 0.000000 100.000000 6.211180
800 0.000000 0.000000 200.000000 7.042253
800 0.000000 0.000000 300.000000 6.928406
800 0.000000 0.000000 400.000000 7.042253
800 0.000000 0.000000 500.000000 7.541478
800 0.000000 0.000000 600.000000 7.462687
800 0.000000 0.000000 700.000000 7.812500
800 0.000000 0.000000 800.000000 7.835455
810 0.000000 0.000000 100.000000 6.451613
810 0.000000 0.000000 200.000000 7.220217
810 0.000000 0.000000 300.000000 7.009346
810 0.000000 0.000000 400.000000 7.117438
810 0.000000 0.000000 500.000000 7.621951
810 0.000000 0.000000 600.000000 7.518797
810 0.000000 0.000000 700.000000 7.874016
810 0.000000 0.000000 800.000000 7.812500
820 0.000000 0.000000 100.000000 6.622517
820 0.000000 0.000000 200.000000 7.326007
820 0.000000 0.000000 300.000000 7.075472
820 0.000000 0.000000 400.000000 7.181329
820 0.000000 0.000000 500.000000 7.692307
820 0.000000 0.000000 600.000000 7.566204
820 0.000000 0.000000 700.000000 7.918552
820 0.000000 0.000000 800.000000 7.782101
830 0.000000 0.000000 100.000000 6.666667
830 0.000000 0.000000 200.000000 7.407407
830 0.000000 0.000000 300.000000 7.109005
830 0.000000 0.000000 400.000000 7.220217
830 0.000000 0.000000 500.000000 7.739938
830 0.000000 0.000000 600.000000 7.604563
830 0.000000 0.000000 700.000000 7.963595
830 0.000000 0.000000 800.000000 7.766990
840 0.000000 0.000000 100.000000 6.622517
840 0.000000 0.000000 200.000000 7.462687
840 0.000000 0.000000 300.000000 7.109005
840 0.000000 0.000000 400.000000 7.246377
840 0.000000 0.000000 500.000000 7.776050
840 0.000000 0.000000 600.000000 7.633588
840 0.000000 0.000000 700.000000 7.990868
840 0.000000 0.000000 800.000000 7.766990
850 0.000000 0.000000 100.000000 6.535948
850 0.000000 0.000000 200.000000 7.490637
850 0.000000 0.000000 300.000000 7.109005
850 0.000000 0.000000 400.000000 7.272727
850 0.000000 0.000000 500.000000 7.788162
850 0.000000 0.000000 600.000000 7.653061
850 0.000000 0.000000 700.000000 8.009153
850 0.000000 0.000000 800.000000 7.782101
860 0.000000 0.000000 100.000000 6.451613
860 0.000000 0.000000 200.000000 7.518797
860 0.000000 0.000000 300.000000 7.075472
860 0.000000 0.000000 400.000000 7.299270
860 0.000000 0.000000 500.000000 7.800312
860 0.000000 0.000000 600.000000 7.682458
860 0.000000 0.000000 700.000000 8.027523
860 0.000000 0.000000 800.000000 7.804878
870 0.000000 0.000000 100.000000 6.410256
870 0.000000 0.000000 200.000000 7.575758
870 0.000000 0.000000 300.000000 7.009346
870 0.000000 0.000000 400.000000 7.352941
870 0.000000 0.000000 500.000000 7.800312
870 0.000000 0.000000 600.000000 7.712082
870 0.000000 0.000000 700.000000 8.064516
870 0.000000 0.000000 800.000000 7.835455
880 0.000000 0.000000 100.000000 6.578948
880 0.000000 0.000000 200.000000 7.692307
880 0.000000 0.000000 300.000000 7.009346
880 0.000000 0.000000 400.000000 7.421150
880 0.000000 0.000000 500.000000 7.836991
880 0.000000 0.000000 600.000000 7.772021
880 0.000000 0.000000 700.000000 8.101851
880 0.000000 0.000000 800.000000 7.881773
890 0.000000 0.000000 100.000000 6.802721
890 0.000000 0.000000 200.000000 7.843137
890 0.000000 0.000000 300.000000 7.042253
890 0.000000 0.000000 400.000000 7.518797
890 0.000000 0.000000 500.000000 7.861635
890 0.000000 0.000000 600.000000 7.832898
890 0.000000 0.000000 700.000000 8.158508
890 0.000000 0.000000 800.000000 7.936508
900 0.000000 0.000000 100.000000 7.042253
900 0.000000 0.000000 200.000000 8.000000
900 0.000000 0.000000 300.000000 7.109005
900 0.000000 0.000000 400.000000 7.604563
900 0.000000 0.000000 500.000000 7.788162
900 0.000000 0.000000 600.000000 7.905138
900 0.000000 0.000000 700.000000 8.215962
900 0.000000 0.000000 800.000000 7.984032
910 0.000000 0.000000 100.000000 7.352941
910 0.000000 0.000000 200.000000 8.163265
910 0.000000 0.000000 300.000000 7.177033
910 0.000000 0.000000 400.000000 7.692307
910 0.000000 0.000000 500.000000 7.704160
910 0.000000 0.000000 600.000000 7.968128
910 0.000000 0.000000 700.000000 8.264462
910 0.000000 0.000000 800.000000 8.040201
920 0.000000 0.000000 100.000000 7.575758
920 0.000000 0.000000 200.000000 8.196721
920 0.000000 0.000000 300.000000 7.228916
920 0.000000 0.000000 400.000000 7.766990
920 0.000000 0.000000 500.000000 7.704160
920 0.000000 0.000000 600.000000 8.021390
920 0.000000 0.000000 700.000000 8.293839
920 0.000000 0.000000 800.000000 8.080808
930 0.000000 0.000000 100.000000 7.751938
930 0.000000 0.000000 200.000000 8.000000
930 0.000000 0.000000 300.000000 7.263923
930 0.000000 0.000000 400.000000 7.812500
930 0.000000 0.000000 500.000000 7.704160
930 0.000000 0.000000 600.000000 8.053691
930 0.000000 0.000000 700.000000 8.303678
930 0.000000 0.000000 800.000000 8.105370
940 0.000000 0.000000 100.000000 7.874016
940 0.000000 0.000000 200.000000 7.575758
940 0.000000 0.000000 300.000000 7.299270
940 0.000000 0.000000 400.000000 7.858546
940 0.000000 0.000000 500.000000 7.704160
940 0.000000 0.000000 600.000000 8.086253
940 0.000000 0.000000 700.000000 8.293839
940 0.000000 0.000000 800.000000 8.130081
950 0.000000 0.000000 100.000000 7.936508
950 0.000000 0.000000 200.000000 7.380074
950 0.000000 0.000000 300.000000 7.317073
950 0.000000 0.000000 400.000000 7.905138
950 0.000000 0.000000 500.000000 7.727975
950 0.000000 0.000000 600.000000 8.119080
950 0.000000 0.000000 700.000000 8.235294
950 0.000000 0.000000 800.000000 8.154943
960 0.000000 0.000000 100.000000 8.064516
960 0.000000 0.000000 200.000000 7.299270
960 0.000000 0.000000 300.000000 7.334963
960 0.000000 0.000000 400.000000 7.952286
960 0.000000 0.000000 500.000000 7.751938
960 0.000000 0.000000 600.000000 8.141112
960 0.000000 0.000000 700.000000 8.101851
960 0.000000 0.000000 800.000000 8.171603
970 0.000000 0.000000 100.000000 8.130081
970 0.000000 0.000000 200.000000 7.299270
970 0.000000 0.000000 300.000000 7.371007
970 0.000000 0.000000 400.000000 8.000000
970 0.000000 0.000000 500.000000 7.776050
970 0.000000 0.000000 600.000000 8.174387
970 0.000000 0.000000 700.000000 7.972665
970 0.000000 0.000000 800.000000 8.196721
980 0.000000 0.000000 100.000000 8.264462
980 0.000000 0.000000 200.000000 7.299270
980 0.000000 0.000000 300.000000 7.407407
980 0.000000 0.000000 400.000000 8.048289
980 0.000000 0.000000 500.000000 7.812500
980 0.000000 0.000000 600.000000 8.219178
980 0.000000 0.000000 700.000000 7.936508
980 0.000000 0.000000 800.000000 8.213552
990 0.000000 0.000000 100.000000 8.403361
990 0.000000 0.000000 200.000000 7.352941
990 0.000000 0.000000 300.000000 7.444169
990 0.000000 0.000000 400.000000 8.097166
990 0.000000 0.000000 500.000000 7.849294
990 0.000000 0.000000 600.000000 8.253095
990 0.000000 0.000000 700.000000 7.954545
990 0.000000 0.000000 800.000000 8.238929
1000 0.000000 0.000000 100.000000 8.620689
1000 0.000000 0.000000 200.000000 7.380074
1000 0.000000 0.000000 300.000000 7.518797
1000 0.000000 0.000000 400.000000 8.146640
1000 0.000000 0.000000 500.000000 7.898894
1000 0.000000 0.000000 600.000000 8.298756
1000 0.000000 0.000000 700.000000 7.981756
1000 0.000000 0.000000 800.000000 8.273009
1010 0.000000 0.000000 100.000000 8.849558
1010 0.000000 0.000000 200.000000 7.407407
1010 0.000000 0.000000 300.000000 7.594937
1010 0.000000 0.000000 400.000000 8.196721
1010 0.000000 0.000000 500.000000 7.949126
1010 0.000000 0.000000 600.000000 8.344924
1010 0.000000 0.000000 700.000000 8.018328
1010 0.000000 0.000000 800.000000 8.298756
1020 0.000000 0.000000 100.000000 9.090909
1020 0.000000 0.000000 200.000000 7.352941
1020 0.000000 0.000000 300.000000 7.672634
1020 0.000000 0.000000 400.000000 8.213552
1020 0.000000 0.000000 500.000000 8.000000
1020 0.000000 0.000000 600.000000 8.379889
1020 0.000000 0.000000 700.000000 8.064516
1020 0.000000 0.000000 800.000000 8.333333
1030 0.000000 0.000000 100.000000 9.174312
1030 0.000000 0.000000 200.000000 7.220217
1030 0.000000 0.000000 300.000000 7.731959
1030 0.000000 0.000000 400.000000 8.213552
1030 0.000000 0.000000 500.000000 8.038586
1030 0.000000 0.000000 600.000000 8.415147
1030 0.000000 0.000000 700.000000 8.101851
1030 0.000000 0.000000 800.000000 8.350731
1040 0.000000 0.000000 100.000000 9.090909
1040 0.000000 0.000000 200.000000 7.092198
1040 0.000000 0.000000 300.000000 7.772021
1040 0.000000 0.000000 400.000000 7.984032
1040 0.000000 0.000000 500.000000 8.077544
1040 0.000000 0.000000 600.000000 8.426967
1040 0.000000 0.000000 700.000000 8.130081
1040 0.000000 0.000000 800.000000 8.368201
1050 0.000000 0.000000 100.000000 8.849558
1050 0.000000 0.000000 200.000000 7.042253
1050 0.000000 0.000000 300.000000 7.792208
1050 0.000000 0.000000 400.000000 7.707129
1050 0.000000 0.000000 500.000000 8.090615
1050 0.000000 0.000000 600.000000 8.415147
1050 0.000000 0.000000 700.000000 8.139535
1050 0.000000 0.000000 800.000000 8.368201
1060 0.000000 0.000000 100.000000 7.874016
1060 0.000000 0.000000 200.000000 7.017544
1060 0.000000 0.000000 300.000000 7.812500
1060 0.000000 0.000000 400.000000 7.662835
1060 0.000000 0.000000 500.000000 8.103727
1060 0.000000 0.000000 600.000000 8.379889
1060 0.000000 0.000000 700.000000 8.149011
1060 0.000000 0.000000 800.000000 8.368201
1070 0.000000 0.000000 100.000000 6.944445
1070 0.000000 0.000000 200.000000 6.993007
1070 0.000000 0.000000 300.000000 7.832898
1070 0.000000 0.000000 400.000000 7.648183
1070 0.000000 0.000000 500.000000 8.116883
1070 0.000000 0.000000 600.000000 8.310249
1070 0.000000 0.000000 700.000000 8.158508
1070 0.000000 0.000000 800.000000 8.376964
1080 0.000000 0.000000 100.000000 6.666667
1080 0.000000 0.000000 200.000000 6.993007
1080 0.000000 0.000000 300.000000 7.874016
1080 0.000000 0.000000 400.000000 7.648183
1080 0.000000 0.000000 500.000000 8.143323
1080 0.000000 0.000000 600.000000 8.163265
1080 0.000000 0.000000 700.000000 8.168028
1080 0.000000 0.000000 800.000000 8.394544
1090 0.000000 0.000000 100.000000 6.535948
1090 0.000000 0.000000 200.000000 6.993007
1090 0.000000 0.000000 300.000000 7.915567
1090 0.000000 0.000000 400.000000 7.677543
1090 0.000000 0.000000 500.000000 8.169934
1090 0.000000 0.000000 600.000000 7.947020
1090 0.000000 0.000000 700.000000 8.187135
1090 0.000000 0.000000 800.000000 8.403361
1100 0.000000 0.000000 100.000000 6.493506
1100 0.000000 0.000000 200.000000 6.993007
1100 0.000000 0.000000 300.000000 7.957560
1100 0.000000 0.000000 400.000000 7.692307
1100 0.000000 0.000000 500.000000 8.183306
1100 0.000000 0.000000 600.000000 7.874016
1100 0.000000 0.000000 700.000000 8.196721
1100 0.000000 0.000000 800.000000 8.412198
1110 0.000000 0.000000 100.000000 6.451613
1110 0.000000 0.000000 200.000000 7.017544
1110 0.000000 0.000000 300.000000 7.978724
1110 0.000000 0.000000 400.000000 7.707129
1110 0.000000 0.000000 500.000000 8.210180
1110 0.000000 0.000000 600.000000 7.863696
1110 0.000000 0.000000 700.000000 8.206330
1110 0.000000 0.000000 800.000000 8.412198
1120 0.000000 0.000000 100.000000 6.329114
1120 0.000000 0.000000 200.000000 7.042253
1120 0.000000 0.000000 300.000000 7.978724
1120 0.000000 0.000000 400.000000 7.722008
1120 0.000000 0.000000 500.000000 8.223684
1120 0.000000 0.000000 600.000000 7.874016
1120 0.000000 0.000000 700.000000 8.215962
1120 0.000000 0.000000 800.000000 8.350731
1130 0.000000 0.000000 100.000000 6.097561
1130 0.000000 0.000000 200.000000 7.092198
1130 0.000000 0.000000 300.000000 7.936508
1130 0.000000 0.000000 400.000000 7.751938
1130 0.000000 0.000000 500.000000 8.237232
1130 0.000000 0.000000 600.000000 7.905138
1130 0.000000 0.000000 700.000000 8.225616
1130 0.000000 0.000000 800.000000 8.205129
1140 0.000000 0.000000 100.000000 5.847953
1140 0.000000 0.000000 200.000000 7.142857
1140 0.000000 0.000000 300.000000 7.874016
1140 0.000000 0.000000 400.000000 7.797271
1140 0.000000 0.000000 500.000000 8.264462
1140 0.000000 0.000000 600.000000 7.936508
1140 0.000000 0.000000 700.000000 8.235294
1140 0.000000 0.000000 800.000000 8.171603
1150 0.000000 0.000000 100.000000 5.747127
1150 0.000000 0.000000 200.000000 7.220217
1150 0.000000 0.000000 300.000000 7.518797
1150 0.000000 0.000000 400.000000 7.827789
1150 0.000000 0.000000 500.000000 8.278146
1150 0.000000 0.000000 600.000000 7.968128
1150 0.000000 0.000000 700.000000 8.254717
1150 0.000000 0.000000 800.000000 8.171603
1160 0.000000 0.000000 100.000000 5.780347
1160 0.000000 0.000000 200.000000 7.299270
1160 0.000000 0.000000 300.000000 7.371007
1160 0.000000 0.000000 400.000000 7.889546
1160 0.000000 0.000000 500.000000 8.305648
1160 0.000000 0.000000 600.000000 8.010681
1160 0.000000 0.000000 700.000000 8.284023
1160 0.000000 0.000000 800.000000 8.196721
1170 0.000000 0.000000 100.000000 5.917160
1170 0.000000 0.000000 200.000000 7.434944
1170 0.000000 0.000000 300.000000 7.407407
1170 0.000000 0.000000 400.000000 7.968128
1170 0.000000 0.000000 500.000000 8.347245
1170 0.000000 0.000000 600.000000 8.064516
1170 0.000000 0.000000 700.000000 8.333333
1170 0.000000 0.000000 800.000000 8.238929
1180 0.000000 0.000000 100.000000 6.134969
1180 0.000000 0.000000 200.000000 7.633588
1180 0.000000 0.000000 300.000000 7.500000
1180 0.000000 0.000000 400.000000 8.080808
1180 0.000000 0.000000 500.000000 8.417508
1180 0.000000 0.000000 600.000000 8.141112
1180 0.000000 0.000000 700.000000 8.393286
1180 0.000000 0.000000 800.000000 8.290155
1190 0.000000 0.000000 100.000000 6.369427
1190 0.000000 0.000000 200.000000 7.843137
1190 0.000000 0.000000 300.000000 7.614213
1190 0.000000 0.000000 400.000000 8.196721
1190 0.000000 0.000000 500.000000 8.503402
1190 0.000000 0.000000 600.000000 8.219178
1190 0.000000 0.000000 700.000000 8.464329
1190 0.000000 0.000000 800.000000 8.359457
1200 0.000000 0.000000 100.000000 6.666667
1200 0.000000 0.000000 200.000000 8.064516
1200 0.000000 0.000000 300.000000 7.751938
1200 0.000000 0.000000 400.000000 8.316009
1200 0.000000 0.000000 500.000000 8.576329
1200 0.000000 0.000000 600.000000 8.298756
1200 0.000000 0.000000 700.000000 8.536586
1200 0.000000 0.000000 800.000000 8.421053
1210 0.000000 0.000000 100.000000 6.896552
1210 0.000000 0.000000 200.000000 8.264462
1210 0.000000 0.000000 300.000000 7.853403
1210 0.000000 0.000000 400.000000 8.421053
1210 0.000000 0.000000 500.000000 8.620689
1210 0.000000 0.000000 600.000000 8.368201
1210 0.000000 0.000000 700.000000 8.599508
1210 0.000000 0.000000 800.000000 8.474576
1220 0.000000 0.000000 100.000000 7.142857
1220 0.000000 0.000000 200.000000 8.438819
1220 0.000000 0.000000 300.000000 7.936508
1220 0.000000 0.000000 400.000000 8.510638
1220 0.000000 0.000000 500.000000 8.605852
1220 0.000000 0.000000 600.000000 8.426967
1220 0.000000 0.000000 700.000000 8.652658
1220 0.000000 0.000000 800.000000 8.528785
1230 0.000000 0.000000 100.000000 7.299270
1230 0.000000 0.000000 200.000000 8.620689
1230 0.000000 0.000000 300.000000 8.021390
1230 0.000000 0.000000 400.000000 8.602151
1230 0.000000 0.000000 500.000000 8.488964
1230 0.000000 0.000000 600.000000 8.474576
1230 0.000000 0.000000 700.000000 8.706468
1230 0.000000 0.000000 800.000000 8.565310
1240 0.000000 0.000000 100.000000 7.407407
1240 0.000000 0.000000 200.000000 8.771930
1240 0.000000 0.000000 300.000000 8.086253
1240 0.000000 0.000000 400.000000 8.658009
1240 0.000000 0.000000 500.000000 8.291874
1240 0.000000 0.000000 600.000000 8.522727
1240 0.000000 0.000000 700.000000 8.739077
1240 0.000000 0.000000 800.000000 8.602151
1250 0.000000 0.000000 100.000000 7.462687
1250 0.000000 0.000000 200.000000 8.888889
1250 0.000000 0.000000 300.000000 8.152174
1250 0.000000 0.000000 400.000000 8.714597
1250 0.000000 0.000000 500.000000 8.210180
1250 0.000000 0.000000 600.000000 8.547009
1250 0.000000 0.000000 700.000000 8.760951
1250 0.000000 0.000000 800.000000 8.639309
1260 0.000000 0.000000 100.000000 7.575758
1260 0.000000 0.000000 200.000000 8.968610
1260 0.000000 0.000000 300.000000 8.196721
1260 0.000000 0.000000 400.000000 8.771930
1260 0.000000 0.000000 500.000000 8.196721
1260 0.000000 0.000000 600.000000 8.571428
1260 0.000000 0.000000 700.000000 8.782936
1260 0.000000 0.000000 800.000000 8.658009
1270 0.000000 0.000000 100.000000 7.692307
1270 0.000000 0.000000 200.000000 9.049774
1270 0.000000 0.000000 300.000000 8.241758
1270 0.000000 0.000000 400.000000 8.810573
1270 0.000000 0.000000 500.000000 8.223684
1270 0.000000 0.000000 600.000000 8.595988
1270 0.000000 0.000000 700.000000 8.760951
1270 0.000000 0.000000 800.000000 8.695652
1280 0.000000 0.000000 100.000000 7.936508
1280 0.000000 0.000000 200.000000 9.132421
1280 0.000000 0.000000 300.000000 8.333333
1280 0.000000 0.000000 400.000000 8.888889
1280 0.000000 0.000000 500.000000 8.291874
1280 0.000000 0.000000 600.000000 8.633094
1280 0.000000 0.000000 700.000000 8.717310
1280 0.000000 0.000000 800.000000 8.733624
1290 0.000000 0.000000 100.000000 8.264462
1290 0.000000 0.000000 200.000000 9.259259
1290 0.000000 0.000000 300.000000 8.450705
1290 0.000000 0.000000 400.000000 8.988764
1290 0.000000 0.000000 500.000000 8.361204
1290 0.000000 0.000000 600.000000 8.695652
1290 0.000000 0.000000 700.000000 8.631319
1290 0.000000 0.000000 800.000000 8.781559
1300 0.000000 0.000000 100.000000 8.620689
1300 0.000000 0.000000 200.000000 9.389671
1300 0.000000 0.000000 300.000000 8.595988
1300 0.000000 0.000000 400.000000 9.090909
1300 0.000000 0.000000 500.000000 8.445946
1300 0.000000 0.000000 600.000000 8.759124
1300 0.000000 0.000000 700.000000 8.620689
1300 0.000000 0.000000 800.000000 8.839779
1310 0.000000 0.000000 100.000000 9.090909
1310 0.000000 0.000000 200.000000 9.478673
1310 0.000000 0.000000 300.000000 8.720930
1310 0.000000 0.000000 400.000000 9.195402
1310 0.000000 0.000000 500.000000 8.532423
1310 0.000000 0.000000 600.000000 8.823529
1310 0.000000 0.000000 700.000000 8.641975
1310 0.000000 0.000000 800.000000 8.888889
1320 0.000000 0.000000 100.000000 9.433962
1320 0.000000 0.000000 200.000000 9.049774
1320 0.000000 0.000000 300.000000 8.849558
1320 0.000000 0.000000 400.000000 9.259259
1320 0.000000 0.000000 500.000000 8.605852
1320 0.000000 0.000000 600.000000 8.875740
1320 0.000000 0.000000 700.000000 8.674102
1320 0.000000 0.000000 800.000000 8.938547
1330 0.000000 0.000000 100.000000 9.708738
1330 0.000000 0.000000 200.000000 8.510638
1330 0.000000 0.000000 300.000000 8.928572
1330 0.000000 0.000000 400.000000 9.280743
1330 0.000000 0.000000 500.000000 8.650519
1330 0.000000 0.000000 600.000000 8.902077
1330 0.000000 0.000000 700.000000 8.695652
1330 0.000000 0.000000 800.000000 8.968610
1340 0.000000 0.000000 100.000000 9.900990
1340 0.000000 0.000000 200.000000 8.403361
1340 0.000000 0.000000 300.000000 8.982036
1340 0.000000 0.000000 400.000000 9.280743
1340 0.000000 0.000000 500.000000 8.680555
1340 0.000000 0.000000 600.000000 8.928572
1340 0.000000 0.000000 700.000000 8.717310
1340 0.000000 0.000000 800.000000 8.998875
1350 0.000000 0.000000 100.000000 10.101010
1350 0.000000 0.000000 200.000000 8.368201
1350 0.000000 0.000000 300.000000 9.036144
1350 0.000000 0.000000 400.000000 9.195402
1350 0.000000 0.000000 500.000000 8.710801
1350 0.000000 0.000000 600.000000 8.941877
1350 0.000000 0.000000 700.000000 8.739077
1350 0.000000 0.000000 800.000000 9.009009
1360 0.000000 0.000000 100.000000 10.204082
1360 0.000000 0.000000 200.000000 8.403361
1360 0.000000 0.000000 300.000000 9.063444
1360 0.000000 0.000000 400.000000 9.029346
1360 0.000000 0.000000 500.000000 8.726004
1360 0.000000 0.000000 600.000000 8.968610
1360 0.000000 0.000000 700.000000 8.760951
1360 0.000000 0.000000 800.000000 9.029346
1370 0.000000 0.000000 100.000000 10.526316
1370 0.000000 0.000000 200.000000 8.438819
1370 0.000000 0.000000 300.000000 9.118541
1370 0.000000 0.000000 400.000000 8.658009
1370 0.000000 0.000000 500.000000 8.756567
1370 0.000000 0.000000 600.000000 8.982036
1370 0.000000 0.000000 700.000000 8.782936
1370 0.000000 0.000000 800.000000 9.039548
1380 0.000000 0.000000 100.000000 10.638298
1380 0.000000 0.000000 200.000000 8.474576
1380 0.000000 0.000000 300.000000 9.174312
1380 0.000000 0.000000 400.000000 8.403361
1380 0.000000 0.000000 500.000000 8.771930
1380 0.000000 0.000000 600.000000 8.995502
1380 0.000000 0.000000 700.000000 8.805032
1380 0.000000 0.000000 800.000000 9.049774
1390 0.000000 0.000000 100.000000 10.752688
1390 0.000000 0.000000 200.000000 8.510638
1390 0.000000 0.000000 300.000000 9.202454
1390 0.000000 0.000000 400.000000 8.350731
1390 0.000000 0.000000 500.000000 8.787346
1390 0.000000 0.000000 600.000000 8.995502
1390 0.000000 0.000000 700.000000 8.827238
1390 0.000000 0.000000 800.000000 9.049774
1400 0.000000 0.000000 100.000000 10.752688
1400 0.000000 0.000000 200.000000 8.510638
1400 0.000000 0.000000 300.000000 9.230769
1400 0.000000 0.000000 400.000000 8.350731
1400 0.000000 0.000000 500.000000 8.771930
1400 0.000000 0.000000 600.000000 8.928572
1400 0.000000 0.000000 700.000000 8.838384
1400 0.000000 0.000000 800.000000 9.039548
1410 0.000000 0.000000 100.000000 10.309278
1410 0.000000 0.000000 200.000000 8.510638
1410 0.000000 0.000000 300.000000 9.202454
1410 0.000000 0.000000 400.000000 8.368201
1410 0.000000 0.000000 500.000000 8.771930
1410 0.000000 0.000000 600.000000 8.670520
1410 0.000000 0.000000 700.000000 8.849558
1410 0.000000 0.000000 800.000000 8.978676
1420 0.000000 0.000000 100.000000 9.615385
1420 0.000000 0.000000 200.000000 8.510638
1420 0.000000 0.000000 300.000000 9.174312
1420 0.000000 0.000000 400.000000 8.385744
1420 0.000000 0.000000 500.000000 8.741259
1420 0.000000 0.000000 600.000000 8.559201
1420 0.000000 0.000000 700.000000 8.849558
1420 0.000000 0.000000 800.000000 8.064516
1430 0.000000 0.000000 100.000000 7.575758
1430 0.000000 0.000000 200.000000 8.510638
1430 0.000000 0.000000 300.000000 9.118541
1430 0.000000 0.000000 400.000000 8.385744
1430 0.000000 0.000000 500.000000 8.741259
1430 0.000000 0.000000 600.000000 8.522727
1430 0.000000 0.000000 700.000000 8.860760
1430 0.000000 0.000000 800.000000 7.984032
1440 0.000000 0.000000 100.000000 7.194244
1440 0.000000 0.000000 200.000000 8.547009
1440 0.000000 0.000000 300.000000 9.036144
1440 0.000000 0.000000 400.000000 8.403361
1440 0.000000 0.000000 500.000000 8.726004
1440 0.000000 0.000000 600.000000 8.522727
1440 0.000000 0.000000 700.000000 8.860760
1440 0.000000 0.000000 800.000000 7.968128
1450 0.000000 0.000000 100.000000 7.042253
1450 0.000000 0.000000 200.000000 8.547009
1450 0.000000 0.000000 300.000000 8.849558
1450 0.000000 0.000000 400.000000 8.403361
1450 0.000000 0.000000 500.000000 8.726004
1450 0.000000 0.000000 600.000000 8.534851
1450 0.000000 0.000000 700.000000 8.860760
1450 0.000000 0.000000 800.000000 7.968128
1460 0.000000 0.000000 100.000000 6.993007
1460 0.000000 0.000000 200.000000 8.510638
1460 0.000000 0.000000 300.000000 8.403361
1460 0.000000 0.000000 400.000000 8.385744
1460 0.000000 0.000000 500.000000 8.710801
1460 0.000000 0.000000 600.000000 8.534851
1460 0.000000 0.000000 700.000000 8.849558
1460 0.000000 0.000000 800.000000 7.968128
1470 0.000000 0.000000 100.000000 6.944445
1470 0.000000 0.000000 200.000000 8.510638
1470 0.000000 0.000000 300.000000 7.874016
1470 0.000000 0.000000 400.000000 8.368201
1470 0.000000 0.000000 500.000000 8.710801
1470 0.000000 0.000000 600.000000 8.534851
1470 0.000000 0.000000 700.000000 8.838384
1470 0.000000 0.000000 800.000000 7.968128
1480 0.000000 0.000000 100.000000 6.944445
1480 0.000000 0.000000 200.000000 8.510638
1480 0.000000 0.000000 300.000000 7.731959
1480 0.000000 0.000000 400.000000 8.368201
1480 0.000000 0.000000 500.000000 8.695652
1480 0.000000 0.000000 600.000000 8.547009
1480 0.000000 0.000000 700.000000 8.827238
1480 0.000000 0.000000 800.000000 7.960199
1490 0.000000 0.000000 100.000000 6.944445
1490 0.000000 0.000000 200.000000 8.547009
1490 0.000000 0.000000 300.000000 7.731959
1490 0.000000 0.000000 400.000000 8.368201
1490 0.000000 0.000000 500.000000 8.635578
1490 0.000000 0.000000 600.000000 8.559201
1490 0.000000 0.000000 700.000000 8.827238
1490 0.000000 0.000000 800.000000 7.968128
1500 0.000000 0.000000 100.000000 7.042253
1500 0.000000 0.000000 200.000000 8.620689
1500 0.000000 0.000000 300.000000 7.792208
1500 0.000000 0.000000 400.000000 8.385744
1500 0.000000 0.000000 500.000000 8.488964
1500 0.000000 0.000000 600.000000 8.595988
1500 0.000000 0.000000 700.000000 8.805032
1500 0.000000 0.000000 800.000000 7.984032
1510 0.000000 0.000000 100.000000 7.246377
1510 0.000000 0.000000 200.000000 8.733624
1510 0.000000 0.000000 300.000000 7.874016
1510 0.000000 0.000000 400.000000 8.438819
1510 0.000000 0.000000 500.000000 8.333333
1510 0.000000 0.000000 600.000000 8.645534
1510 0.000000 0.000000 700.000000 8.771930
1510 0.000000 0.000000 800.000000 8.008008
1520 0.000000 0.000000 100.000000 7.462687
1520 0.000000 0.000000 200.000000 8.849558
1520 0.000000 0.000000 300.000000 7.978724
1520 0.000000 0.000000 400.000000 8.510638
1520 0.000000 0.000000 500.000000 8.333333
1520 0.000000 0.000000 600.000000 8.695652
1520 0.000000 0.000000 700.000000 7.874016
1520 0.000000 0.000000 800.000000 8.040201
1530 0.000000 0.000000 100.000000 7.874016
1530 0.000000 0.000000 200.000000 9.090909
1530 0.000000 0.000000 300.000000 8.108109
1530 0.000000 0.000000 400.000000 8.620689
1530 0.000000 0.000000 500.000000 8.403361
1530 0.000000 0.000000 600.000000 8.784773
1530 0.000000 0.000000 700.000000 7.874016
1530 0.000000 0.000000 800.000000 8.088979
1540 0.000000 0.000000 100.000000 8.403361
1540 0.000000 0.000000 200.000000 9.433962
1540 0.000000 0.000000 300.000000 8.310249
1540 0.000000 0.000000 400.000000 8.771930
1540 0.000000 0.000000 500.000000 8.517887
1540 0.000000 0.000000 600.000000 8.888889
1540 0.000000 0.000000 700.000000 7.927520
1540 0.000000 0.000000 800.000000 8.154943
1550 0.000000 0.000000 100.000000 9.009009
1550 0.000000 0.000000 200.000000 9.756098
1550 0.000000 0.000000 300.000000 8.498584
1550 0.000000 0.000000 400.000000 8.908686
1550 0.000000 0.000000 500.000000 8.620689
1550 0.000000 0.000000 600.000000 8.995502
1550 0.000000 0.000000 700.000000 7.990868
1550 0.000000 0.000000 800.000000 8.221993
1560 0.000000 0.000000 100.000000 9.615385
1560 0.000000 0.000000 200.000000 10.050251
1560 0.000000 0.000000 300.000000 8.670520
1560 0.000000 0.000000 400.000000 9.049774
1560 0.000000 0.000000 500.000000 8.726004
1560 0.000000 0.000000 600.000000 9.090909
1560 0.000000 0.000000 700.000000 8.036739
1560 0.000000 0.000000 800.000000 8.281573
1570 0.000000 0.000000 100.000000 10.000000
1570 0.000000 0.000000 200.000000 10.256411
1570 0.000000 0.000000 300.000000 8.797654
1570 0.000000 0.000000 400.000000 9.132421
1570 0.000000 0.000000 500.000000 8.787346
1570 0.000000 0.000000 600.000000 9.160305
1570 0.000000 0.000000 700.000000 8.064516
1570 0.000000 0.000000 800.000000 8.316009
1580 0.000000 0.000000 100.000000 10.416667
1580 0.000000 0.000000 200.000000 10.256411
1580 0.000000 0.000000 300.000000 8.875740
1580 0.000000 0.000000 400.000000 9.195402
1580 0.000000 0.000000 500.000000 8.833922
1580 0.000000 0.000000 600.000000 9.202454
1580 0.000000 0.000000 700.000000 8.083141
1580 0.000000 0.000000 800.000000 8.350731
1590 0.000000 0.000000 100.000000 10.638298
1590 0.000000 0.000000 200.000000 10.050251
1590 0.000000 0.000000 300.000000 8.928572
1590 0.000000 0.000000 400.000000 9.237875
1590 0.000000 0.000000 500.000000 8.880995
1590 0.000000 0.000000 600.000000 9.230769
1590 0.000000 0.000000 700.000000 8.101851
1590 0.000000 0.000000 800.000000 8.368201
1600 0.000000 0.000000 100.000000 10.752688
1600 0.000000 0.000000 200.000000 9.433962
1600 0.000000 0.000000 300.000000 8.928572
1600 0.000000 0.000000 400.000000 9.259259
1600 0.000000 0.000000 500.000000 8.896797
1600 0.000000 0.000000 600.000000 9.244992
1600 0.000000 0.000000 700.000000 8.111239
1600 0.000000 0.000000 800.000000 8.376964
1610 0.000000 0.000000 100.000000 10.752688
1610 0.000000 0.000000 200.000000 8.510638
1610 0.000000 0.000000 300.000000 8.955224
1610 0.000000 0.000000 400.000000 9.259259
1610 0.000000 0.000000 500.000000 8.912656
1610 0.000000 0.000000 600.000000 9.244992
1610 0.000000 0.000000 700.000000 8.120649
1610 0.000000 0.000000 800.000000 8.376964
1620 0.000000 0.000000 100.000000 10.869565
1620 0.000000 0.000000 200.000000 8.196721
1620 0.000000 0.000000 300.000000 8.955224
1620 0.000000 0.000000 400.000000 9.259259
1620 0.000000 0.000000 500.000000 8.944544
1620 0.000000 0.000000 600.000000 9.244992
1620 0.000000 0.000000 700.000000 8.120649
1620 0.000000 0.000000 800.000000 8.368201
1630 0.000000 0.000000 100.000000 10.869565
1630 0.000000 0.000000 200.000000 8.130081
1630 0.000000 0.000000 300.000000 8.928572
1630 0.000000 0.000000 400.000000 9.195402
1630 0.000000 0.000000 500.000000 8.960573
1630 0.000000 0.000000 600.000000 9.216590
1630 0.000000 0.000000 700.000000 8.120649
1630 0.000000 0.000000 800.000000 8.368201
1640 0.000000 0.000000 100.000000 10.869565
1640 0.000000 0.000000 200.000000 8.163265
1640 0.000000 0.000000 300.000000 8.928572
1640 0.000000 0.000000 400.000000 8.908686
1640 0.000000 0.000000 500.000000 8.960573
1640 0.000000 0.000000 600.000000 9.174312
1640 0.000000 0.000000 700.000000 8.120649
1640 0.000000 0.000000 800.000000 8.376964
1650 0.000000 0.000000 100.000000 10.752688
1650 0.000000 0.000000 200.000000 8.196721
1650 0.000000 0.000000 300.000000 8.875740
1650 0.000000 0.000000 400.000000 8.583691
1650 0.000000 0.000000 500.000000 8.976661
1650 0.000000 0.000000 600.000000 8.941877
1650 0.000000 0.000000 700.000000 8.111239
1650 0.000000 0.000000 800.000000 8.376964
1660 0.000000 0.000000 100.000000 10.526316
1660 0.000000 0.000000 200.000000 8.196721
1660 0.000000 0.000000 300.000000 8.849558
1660 0.000000 0.000000 400.000000 8.510638
1660 0.000000 0.000000 500.000000 8.976661
1660 0.000000 0.000000 600.000000 7.822686
1660 0.000000 0.000000 700.000000 8.111239
1660 0.000000 0.000000 800.000000 8.368201
1670 0.000000 0.000000 100.000000 10.204082
1670 0.000000 0.000000 200.000000 8.230453
1670 0.000000 0.000000 300.000000 8.823529
1670 0.000000 0.000000 400.000000 8.492569
1670 0.000000 0.000000 500.000000 8.976661
1670 0.000000 0.000000 600.000000 7.792208
1670 0.000000 0.000000 700.000000 8.111239
1670 0.000000 0.000000 800.000000 8.350731
1680 0.000000 0.000000 100.000000 9.708738
1680 0.000000 0.000000 200.000000 8.230453
1680 0.000000 0.000000 300.000000 8.823529
1680 0.000000 0.000000 400.000000 8.492569
1680 0.000000 0.000000 500.000000 8.976661
1680 0.000000 0.000000 600.000000 7.782101
1680 0.000000 0.000000 700.000000 8.111239
1680 0.000000 0.000000 800.000000 8.342023
1690 0.000000 0.000000 100.000000 8.620689
1690 0.000000 0.000000 200.000000 8.196721
1690 0.000000 0.000000 300.000000 8.823529
1690 0.000000 0.000000 400.000000 8.510638
1690 0.000000 0.000000 500.000000 8.976661
1690 0.000000 0.000000 600.000000 7.782101
1690 0.000000 0.000000 700.000000 8.111239
1690 0.000000 0.000000 800.000000 8.333333
1700 0.000000 0.000000 100.000000 7.042253
1700 0.000000 0.000000 200.000000 8.196721
1700 0.000000 0.000000 300.000000 8.797654
1700 0.000000 0.000000 400.000000 8.510638
1700 0.000000 0.000000 500.000000 8.960573
1700 0.000000 0.000000 600.000000 7.782101
1700 0.000000 0.000000 700.000000 8.101851
1700 0.000000 0.000000 800.000000 8.333333
1710 0.000000 0.000000 100.000000 6.493506
1710 0.000000 0.000000 200.000000 8.163265
1710 0.000000 0.000000 300.000000 8.771930
1710 0.000000 0.000000 400.000000 8.528785
1710 0.000000 0.000000 500.000000 8.944544
1710 0.000000 0.000000 600.000000 7.782101
1710 0.000000 0.000000 700.000000 8.092485
1710 0.000000 0.000000 800.000000 8.333333
1720 0.000000 0.000000 100.000000 6.410256
1720 0.000000 0.000000 200.000000 8.130081
1720 0.000000 0.000000 300.000000 8.695652
1720 0.000000 0.000000 400.000000 8.547009
1720 0.000000 0.000000 500.000000 8.928572
1720 0.000000 0.000000 600.000000 7.772021
1720 0.000000 0.000000 700.000000 8.083141
1720 0.000000 0.000000 800.000000 8.333333
1730 0.000000 0.000000 100.000000 6.451613
1730 0.000000 0.000000 200.000000 8.130081
1730 0.000000 0.000000 300.000000 8.379889
1730 0.000000 0.000000 400.000000 8.547009
1730 0.000000 0.000000 500.000000 8.865249
1730 0.000000 0.000000 600.000000 7.772021
1730 0.000000 0.000000 700.000000 8.092485
1730 0.000000 0.000000 800.000000 8.324662
1740 0.000000 0.000000 100.000000 6.535948
1740 0.000000 0.000000 200.000000 8.130081
1740 0.000000 0.000000 300.000000 8.021390
1740 0.000000 0.000000 400.000000 8.583691
1740 0.000000 0.000000 500.000000 8.695652
1740 0.000000 0.000000 600.000000 7.782101
1740 0.000000 0.000000 700.000000 8.101851
1740 0.000000 0.000000 800.000000 8.316009
1750 0.000000 0.000000 100.000000 6.622517
1750 0.000000 0.000000 200.000000 8.130081
1750 0.000000 0.000000 300.000000 7.978724
1750 0.000000 0.000000 400.000000 8.620689
1750 0.000000 0.000000 500.000000 7.440476
1750 0.000000 0.000000 600.000000 7.792208
1750 0.000000 0.000000 700.000000 8.111239
1750 0.000000 0.000000 800.000000 8.324662
1760 0.000000 0.000000 100.000000 6.711410
1760 0.000000 0.000000 200.000000 8.163265
1760 0.000000 0.000000 300.000000 7.978724
1760 0.000000 0.000000 400.000000 8.658009
1760 0.000000 0.000000 500.000000 7.418397
1760 0.000000 0.000000 600.000000 7.802341
1760 0.000000 0.000000 700.000000 8.120649
1760 0.000000 0.000000 800.000000 8.342023
1770 0.000000 0.000000 100.000000 6.849315
1770 0.000000 0.000000 200.000000 8.230453
1770 0.000000 0.000000 300.000000 8.042895
1770 0.000000 0.000000 400.000000 8.695652
1770 0.000000 0.000000 500.000000 7.429420
1770 0.000000 0.000000 600.000000 7.832898
1770 0.000000 0.000000 700.000000 8.130081
1770 0.000000 0.000000 800.000000 8.368201
1780 0.000000 0.000000 100.000000 7.042253
1780 0.000000 0.000000 200.000000 8.368201
1780 0.000000 0.000000 300.000000 8.108109
1780 0.000000 0.000000 400.000000 8.771930
1780 0.000000 0.000000 500.000000 7.462687
1780 0.000000 0.000000 600.000000 7.874016
1780 0.000000 0.000000 700.000000 8.158508
1780 0.000000 0.000000 800.000000 8.403361
1790 0.000000 0.000000 100.000000 7.246377
1790 0.000000 0.000000 200.000000 8.547009
1790 0.000000 0.000000 300.000000 8.219178
1790 0.000000 0.000000 400.000000 8.869180
1790 0.000000 0.000000 500.000000 7.518797
1790 0.000000 0.000000 600.000000 7.926024
1790 0.000000 0.000000 700.000000 8.196721
1790 0.000000 0.000000 800.000000 8.447730
1800 0.000000 0.000000 100.000000 7.575758
1800 0.000000 0.000000 200.000000 8.733624
1800 0.000000 0.000000 300.000000 8.356546
1800 0.000000 0.000000 400.000000 8.968610
1800 0.000000 0.000000 500.000000 7.587254
1800 0.000000 0.000000 600.000000 7.978724
1800 0.000000 0.000000 700.000000 8.244994
1800 0.000000 0.000000 800.000000 8.501594
1810 0.000000 0.000000 100.000000 7.936508
1810 0.000000 0.000000 200.000000 9.009009
1810 0.000000 0.000000 300.000000 8.522727
1810 0.000000 0.000000 400.000000 9.111617
1810 0.000000 0.000000 500.000000 7.656968
1810 0.000000 0.000000 600.000000 8.053691
1810 0.000000 0.000000 700.000000 8.313540
1810 0.000000 0.000000 800.000000 8.565310
1820 0.000000 0.000000 100.000000 8.474576
1820 0.000000 0.000000 200.000000 9.302325
1820 0.000000 0.000000 300.000000 8.720930
1820 0.000000 0.000000 400.000000 9.259259
1820 0.000000 0.000000 500.000000 7.751938
1820 0.000000 0.000000 600.000000 8.130081
1820 0.000000 0.000000 700.000000 8.383233
1820 0.000000 0.000000 800.000000 8.629990
1830 0.000000 0.000000 100.000000 9.009009
1830 0.000000 0.000000 200.000000 9.615385
1830 0.000000 0.000000 300.000000 8.902077
1830 0.000000 0.000000 400.000000 9.411765
1830 0.000000 0.000000 500.000000 7.836991
1830 0.000000 0.000000 600.000000 8.207934
1830 0.000000 0.000000 700.000000 8.464329
1830 0.000000 0.000000 800.000000 8.695652
1840 0.000000 0.000000 100.000000 9.615385
1840 0.000000 0.000000 200.000000 9.950249
1840 0.000000 0.000000 300.000000 9.118541
1840 0.000000 0.000000 400.000000 9.569378
1840 0.000000 0.000000 500.000000 7.923930
1840 0.000000 0.000000 600.000000 8.287292
1840 0.000000 0.000000 700.000000 8.536586
1840 0.000000 0.000000 800.000000 8.771930
1850 0.000000 0.000000 100.000000 10.204082
1850 0.000000 0.000000 200.000000 10.309278
1850 0.000000 0.000000 300.000000 9.287926
1850 0.000000 0.000000 400.000000 9.708738
1850 0.000000 0.000000 500.000000 8.012820
1850 0.000000 0.000000 600.000000 8.356546
1850 0.000000 0.000000 700.000000 8.610086
1850 0.000000 0.000000 800.000000 8.830022
1860 0.000000 0.000000 100.000000 10.752688
1860 0.000000 0.000000 200.000000 10.526316
1860 0.000000 0.000000 300.000000 9.433962
1860 0.000000 0.000000 400.000000 9.828010
1860 0.000000 0.000000 500.000000 8.064516
1860 0.000000 0.000000 600.000000 8.403361
1860 0.000000 0.000000 700.000000 8.663366
1860 0.000000 0.000000 800.000000 8.879024
1870 0.000000 0.000000 100.000000 10.869565
1870 0.000000 0.000000 200.000000 10.582010
1870 0.000000 0.000000 300.000000 9.523809
1870 0.000000 0.000000 400.000000 9.852217
1870 0.000000 0.000000 500.000000 8.090615
1870 0.000000 0.000000 600.000000 8.426967
1870 0.000000 0.000000 700.000000 8.684863
1880 0.000000 0.000000 100.000000 10.869565
1880 0.000000 0.000000 200.000000 10.152285
1880 0.000000 0.000000 300.000000 9.554140
1880 0.000000 0.000000 400.000000 9.803922
1880 0.000000 0.000000 500.000000 8.090615
1880 0.000000 0.000000 600.000000 8.426967
1880 0.000000 0.000000 700.000000 8.674102
1890 0.000000 0.000000 100.000000 10.638298
1890 0.000000 0.000000 200.000000 9.049774
1890 0.000000 0.000000 300.000000 9.523809
1890 0.000000 0.000000 400.000000 9.546539
1890 0.000000 0.000000 500.000000 8.077544
1890 0.000000 0.000000 600.000000 8.426967
1890 0.000000 0.000000 700.000000 8.641975
1900 0.000000 0.000000 100.000000 10.416667
1900 0.000000 0.000000 200.000000 8.810573
1900 0.000000 0.000000 300.000000 9.523809
1900 0.000000 0.000000 400.000000 7.648183
1900 0.000000 0.000000 500.000000 8.051530
1900 0.000000 0.000000 600.000000 8.415147
1900 0.000000 0.000000 700.000000 8.631319
1910 0.000000 0.000000 100.000000 10.204082
1910 0.000000 0.000000 200.000000 8.733624
1910 0.000000 0.000000 300.000000 9.523809
1910 0.000000 0.000000 400.000000 7.575758
1910 0.000000 0.000000 500.000000 8.038586
1910 0.000000 0.000000 600.000000 8.391608
1910 0.000000 0.000000 700.000000 8.620689
1920 0.000000 0.000000 100.000000 10.204082
1920 0.000000 0.000000 200.000000 8.733624
1920 0.000000 0.000000 300.000000 9.523809
1920 0.000000 0.000000 400.000000 7.561437
1920 0.000000 0.000000 500.000000 8.051530
1920 0.000000 0.000000 600.000000 8.368201
1920 0.000000 0.000000 700.000000 8.620689
1930 0.000000 0.000000 100.000000 10.204082
1930 0.000000 0.000000 200.000000 8.771930
1930 0.000000 0.000000 300.000000 9.523809
1930 0.000000 0.000000 400.000000 7.561437
1930 0.000000 0.000000 500.000000 8.051530
1930 0.000000 0.000000 600.000000 8.356546
1930 0.000000 0.000000 700.000000 8.631319
1940 0.000000 0.000000 100.000000 10.204082
1940 0.000000 0.000000 200.000000 8.810573
1940 0.000000 0.000000 300.000000 9.523809
1940 0.000000 0.000000 400.000000 7.575758
1940 0.000000 0.000000 500.000000 8.051530
1940 0.000000 0.000000 600.000000 8.368201
1940 0.000000 0.000000 700.000000 8.641975
1950 0.000000 0.000000 100.000000 10.204082
1950 0.000000 0.000000 200.000000 8.849558
1950 0.000000 0.000000 300.000000 9.523809
1950 0.000000 0.000000 400.000000 7.575758
1950 0.000000 0.000000 500.000000 8.038586
1950 0.000000 0.000000 600.000000 8.368201
1950 0.000000 0.000000 700.000000 8.652658
1960 0.000000 0.000000 100.000000 10.101010
1960 0.000000 0.000000 200.000000 8.888889
1960 0.000000 0.000000 300.000000 9.493670
1960 0.000000 0.000000 400.000000 7.575758
1960 0.000000 0.000000 500.000000 8.038586
1960 0.000000 0.000000 600.000000 8.379889
1970 0.000000 0.000000 100.000000 9.433962
1970 0.000000 0.000000 200.000000 8.968610
1970 0.000000 0.000000 300.000000 9.463722
1970 0.000000 0.000000 400.000000 7.590133
1970 0.000000 0.000000 500.000000 8.051530
1970 0.000000 0.000000 600.000000 8.379889
1980 0.000000 0.000000 100.000000 8.000000
1980 0.000000 0.000000 200.000000 9.009009
1980 0.000000 0.000000 300.000000 9.287926
1980 0.000000 0.000000 400.000000 7.590133
1980 0.000000 0.000000 500.000000 8.064516
1980 0.000000 0.000000 600.000000 8.368201
1990 0.000000 0.000000 100.000000 7.633588
1990 0.000000 0.000000 200.000000 9.049774
1990 0.000000 0.000000 300.000000 7.109005
1990 0.000000 0.000000 400.000000 7.604563
1990 0.000000 0.000000 500.000000 8.077544
1990 0.000000 0.000000 600.000000 8.368201
2000 0.000000 0.000000 100.000000 7.518797
2000 0.000000 0.000000 200.000000 9.132421
2000 0.000000 0.000000 300.000000 6.976744
2000 0.000000 0.000000 400.000000 7.604563
2000 0.000000 0.000000 500.000000 8.077544
2000 0.000000 0.000000 600.000000 8.379889
2010 0.000000 0.000000 100.000000 7.575758
2010 0.000000 0.000000 200.000000 9.132421
2010 0.000000 0.000000 300.000000 6.944445
2010 0.000000 0.000000 400.000000 7.619048
2010 0.000000 0.000000 500.000000 8.064516
2010 0.000000 0.000000 600.000000 8.391608
2020 0.000000 0.000000 100.000000 7.575758
2020 0.000000 0.000000 200.000000 9.174312
2020 0.000000 0.000000 300.000000 6.944445
2020 0.000000 0.000000 400.000000 7.633588
2020 0.000000 0.000000 500.000000 8.051530
2020 0.000000 0.000000 600.000000 8.403361
2030 0.000000 0.000000 100.000000 7.633588
2030 0.000000 0.000000 200.000000 9.132421
2030 0.000000 0.000000 300.000000 6.944445
2030 0.000000 0.000000 400.000000 7.633588
2030 0.000000 0.000000 500.000000 8.051530
2030 0.000000 0.000000 600.000000 8.403361
2040 0.000000 0.000000 100.000000 7.692307
2040 0.000000 0.000000 200.000000 9.132421
2040 0.000000 0.000000 300.000000 6.944445
2040 0.000000 0.000000 400.000000 7.619048
2040 0.000000 0.000000 500.000000 8.051530
2040 0.000000 0.000000 600.000000 8.415147
2050 0.000000 0.000000 100.000000 7.751938
2050 0.000000 0.000000 200.000000 9.132421
2050 0.000000 0.000000 300.000000 6.960557
2050 0.000000 0.000000 400.000000 7.619048
2050 0.000000 0.000000 500.000000 8.064516
2060 0.000000 0.000000 100.000000 7.936508
2060 0.000000 0.000000 200.000000 9.174312
2060 0.000000 0.000000 300.000000 6.993007
2060 0.000000 0.000000 400.000000 7.648183
2060 0.000000 0.000000 500.000000 8.090615
2070 0.000000 0.000000 100.000000 8.196721
2070 0.000000 0.000000 200.000000 9.302325
2070 0.000000 0.000000 300.000000 7.058824
2070 0.000000 0.000000 400.000000 7.707129
2070 0.000000 0.000000 500.000000 8.143323
2080 0.000000 0.000000 100.000000 8.620689
2080 0.000000 0.000000 200.000000 9.478673
2080 0.000000 0.000000 300.000000 7.142857
2080 0.000000 0.000000 400.000000 7.797271
2080 0.000000 0.000000 500.000000 8.210180
2090 0.000000 0.000000 100.000000 9.259259
2090 0.000000 0.000000 200.000000 9.756098
2090 0.000000 0.000000 300.000000 7.263923
2090 0.000000 0.000000 400.000000 7.905138
2090 0.000000 0.000000 500.000000 8.305648
2100 0.000000 0.000000 100.000000 9.900990
2100 0.000000 0.000000 200.000000 9.950249
2100 0.000000 0.000000 300.000000 7.389163
2100 0.000000 0.000000 400.000000 8.016032
2100 0.000000 0.000000 500.000000 8.389262
2110 0.000000 0.000000 100.000000 10.526316
2110 0.000000 0.000000 200.000000 9.950249
2110 0.000000 0.000000 300.000000 7.500000
2110 0.000000 0.000000 400.000000 8.113590
2110 0.000000 0.000000 500.000000 8.474576
2120 0.000000 0.000000 100.000000 10.989011
2120 0.000000 0.000000 200.000000 6.849315
2120 0.000000 0.000000 300.000000 7.575758
2120 0.000000 0.000000 400.000000 8.179959
2120 0.000000 0.000000 500.000000 8.517887
2130 0.000000 0.000000 100.000000 11.235955
2130 0.000000 0.000000 200.000000 6.688963
2130 0.000000 0.000000 300.000000 7.594937
2130 0.000000 0.000000 400.000000 8.213552
2130 0.000000 0.000000 500.000000 8.547009
2140 0.000000 0.000000 100.000000 11.363636
2140 0.000000 0.000000 200.000000 6.644518
2140 0.000000 0.000000 300.000000 7.614213
2140 0.000000 0.000000 400.000000 8.196721
2140 0.000000 0.000000 500.000000 8.561644
2150 0.000000 0.000000 100.000000 11.363636
2150 0.000000 0.000000 200.000000 6.622517
2150 0.000000 0.000000 300.000000 7.614213
2150 0.000000 0.000000 400.000000 8.146640
2150 0.000000 0.000000 500.000000 8.561644
2160 0.000000 0.000000 100.000000 11.235955
2160 0.000000 0.000000 200.000000 6.622517
2160 0.000000 0.000000 300.000000 7.594937
2160 0.000000 0.000000 400.000000 8.130081
2160 0.000000 0.000000 500.000000 8.561644
2170 0.000000 0.000000 100.000000 11.111111
2170 0.000000 0.000000 200.000000 6.600660
2170 0.000000 0.000000 300.000000 7.575758
2170 0.000000 0.000000 400.000000 8.130081
2170 0.000000 0.000000 500.000000 8.547009
2180 0.000000 0.000000 100.000000 10.869565
2180 0.000000 0.000000 200.000000 6.578948
2180 0.000000 0.000000 300.000000 7.537688
2180 0.000000 0.000000 400.000000 8.130081
2190 0.000000 0.000000 100.000000 10.526316
2190 0.000000 0.000000 200.000000 6.557377
2190 0.000000 0.000000 300.000000 7.518797
2190 0.000000 0.000000 400.000000 8.097166
2200 0.000000 0.000000 100.000000 9.900990
2200 0.000000 0.000000 200.000000 6.535948
2200 0.000000 0.000000 300.000000 7.518797
2200 0.000000 0.000000 400.000000 8.064516
2210 0.000000 0.000000 100.000000 4.901961
2210 0.000000 0.000000 200.000000 6.514658
2210 0.000000 0.000000 300.000000 7.518797
2210 0.000000 0.000000 400.000000 8.032128
2220 0.000000 0.000000 100.000000 4.694836
2220 0.000000 0.000000 200.000000 6.493506
2220 0.000000 0.000000 300.000000 7.481297
2220 0.000000 0.000000 400.000000 8.032128
2230 0.000000 0.000000 100.000000 4.651163
2230 0.000000 0.000000 200.000000 6.493506
2230 0.000000 0.000000 300.000000 7.444169
2230 0.000000 0.000000 400.000000 8.032128
2240 0.000000 0.000000 100.000000 4.651163
2240 0.000000 0.000000 200.000000 6.514658
2240 0.000000 0.000000 300.000000 7.425743
2240 0.000000 0.000000 400.000000 8.048289
2250 0.000000 0.000000 100.000000 4.651163
2250 0.000000 0.000000 200.000000 6.514658
2250 0.000000 0.000000 300.000000 7.425743
2250 0.000000 0.000000 400.000000 8.064516
2260 0.000000 0.000000 100.000000 4.672897
2260 0.000000 0.000000 200.000000 6.514658
2260 0.000000 0.000000 300.000000 7.444169
2260 0.000000 0.000000 400.000000 8.064516
2270 0.000000 0.000000 100.000000 4.672897
2270 0.000000 0.000000 200.000000 6.493506
2270 0.000000 0.000000 300.000000 7.462687
2280 0.000000 0.000000 100.000000 4.716981
2280 0.000000 0.000000 200.000000 6.535948
2280 0.000000 0.000000 300.000000 7.481297
2290 0.000000 0.000000 100.000000 4.761905
2290 0.000000 0.000000 200.000000 6.578948
2290 0.000000 0.000000 300.000000 7.518797
2300 0.000000 0.000000 100.000000 4.854369
2300 0.000000 0.000000 200.000000 6.688963
2300 0.000000 0.000000 300.000000 7.575758
2310 0.000000 0.000000 100.000000 5.000000
2310 0.000000 0.000000 200.000000 6.825939
2310 0.000000 0.000000 300.000000 7.692307
2320 0.000000 0.000000 100.000000 5.181347
2320 0.000000 0.000000 200.000000 7.017544
2320 0.000000 0.000000 300.000000 7.832898
2330 0.000000 0.000000 100.000000 5.434783
2330 0.000000 0.000000 200.000000 7.246377
2330 0.000000 0.000000 300.000000 8.021390
2340 0.000000 0.000000 100.000000 5.747127
2340 0.000000 0.000000 200.000000 7.518797
2340 0.000000 0.000000 300.000000 8.241758
2350 0.000000 0.000000 100.000000 6.097561
2350 0.000000 0.000000 200.000000 7.812500
2350 0.000000 0.000000 300.000000 8.474576
2360 0.000000 0.000000 100.000000 6.493506
2360 0.000000 0.000000 200.000000 8.130081
2360 0.000000 0.000000 300.000000 8.720930
2370 0.000000 0.000000 100.000000 6.944445
2370 0.000000 0.000000 200.000000 8.474576
2370 0.000000 0.000000 300.000000 8.982036
2380 0.000000 0.000000 100.000000 7.462687
2380 0.000000 0.000000 200.000000 8.849558
2380 0.000000 0.000000 300.000000 9.259259
2390 0.000000 0.000000 100.000000 8.064516
2390 0.000000 0.000000 200.000000 9.259259
2390 0.000000 0.000000 300.000000 9.554140
2400 0.000000 0.000000 100.000000 8.771930
2400 0.000000 0.000000 200.000000 9.708738
2400 0.000000 0.000000 300.000000 9.868421
2410 0.000000 0.000000 100.000000 9.433962
2410 0.000000 0.000000 200.000000 10.101010
2410 0.000000 0.000000 300.000000 10.101010
2420 0.000000 0.000000 100.000000 10.000000
2420 0.000000 0.000000 200.000000 10.362695
2420 0.000000 0.000000 300.000000 10.309278
2430 0.000000 0.000000 100.000000 10.416667
2430 0.000000 0.000000 200.000000 10.582010
2430 0.000000 0.000000 300.000000 10.452962
2440 0.000000 0.000000 100.000000 10.638298
2440 0.000000 0.000000 200.000000 10.582010
2440 0.000000 0.000000 300.000000 10.526316
2450 0.000000 0.000000 100.000000 10.638298
2450 0.000000 0.000000 200.000000 10.526316
2450 0.000000 0.000000 300.000000 10.563380
2460 0.000000 0.000000 100.000000 10.638298
2460 0.000000 0.000000 200.000000 10.471204
2460 0.000000 0.000000 300.000000 10.600707
2470 0.000000 0.000000 100.000000 10.638298
2470 0.000000 0.000000 200.000000 10.526316
2470 0.000000 0.000000 300.000000 10.600707
2480 0.000000 0.000000 100.000000 10.526316
2480 0.000000 0.000000 200.000000 10.526316
2490 0.000000 0.000000 100.000000 10.526316
2490 0.000000 0.000000 200.000000 10.526316
2500 0.000000 0.000000 100.000000 10.526316
2500 0.000000 0.000000 200.000000 10.471204
2510 0.000000 0.000000 100.000000 10.638298
2510 0.000000 0.000000 200.000000 10.416667
2520 0.000000 0.000000 100.000000 10.638298
2520 0.000000 0.000000 200.000000 10.416667
2530 0.000000 0.000000 100.000000 10.526316
2530 0.000000 0.000000 200.000000 10.416667
2540 0.000000 0.000000 100.000000 10.204082
2540 0.000000 0.000000 200.000000 10.416667
2550 0.000000 0.000000 100.000000 10.101010
2550 0.000000 0.000000 200.000000 10.471204
2560 0.000000 0.000000 100.000000 10.204082
2560 0.000000 0.000000 200.000000 10.526316
2570 0.000000 0.000000 100.000000 10.309278
2570 0.000000 0.000000 200.000000 10.582010
2580 0.000000 0.000000 100.000000 10.416667
2590 0.000000 0.000000 100.000000 10.309278
2600 0.000000 0.000000 100.000000 10.101010
2610 0.000000 0.000000 100.000000 10.000000
2620 0.000000 0.000000 100.000000 10.101010
2630 0.000000 0.000000 100.000000 10.309278
2640 0.000000 0.000000 100.000000 10.526316
2650 0.000000 0.000000 100.000000 10.638298
2660 0.000000 0.000000 100.000000 10.638298
