0 0.000000 0.000000 100.000000 8.474576
0 0.000000 0.000000 200.000000 9.433962
0 0.000000 0.000000 300.000000 10.416667
0 0.000000 0.000000 400.000000 10.471204
0 0.000000 0.000000 500.000000 10.416667
0 0.000000 0.000000 600.000000 10.416667
0 0.000000 0.000000 700.000000 10.279001
0 0.000000 0.000000 800.000000 10.282776
10 0.000000 0.000000 100.000000 9.009009
10 0.000000 0.000000 200.000000 9.756098
10 0.000000 0.000000 300.000000 10.714286
10 0.000000 0.000000 400.000000 10.666667
10 0.000000 0.000000 500.000000 10.570825
10 0.000000 0.000000 600.000000 10.544815
10 0.000000 0.000000 700.000000 10.370370
10 0.000000 0.000000 800.000000 10.376135
20 0.000000 0.000000 100.000000 9.615385
20 0.000000 0.000000 200.000000 10.000000
20 0.000000 0.000000 300.000000 10.948905
20 0.000000 0.000000 400.000000 10.810811
20 0.000000 0.000000 500.000000 10.706638
20 0.000000 0.000000 600.000000 10.657193
20 0.000000 0.000000 700.000000 10.447762
20 0.000000 0.000000 800.000000 10.471204
30 0.000000 0.000000 100.000000 10.101010
30 0.000000 0.000000 200.000000 10.256411
30 0.000000 0.000000 300.000000 11.194030
30 0.000000 0.000000 400.000000 10.928962
30 0.000000 0.000000 500.000000 10.822511
30 0.000000 0.000000 600.000000 10.752688
30 0.000000 0.000000 700.000000 10.510510
30 0.000000 0.000000 800.000000 10.554090
40 0.000000 0.000000 100.000000 10.638298
40 0.000000 0.000000 200.000000 10.471204
40 0.000000 0.000000 300.000000 11.406844
40 0.000000 0.000000 400.000000 11.019283
40 0.000000 0.000000 500.000000 10.917030
40 0.000000 0.000000 600.000000 10.830325
40 0.000000 0.000000 700.000000 10.542169
40 0.000000 0.000000 800.000000 10.624170
50 0.000000 0.000000 100.000000 10.989011
50 0.000000 0.000000 200.000000 10.638298
50 0.000000 0.000000 300.000000 11.538462
50 0.000000 0.000000 400.000000 11.080333
50 0.000000 0.000000 500.000000 10.989011
50 0.000000 0.000000 600.000000 10.889292
50 0.000000 0.000000 700.000000 10.558069
50 0.000000 0.000000 800.000000 10.680908
60 0.000000 0.000000 100.000000 11.363636
60 0.000000 0.000000 200.000000 10.810811
60 0.000000 0.000000 300.000000 11.627907
60 0.000000 0.000000 400.000000 11.080333
60 0.000000 0.000000 500.000000 11.013216
60 0.000000 0.000000 600.000000 10.909091
60 0.000000 0.000000 700.000000 10.558069
60 0.000000 0.000000 800.000000 10.723861
70 0.000000 0.000000 100.000000 11.494253
70 0.000000 0.000000 200.000000 10.928962
70 0.000000 0.000000 300.000000 11.627907
70 0.000000 0.000000 400.000000 11.080333
70 0.000000 0.000000 500.000000 10.964912
70 0.000000 0.000000 600.000000 10.909091
70 0.000000 0.000000 700.000000 10.558069
70 0.000000 0.000000 800.000000 10.767160
80 0.000000 0.000000 100.000000 11.494253
80 0.000000 0.000000 200.000000 11.049724
80 0.000000 0.000000 300.000000 11.583012
80 0.000000 0.000000 400.000000 11.049724
80 0.000000 0.000000 500.000000 10.940919
80 0.000000 0.000000 600.000000 10.889292
80 0.000000 0.000000 700.000000 10.558069
80 0.000000 0.000000 800.000000 10.796222
90 0.000000 0.000000 100.000000 11.494253
90 0.000000 0.000000 200.000000 11.235955
90 0.000000 0.000000 300.000000 11.538462
90 0.000000 0.000000 400.000000 11.049724
90 0.000000 0.000000 500.000000 10.917030
90 0.000000 0.000000 600.000000 10.849910
90 0.000000 0.000000 700.000000 10.558069
90 0.000000 0.000000 800.000000 10.825439
100 0.000000 0.000000 100.000000 11.235955
100 0.000000 0.000000 200.000000 11.428572
100 0.000000 0.000000 300.000000 11.450381
100 0.000000 0.000000 400.000000 11.019283
100 0.000000 0.000000 500.000000 10.917030
100 0.000000 0.000000 600.000000 10.771993
100 0.000000 0.000000 700.000000 10.558069
100 0.000000 0.000000 800.000000 10.854816
110 0.000000 0.000000 100.000000 10.869565
110 0.000000 0.000000 200.000000 11.560694
110 0.000000 0.000000 300.000000 11.406844
110 0.000000 0.000000 400.000000 11.019283
110 0.000000 0.000000 500.000000 10.917030
110 0.000000 0.000000 600.000000 10.695188
110 0.000000 0.000000 700.000000 10.574018
110 0.000000 0.000000 800.000000 10.854816
120 0.000000 0.000000 100.000000 10.416667
120 0.000000 0.000000 200.000000 11.695907
120 0.000000 0.000000 300.000000 11.278195
120 0.000000 0.000000 400.000000 11.019283
120 0.000000 0.000000 500.000000 10.893247
120 0.000000 0.000000 600.000000 10.600707
120 0.000000 0.000000 700.000000 10.590015
120 0.000000 0.000000 800.000000 10.825439
130 0.000000 0.000000 100.000000 10.204082
130 0.000000 0.000000 200.000000 11.764706
130 0.000000 0.000000 300.000000 11.152416
130 0.000000 0.000000 400.000000 10.958904
130 0.000000 0.000000 500.000000 10.845987
130 0.000000 0.000000 600.000000 10.526316
130 0.000000 0.000000 700.000000 10.590015
130 0.000000 0.000000 800.000000 10.796222
140 0.000000 0.000000 100.000000 10.101010
140 0.000000 0.000000 200.000000 11.695907
140 0.000000 0.000000 300.000000 11.029411
140 0.000000 0.000000 400.000000 10.928962
140 0.000000 0.000000 500.000000 10.822511
140 0.000000 0.000000 600.000000 10.452962
140 0.000000 0.000000 700.000000 10.606061
140 0.000000 0.000000 800.000000 10.767160
150 0.000000 0.000000 100.000000 10.204082
150 0.000000 0.000000 200.000000 11.627907
150 0.000000 0.000000 300.000000 10.909091
150 0.000000 0.000000 400.000000 10.840109
150 0.000000 0.000000 500.000000 10.775862
150 0.000000 0.000000 600.000000 10.398614
150 0.000000 0.000000 700.000000 10.638298
150 0.000000 0.000000 800.000000 10.752688
160 0.000000 0.000000 100.000000 10.309278
160 0.000000 0.000000 200.000000 11.560694
160 0.000000 0.000000 300.000000 10.869565
160 0.000000 0.000000 400.000000 10.781672
160 0.000000 0.000000 500.000000 10.752688
160 0.000000 0.000000 600.000000 10.380623
160 0.000000 0.000000 700.000000 10.670732
160 0.000000 0.000000 800.000000 10.752688
170 0.000000 0.000000 100.000000 10.638298
170 0.000000 0.000000 200.000000 11.494253
170 0.000000 0.000000 300.000000 10.830325
170 0.000000 0.000000 400.000000 10.752688
170 0.000000 0.000000 500.000000 10.729613
170 0.000000 0.000000 600.000000 10.380623
170 0.000000 0.000000 700.000000 10.703364
170 0.000000 0.000000 800.000000 10.767160
180 0.000000 0.000000 100.000000 10.989011
180 0.000000 0.000000 200.000000 11.428572
180 0.000000 0.000000 300.000000 10.869565
180 0.000000 0.000000 400.000000 10.752688
180 0.000000 0.000000 500.000000 10.683761
180 0.000000 0.000000 600.000000 10.398614
180 0.000000 0.000000 700.000000 10.736197
180 0.000000 0.000000 800.000000 10.767160
190 0.000000 0.000000 100.000000 11.494253
190 0.000000 0.000000 200.000000 11.494253
190 0.000000 0.000000 300.000000 10.909091
190 0.000000 0.000000 400.000000 10.810811
190 0.000000 0.000000 500.000000 10.638298
190 0.000000 0.000000 600.000000 10.434783
190 0.000000 0.000000 700.000000 10.785825
190 0.000000 0.000000 800.000000 10.752688
200 0.000000 0.000000 100.000000 12.195122
200 0.000000 0.000000 200.000000 11.560694
200 0.000000 0.000000 300.000000 11.029411
200 0.000000 0.000000 400.000000 10.869565
200 0.000000 0.000000 500.000000 10.638298
200 0.000000 0.000000 600.000000 10.507881
200 0.000000 0.000000 700.000000 10.819165
200 0.000000 0.000000 800.000000 10.723861
210 0.000000 0.000000 100.000000 12.820513
210 0.000000 0.000000 200.000000 11.695907
210 0.000000 0.000000 300.000000 11.111111
210 0.000000 0.000000 400.000000 10.928962
210 0.000000 0.000000 500.000000 10.615711
210 0.000000 0.000000 600.000000 10.563380
210 0.000000 0.000000 700.000000 10.852714
210 0.000000 0.000000 800.000000 10.709505
220 0.000000 0.000000 100.000000 13.333333
220 0.000000 0.000000 200.000000 11.695907
220 0.000000 0.000000 300.000000 11.194030
220 0.000000 0.000000 400.000000 10.989011
220 0.000000 0.000000 500.000000 10.593221
220 0.000000 0.000000 600.000000 10.619469
220 0.000000 0.000000 700.000000 10.852714
220 0.000000 0.000000 800.000000 10.666667
230 0.000000 0.000000 100.000000 13.698630
230 0.000000 0.000000 200.000000 11.560694
230 0.000000 0.000000 300.000000 11.194030
230 0.000000 0.000000 400.000000 10.989011
230 0.000000 0.000000 500.000000 10.548523
230 0.000000 0.000000 600.000000 10.657193
230 0.000000 0.000000 700.000000 10.852714
230 0.000000 0.000000 800.000000 10.582010
240 0.000000 0.000000 100.000000 13.513514
240 0.000000 0.000000 200.000000 11.428572
240 0.000000 0.000000 300.000000 11.152416
240 0.000000 0.000000 400.000000 10.958904
240 0.000000 0.000000 500.000000 10.460251
240 0.000000 0.000000 600.000000 10.676157
240 0.000000 0.000000 700.000000 10.835914
240 0.000000 0.000000 800.000000 10.498688
250 0.000000 0.000000 100.000000 13.157895
250 0.000000 0.000000 200.000000 11.173184
250 0.000000 0.000000 300.000000 10.989011
250 0.000000 0.000000 400.000000 10.869565
250 0.000000 0.000000 500.000000 10.395010
250 0.000000 0.000000 600.000000 10.695188
250 0.000000 0.000000 700.000000 10.819165
250 0.000000 0.000000 800.000000 10.430247
260 0.000000 0.000000 100.000000 12.500000
260 0.000000 0.000000 200.000000 10.928962
260 0.000000 0.000000 300.000000 10.791367
260 0.000000 0.000000 400.000000 10.752688
260 0.000000 0.000000 500.000000 10.309278
260 0.000000 0.000000 600.000000 10.676157
260 0.000000 0.000000 700.000000 10.769231
260 0.000000 0.000000 800.000000 10.376135
270 0.000000 0.000000 100.000000 11.627907
270 0.000000 0.000000 200.000000 10.695188
270 0.000000 0.000000 300.000000 10.600707
270 0.000000 0.000000 400.000000 10.526316
270 0.000000 0.000000 500.000000 10.245902
270 0.000000 0.000000 600.000000 10.657193
270 0.000000 0.000000 700.000000 10.703364
270 0.000000 0.000000 800.000000 10.309278
280 0.000000 0.000000 100.000000 10.869565
280 0.000000 0.000000 200.000000 10.471204
280 0.000000 0.000000 300.000000 10.452962
280 0.000000 0.000000 400.000000 10.282776
280 0.000000 0.000000 500.000000 10.183299
280 0.000000 0.000000 600.000000 10.600707
280 0.000000 0.000000 700.000000 10.542169
280 0.000000 0.000000 800.000000 10.243278
290 0.000000 0.000000 100.000000 10.416667
290 0.000000 0.000000 200.000000 10.309278
290 0.000000 0.000000 300.000000 10.344828
290 0.000000 0.000000 400.000000 10.101010
290 0.000000 0.000000 500.000000 10.162601
290 0.000000 0.000000 600.000000 10.526316
290 0.000000 0.000000 700.000000 10.385756
290 0.000000 0.000000 800.000000 10.191083
300 0.000000 0.000000 100.000000 9.900990
300 0.000000 0.000000 200.000000 10.204082
300 0.000000 0.000000 300.000000 10.273973
300 0.000000 0.000000 400.000000 9.950249
300 0.000000 0.000000 500.000000 10.162601
300 0.000000 0.000000 600.000000 10.471204
300 0.000000 0.000000 700.000000 10.248902
300 0.000000 0.000000 800.000000 10.139417
310 0.000000 0.000000 100.000000 9.708738
310 0.000000 0.000000 200.000000 10.152285
310 0.000000 0.000000 300.000000 10.238908
310 0.000000 0.000000 400.000000 9.876543
310 0.000000 0.000000 500.000000 10.204082
310 0.000000 0.000000 600.000000 10.452962
310 0.000000 0.000000 700.000000 10.159652
310 0.000000 0.000000 800.000000 10.050251
320 0.000000 0.000000 100.000000 9.615385
320 0.000000 0.000000 200.000000 10.101010
320 0.000000 0.000000 300.000000 10.238908
320 0.000000 0.000000 400.000000 9.828010
320 0.000000 0.000000 500.000000 10.245902
320 0.000000 0.000000 600.000000 10.452962
320 0.000000 0.000000 700.000000 10.115607
320 0.000000 0.000000 800.000000 9.962640
330 0.000000 0.000000 100.000000 9.523809
330 0.000000 0.000000 200.000000 10.050251
330 0.000000 0.000000 300.000000 10.238908
330 0.000000 0.000000 400.000000 9.852217
330 0.000000 0.000000 500.000000 10.309278
330 0.000000 0.000000 600.000000 10.489511
330 0.000000 0.000000 700.000000 10.115607
330 0.000000 0.000000 800.000000 9.925558
340 0.000000 0.000000 100.000000 9.615385
340 0.000000 0.000000 200.000000 10.000000
340 0.000000 0.000000 300.000000 10.238908
340 0.000000 0.000000 400.000000 9.852217
340 0.000000 0.000000 500.000000 10.373444
340 0.000000 0.000000 600.000000 10.507881
340 0.000000 0.000000 700.000000 10.115607
340 0.000000 0.000000 800.000000 9.913259
350 0.000000 0.000000 100.000000 9.708738
350 0.000000 0.000000 200.000000 10.050251
350 0.000000 0.000000 300.000000 10.204082
350 0.000000 0.000000 400.000000 9.900990
350 0.000000 0.000000 500.000000 10.438414
350 0.000000 0.000000 600.000000 10.526316
350 0.000000 0.000000 700.000000 10.130246
350 0.000000 0.000000 800.000000 9.925558
360 0.000000 0.000000 100.000000 9.803922
360 0.000000 0.000000 200.000000 10.101010
360 0.000000 0.000000 300.000000 10.135135
360 0.000000 0.000000 400.000000 9.950249
360 0.000000 0.000000 500.000000 10.482181
360 0.000000 0.000000 600.000000 10.507881
360 0.000000 0.000000 700.000000 10.130246
360 0.000000 0.000000 800.000000 9.937888
370 0.000000 0.000000 100.000000 9.900990
370 0.000000 0.000000 200.000000 10.152285
370 0.000000 0.000000 300.000000 10.033444
370 0.000000 0.000000 400.000000 10.000000
370 0.000000 0.000000 500.000000 10.526316
370 0.000000 0.000000 600.000000 10.452962
370 0.000000 0.000000 700.000000 10.130246
370 0.000000 0.000000 800.000000 9.950249
380 0.000000 0.000000 100.000000 10.000000
380 0.000000 0.000000 200.000000 10.204082
380 0.000000 0.000000 300.000000 9.966778
380 0.000000 0.000000 400.000000 10.050251
380 0.000000 0.000000 500.000000 10.526316
380 0.000000 0.000000 600.000000 10.380623
380 0.000000 0.000000 700.000000 10.144928
380 0.000000 0.000000 800.000000 9.962640
390 0.000000 0.000000 100.000000 10.204082
390 0.000000 0.000000 200.000000 10.309278
390 0.000000 0.000000 300.000000 9.933775
390 0.000000 0.000000 400.000000 10.101010
390 0.000000 0.000000 500.000000 10.526316
390 0.000000 0.000000 600.000000 10.344828
390 0.000000 0.000000 700.000000 10.144928
390 0.000000 0.000000 800.000000 9.975062
400 0.000000 0.000000 100.000000 10.309278
400 0.000000 0.000000 200.000000 10.362695
400 0.000000 0.000000 300.000000 9.900990
400 0.000000 0.000000 400.000000 10.204082
400 0.000000 0.000000 500.000000 10.548523
400 0.000000 0.000000 600.000000 10.273973
400 0.000000 0.000000 700.000000 10.144928
400 0.000000 0.000000 800.000000 10.000000
410 0.000000 0.000000 100.000000 10.416667
410 0.000000 0.000000 200.000000 10.471204
410 0.000000 0.000000 300.000000 9.900990
410 0.000000 0.000000 400.000000 10.282776
410 0.000000 0.000000 500.000000 10.570825
410 0.000000 0.000000 600.000000 10.221465
410 0.000000 0.000000 700.000000 10.101010
410 0.000000 0.000000 800.000000 10.025063
420 0.000000 0.000000 100.000000 10.526316
420 0.000000 0.000000 200.000000 10.471204
420 0.000000 0.000000 300.000000 9.868421
420 0.000000 0.000000 400.000000 10.362695
420 0.000000 0.000000 500.000000 10.615711
420 0.000000 0.000000 600.000000 10.186757
420 0.000000 0.000000 700.000000 10.014306
420 0.000000 0.000000 800.000000 10.062893
430 0.000000 0.000000 100.000000 10.416667
430 0.000000 0.000000 200.000000 10.526316
430 0.000000 0.000000 300.000000 9.868421
430 0.000000 0.000000 400.000000 10.443864
430 0.000000 0.000000 500.000000 10.638298
430 0.000000 0.000000 600.000000 10.186757
430 0.000000 0.000000 700.000000 9.971510
430 0.000000 0.000000 800.000000 10.088272
440 0.000000 0.000000 100.000000 10.309278
440 0.000000 0.000000 200.000000 10.526316
440 0.000000 0.000000 300.000000 9.900990
440 0.000000 0.000000 400.000000 10.526316
440 0.000000 0.000000 500.000000 10.683761
440 0.000000 0.000000 600.000000 10.186757
440 0.000000 0.000000 700.000000 9.943182
440 0.000000 0.000000 800.000000 10.126582
450 0.000000 0.000000 100.000000 10.309278
450 0.000000 0.000000 200.000000 10.416667
450 0.000000 0.000000 300.000000 9.933775
450 0.000000 0.000000 400.000000 10.582010
450 0.000000 0.000000 500.000000 10.683761
450 0.000000 0.000000 600.000000 10.186757
450 0.000000 0.000000 700.000000 9.943182
450 0.000000 0.000000 800.000000 10.152285
460 0.000000 0.000000 100.000000 10.309278
460 0.000000 0.000000 200.000000 10.256411
460 0.000000 0.000000 300.000000 9.933775
460 0.000000 0.000000 400.000000 10.638298
460 0.000000 0.000000 500.000000 10.638298
460 0.000000 0.000000 600.000000 10.169492
460 0.000000 0.000000 700.000000 9.943182
460 0.000000 0.000000 800.000000 10.178117
470 0.000000 0.000000 100.000000 10.309278
470 0.000000 0.000000 200.000000 10.050251
470 0.000000 0.000000 300.000000 9.966778
470 0.000000 0.000000 400.000000 10.638298
470 0.000000 0.000000 500.000000 10.526316
470 0.000000 0.000000 600.000000 10.152285
470 0.000000 0.000000 700.000000 9.929078
470 0.000000 0.000000 800.000000 10.204082
480 0.000000 0.000000 100.000000 10.309278
480 0.000000 0.000000 200.000000 9.852217
480 0.000000 0.000000 300.000000 10.000000
480 0.000000 0.000000 400.000000 10.610080
480 0.000000 0.000000 500.000000 10.416667
480 0.000000 0.000000 600.000000 10.135135
480 0.000000 0.000000 700.000000 9.929078
480 0.000000 0.000000 800.000000 10.243278
490 0.000000 0.000000 100.000000 10.204082
490 0.000000 0.000000 200.000000 9.708738
490 0.000000 0.000000 300.000000 10.067114
490 0.000000 0.000000 400.000000 10.582010
490 0.000000 0.000000 500.000000 10.309278
490 0.000000 0.000000 600.000000 10.101010
490 0.000000 0.000000 700.000000 9.929078
490 0.000000 0.000000 800.000000 10.269576
500 0.000000 0.000000 100.000000 10.309278
500 0.000000 0.000000 200.000000 9.615385
500 0.000000 0.000000 300.000000 10.135135
500 0.000000 0.000000 400.000000 10.582010
500 0.000000 0.000000 500.000000 10.183299
500 0.000000 0.000000 600.000000 10.050251
500 0.000000 0.000000 700.000000 9.943182
500 0.000000 0.000000 800.000000 10.309278
510 0.000000 0.000000 100.000000 10.309278
510 0.000000 0.000000 200.000000 9.523809
510 0.000000 0.000000 300.000000 10.204082
510 0.000000 0.000000 400.000000 10.582010
510 0.000000 0.000000 500.000000 10.101010
510 0.000000 0.000000 600.000000 9.950249
510 0.000000 0.000000 700.000000 9.971510
510 0.000000 0.000000 800.000000 10.335917
520 0.000000 0.000000 100.000000 10.416667
520 0.000000 0.000000 200.000000 9.523809
520 0.000000 0.000000 300.000000 10.344828
520 0.000000 0.000000 400.000000 10.638298
520 0.000000 0.000000 500.000000 10.101010
520 0.000000 0.000000 600.000000 9.884679
520 0.000000 0.000000 700.000000 10.000000
520 0.000000 0.000000 800.000000 10.389610
530 0.000000 0.000000 100.000000 10.526316
530 0.000000 0.000000 200.000000 9.569378
530 0.000000 0.000000 300.000000 10.452962
530 0.000000 0.000000 400.000000 10.695188
530 0.000000 0.000000 500.000000 10.121457
530 0.000000 0.000000 600.000000 9.852217
530 0.000000 0.000000 700.000000 10.043041
530 0.000000 0.000000 800.000000 10.443864
540 0.000000 0.000000 100.000000 10.526316
540 0.000000 0.000000 200.000000 9.661836
540 0.000000 0.000000 300.000000 10.563380
540 0.000000 0.000000 400.000000 10.752688
540 0.000000 0.000000 500.000000 10.121457
540 0.000000 0.000000 600.000000 9.852217
540 0.000000 0.000000 700.000000 10.086455
540 0.000000 0.000000 800.000000 10.484928
550 0.000000 0.000000 100.000000 10.309278
550 0.000000 0.000000 200.000000 9.708738
550 0.000000 0.000000 300.000000 10.676157
550 0.000000 0.000000 400.000000 10.752688
550 0.000000 0.000000 500.000000 10.121457
550 0.000000 0.000000 600.000000 9.868421
550 0.000000 0.000000 700.000000 10.130246
550 0.000000 0.000000 800.000000 10.526316
560 0.000000 0.000000 100.000000 9.803922
560 0.000000 0.000000 200.000000 9.708738
560 0.000000 0.000000 300.000000 10.714286
560 0.000000 0.000000 400.000000 10.638298
560 0.000000 0.000000 500.000000 10.101010
560 0.000000 0.000000 600.000000 9.852217
560 0.000000 0.000000 700.000000 10.159652
560 0.000000 0.000000 800.000000 10.554090
570 0.000000 0.000000 100.000000 9.523809
570 0.000000 0.000000 200.000000 9.756098
570 0.000000 0.000000 300.000000 10.676157
570 0.000000 0.000000 400.000000 10.498688
570 0.000000 0.000000 500.000000 10.080646
570 0.000000 0.000000 600.000000 9.852217
570 0.000000 0.000000 700.000000 10.189228
570 0.000000 0.000000 800.000000 10.596026
580 0.000000 0.000000 100.000000 9.259259
580 0.000000 0.000000 200.000000 9.852217
580 0.000000 0.000000 300.000000 10.676157
580 0.000000 0.000000 400.000000 10.362695
580 0.000000 0.000000 500.000000 10.060362
580 0.000000 0.000000 600.000000 9.852217
580 0.000000 0.000000 700.000000 10.233918
580 0.000000 0.000000 800.000000 10.624170
590 0.000000 0.000000 100.000000 9.009009
590 0.000000 0.000000 200.000000 9.950249
590 0.000000 0.000000 300.000000 10.638298
590 0.000000 0.000000 400.000000 10.204082
590 0.000000 0.000000 500.000000 10.020041
590 0.000000 0.000000 600.000000 9.852217
590 0.000000 0.000000 700.000000 10.263929
590 0.000000 0.000000 800.000000 10.652463
600 0.000000 0.000000 100.000000 8.849558
600 0.000000 0.000000 200.000000 10.050251
600 0.000000 0.000000 300.000000 10.600707
600 0.000000 0.000000 400.000000 10.075566
600 0.000000 0.000000 500.000000 9.920635
600 0.000000 0.000000 600.000000 9.868421
600 0.000000 0.000000 700.000000 10.294118
600 0.000000 0.000000 800.000000 10.695188
610 0.000000 0.000000 100.000000 8.695652
610 0.000000 0.000000 200.000000 10.152285
610 0.000000 0.000000 300.000000 10.638298
610 0.000000 0.000000 400.000000 10.000000
610 0.000000 0.000000 500.000000 9.803922
610 0.000000 0.000000 600.000000 9.900990
610 0.000000 0.000000 700.000000 10.339734
610 0.000000 0.000000 800.000000 10.723861
620 0.000000 0.000000 100.000000 8.695652
620 0.000000 0.000000 200.000000 10.309278
620 0.000000 0.000000 300.000000 10.676157
620 0.000000 0.000000 400.000000 10.000000
620 0.000000 0.000000 500.000000 9.727627
620 0.000000 0.000000 600.000000 9.933775
620 0.000000 0.000000 700.000000 10.385756
620 0.000000 0.000000 800.000000 10.767160
630 0.000000 0.000000 100.000000 8.771930
630 0.000000 0.000000 200.000000 10.471204
630 0.000000 0.000000 300.000000 10.752688
630 0.000000 0.000000 400.000000 10.000000
630 0.000000 0.000000 500.000000 9.708738
630 0.000000 0.000000 600.000000 9.983361
630 0.000000 0.000000 700.000000 10.447762
630 0.000000 0.000000 800.000000 10.810811
640 0.000000 0.000000 100.000000 8.928572
640 0.000000 0.000000 200.000000 10.638298
640 0.000000 0.000000 300.000000 10.830325
640 0.000000 0.000000 400.000000 10.025063
640 0.000000 0.000000 500.000000 9.727627
640 0.000000 0.000000 600.000000 10.033444
640 0.000000 0.000000 700.000000 10.494753
640 0.000000 0.000000 800.000000 10.869565
650 0.000000 0.000000 100.000000 9.174312
650 0.000000 0.000000 200.000000 10.869565
650 0.000000 0.000000 300.000000 10.869565
650 0.000000 0.000000 400.000000 10.075566
650 0.000000 0.000000 500.000000 9.765625
650 0.000000 0.000000 600.000000 10.101010
650 0.000000 0.000000 700.000000 10.574018
650 0.000000 0.000000 800.000000 10.928962
660 0.000000 0.000000 100.000000 9.433962
660 0.000000 0.000000 200.000000 11.111111
660 0.000000 0.000000 300.000000 10.869565
660 0.000000 0.000000 400.000000 10.126582
660 0.000000 0.000000 500.000000 9.823183
660 0.000000 0.000000 600.000000 10.186757
660 0.000000 0.000000 700.000000 10.638298
660 0.000000 0.000000 800.000000 11.004127
670 0.000000 0.000000 100.000000 9.803922
670 0.000000 0.000000 200.000000 11.299435
670 0.000000 0.000000 300.000000 10.830325
670 0.000000 0.000000 400.000000 10.178117
670 0.000000 0.000000 500.000000 9.881423
670 0.000000 0.000000 600.000000 10.256411
670 0.000000 0.000000 700.000000 10.719755
670 0.000000 0.000000 800.000000 11.065007
680 0.000000 0.000000 100.000000 10.101010
680 0.000000 0.000000 200.000000 11.363636
680 0.000000 0.000000 300.000000 10.791367
680 0.000000 0.000000 400.000000 10.230179
680 0.000000 0.000000 500.000000 9.920635
680 0.000000 0.000000 600.000000 10.344828
680 0.000000 0.000000 700.000000 10.785825
680 0.000000 0.000000 800.000000 11.142061
690 0.000000 0.000000 100.000000 10.526316
690 0.000000 0.000000 200.000000 11.494253
690 0.000000 0.000000 300.000000 10.714286
690 0.000000 0.000000 400.000000 10.256411
690 0.000000 0.000000 500.000000 9.960159
690 0.000000 0.000000 600.000000 10.416667
690 0.000000 0.000000 700.000000 10.852714
690 0.000000 0.000000 800.000000 11.204482
700 0.000000 0.000000 100.000000 10.869565
700 0.000000 0.000000 200.000000 11.560694
700 0.000000 0.000000 300.000000 10.600707
700 0.000000 0.000000 400.000000 10.282776
700 0.000000 0.000000 500.000000 10.020041
700 0.000000 0.000000 600.000000 10.489511
700 0.000000 0.000000 700.000000 10.920437
700 0.000000 0.000000 800.000000 11.267606
710 0.000000 0.000000 100.000000 11.363636
710 0.000000 0.000000 200.000000 11.695907
710 0.000000 0.000000 300.000000 10.526316
710 0.000000 0.000000 400.000000 10.230179
710 0.000000 0.000000 500.000000 10.080646
710 0.000000 0.000000 600.000000 10.563380
710 0.000000 0.000000 700.000000 10.989011
710 0.000000 0.000000 800.000000 11.331445
720 0.000000 0.000000 100.000000 11.764706
720 0.000000 0.000000 200.000000 11.834319
720 0.000000 0.000000 300.000000 10.489511
720 0.000000 0.000000 400.000000 10.126582
720 0.000000 0.000000 500.000000 10.121457
720 0.000000 0.000000 600.000000 10.619469
720 0.000000 0.000000 700.000000 11.041010
720 0.000000 0.000000 800.000000 11.396011
730 0.000000 0.000000 100.000000 12.195122
730 0.000000 0.000000 200.000000 11.904762
730 0.000000 0.000000 300.000000 10.452962
730 0.000000 0.000000 400.000000 10.000000
730 0.000000 0.000000 500.000000 10.183299
730 0.000000 0.000000 600.000000 10.695188
730 0.000000 0.000000 700.000000 11.093502
730 0.000000 0.000000 800.000000 11.444921
740 0.000000 0.000000 100.000000 12.658228
740 0.000000 0.000000 200.000000 11.976048
740 0.000000 0.000000 300.000000 10.416667
740 0.000000 0.000000 400.000000 9.950249
740 0.000000 0.000000 500.000000 10.224949
740 0.000000 0.000000 600.000000 10.733453
740 0.000000 0.000000 700.000000 11.146497
740 0.000000 0.000000 800.000000 11.494253
750 0.000000 0.000000 100.000000 12.987013
750 0.000000 0.000000 200.000000 11.976048
750 0.000000 0.000000 300.000000 10.416667
750 0.000000 0.000000 400.000000 9.925558
750 0.000000 0.000000 500.000000 10.266940
750 0.000000 0.000000 600.000000 10.791367
750 0.000000 0.000000 700.000000 11.182109
750 0.000000 0.000000 800.000000 11.544011
760 0.000000 0.000000 100.000000 13.157895
760 0.000000 0.000000 200.000000 11.834319
760 0.000000 0.000000 300.000000 10.344828
760 0.000000 0.000000 400.000000 9.900990
760 0.000000 0.000000 500.000000 10.288066
760 0.000000 0.000000 600.000000 10.830325
760 0.000000 0.000000 700.000000 11.217949
760 0.000000 0.000000 800.000000 11.577424
770 0.000000 0.000000 100.000000 12.987013
770 0.000000 0.000000 200.000000 11.363636
770 0.000000 0.000000 300.000000 10.273973
770 0.000000 0.000000 400.000000 9.852217
770 0.000000 0.000000 500.000000 10.330579
770 0.000000 0.000000 600.000000 10.849910
770 0.000000 0.000000 700.000000 11.254020
770 0.000000 0.000000 800.000000 11.611031
780 0.000000 0.000000 100.000000 12.658228
780 0.000000 0.000000 200.000000 10.928962
780 0.000000 0.000000 300.000000 10.169492
780 0.000000 0.000000 400.000000 9.828010
780 0.000000 0.000000 500.000000 10.351967
780 0.000000 0.000000 600.000000 10.869565
780 0.000000 0.000000 700.000000 11.272141
780 0.000000 0.000000 800.000000 11.627907
790 0.000000 0.000000 100.000000 12.048193
790 0.000000 0.000000 200.000000 10.416667
790 0.000000 0.000000 300.000000 10.033444
790 0.000000 0.000000 400.000000 9.779951
790 0.000000 0.000000 500.000000 10.373444
790 0.000000 0.000000 600.000000 10.889292
790 0.000000 0.000000 700.000000 11.290322
790 0.000000 0.000000 800.000000 11.644833
800 0.000000 0.000000 100.000000 11.764706
800 0.000000 0.000000 200.000000 9.950249
800 0.000000 0.000000 300.000000 9.740260
800 0.000000 0.000000 400.000000 9.756098
800 0.000000 0.000000 500.000000 10.373444
800 0.000000 0.000000 600.000000 10.889292
800 0.000000 0.000000 700.000000 11.308562
800 0.000000 0.000000 800.000000 11.611031
810 0.000000 0.000000 100.000000 11.363636
810 0.000000 0.000000 200.000000 9.661836
810 0.000000 0.000000 300.000000 9.404388
810 0.000000 0.000000 400.000000 9.732360
810 0.000000 0.000000 500.000000 10.395010
810 0.000000 0.000000 600.000000 10.889292
810 0.000000 0.000000 700.000000 11.308562
810 0.000000 0.000000 800.000000 11.510792
820 0.000000 0.000000 100.000000 11.111111
820 0.000000 0.000000 200.000000 9.478673
820 0.000000 0.000000 300.000000 9.202454
820 0.000000 0.000000 400.000000 9.708738
820 0.000000 0.000000 500.000000 10.395010
820 0.000000 0.000000 600.000000 10.909091
820 0.000000 0.000000 700.000000 11.326860
820 0.000000 0.000000 800.000000 11.267606
830 0.000000 0.000000 100.000000 10.752688
830 0.000000 0.000000 200.000000 9.345795
830 0.000000 0.000000 300.000000 9.118541
830 0.000000 0.000000 400.000000 9.732360
830 0.000000 0.000000 500.000000 10.416667
830 0.000000 0.000000 600.000000 10.909091
830 0.000000 0.000000 700.000000 11.345219
830 0.000000 0.000000 800.000000 11.111111
840 0.000000 0.000000 100.000000 10.204082
840 0.000000 0.000000 200.000000 9.259259
840 0.000000 0.000000 300.000000 9.090909
840 0.000000 0.000000 400.000000 9.756098
840 0.000000 0.000000 500.000000 10.438414
840 0.000000 0.000000 600.000000 10.948905
840 0.000000 0.000000 700.000000 11.382113
840 0.000000 0.000000 800.000000 11.034483
850 0.000000 0.000000 100.000000 9.708738
850 0.000000 0.000000 200.000000 9.216590
850 0.000000 0.000000 300.000000 9.090909
850 0.000000 0.000000 400.000000 9.803922
850 0.000000 0.000000 500.000000 10.504202
850 0.000000 0.000000 600.000000 11.009174
850 0.000000 0.000000 700.000000 11.419250
850 0.000000 0.000000 800.000000 10.973937
860 0.000000 0.000000 100.000000 9.433962
860 0.000000 0.000000 200.000000 9.216590
860 0.000000 0.000000 300.000000 9.118541
860 0.000000 0.000000 400.000000 9.900990
860 0.000000 0.000000 500.000000 10.570825
860 0.000000 0.000000 600.000000 11.070110
860 0.000000 0.000000 700.000000 11.494253
870 0.000000 0.000000 100.000000 9.009009
870 0.000000 0.000000 200.000000 9.174312
870 0.000000 0.000000 300.000000 9.146341
870 0.000000 0.000000 400.000000 9.975062
870 0.000000 0.000000 500.000000 10.638298
870 0.000000 0.000000 600.000000 11.131725
870 0.000000 0.000000 700.000000 11.532125
880 0.000000 0.000000 100.000000 8.620689
880 0.000000 0.000000 200.000000 9.009009
880 0.000000 0.000000 300.000000 9.174312
880 0.000000 0.000000 400.000000 10.025063
880 0.000000 0.000000 500.000000 10.683761
880 0.000000 0.000000 600.000000 11.194030
880 0.000000 0.000000 700.000000 11.570248
890 0.000000 0.000000 100.000000 8.403361
890 0.000000 0.000000 200.000000 8.733624
890 0.000000 0.000000 300.000000 9.202454
890 0.000000 0.000000 400.000000 10.101010
890 0.000000 0.000000 500.000000 10.729613
890 0.000000 0.000000 600.000000 11.235955
890 0.000000 0.000000 700.000000 11.570248
900 0.000000 0.000000 100.000000 8.264462
900 0.000000 0.000000 200.000000 8.510638
900 0.000000 0.000000 300.000000 9.259259
900 0.000000 0.000000 400.000000 10.152285
900 0.000000 0.000000 500.000000 10.775862
900 0.000000 0.000000 600.000000 11.278195
900 0.000000 0.000000 700.000000 11.419250
910 0.000000 0.000000 100.000000 8.130081
910 0.000000 0.000000 200.000000 8.403361
910 0.000000 0.000000 300.000000 9.287926
910 0.000000 0.000000 400.000000 10.204082
910 0.000000 0.000000 500.000000 10.822511
910 0.000000 0.000000 600.000000 11.320755
910 0.000000 0.000000 700.000000 11.217949
920 0.000000 0.000000 100.000000 8.130081
920 0.000000 0.000000 200.000000 8.403361
920 0.000000 0.000000 300.000000 9.345795
920 0.000000 0.000000 400.000000 10.256411
920 0.000000 0.000000 500.000000 10.893247
920 0.000000 0.000000 600.000000 11.406844
920 0.000000 0.000000 700.000000 11.128776
930 0.000000 0.000000 100.000000 8.264462
930 0.000000 0.000000 200.000000 8.474576
930 0.000000 0.000000 300.000000 9.463722
930 0.000000 0.000000 400.000000 10.389610
930 0.000000 0.000000 500.000000 10.989011
930 0.000000 0.000000 600.000000 11.494253
930 0.000000 0.000000 700.000000 11.128776
940 0.000000 0.000000 100.000000 8.403361
940 0.000000 0.000000 200.000000 8.583691
940 0.000000 0.000000 300.000000 9.615385
940 0.000000 0.000000 400.000000 10.526316
940 0.000000 0.000000 500.000000 11.111111
940 0.000000 0.000000 600.000000 11.605416
940 0.000000 0.000000 700.000000 11.146497
950 0.000000 0.000000 100.000000 8.620689
950 0.000000 0.000000 200.000000 8.733624
950 0.000000 0.000000 300.000000 9.771987
950 0.000000 0.000000 400.000000 10.666667
950 0.000000 0.000000 500.000000 11.235955
950 0.000000 0.000000 600.000000 11.718750
950 0.000000 0.000000 700.000000 11.146497
960 0.000000 0.000000 100.000000 8.849558
960 0.000000 0.000000 200.000000 8.849558
960 0.000000 0.000000 300.000000 9.933775
960 0.000000 0.000000 400.000000 10.781672
960 0.000000 0.000000 500.000000 11.363636
960 0.000000 0.000000 600.000000 11.834319
960 0.000000 0.000000 700.000000 11.146497
970 0.000000 0.000000 100.000000 9.009009
970 0.000000 0.000000 200.000000 8.968610
970 0.000000 0.000000 300.000000 10.101010
970 0.000000 0.000000 400.000000 10.928962
970 0.000000 0.000000 500.000000 11.494253
970 0.000000 0.000000 600.000000 11.952191
980 0.000000 0.000000 100.000000 9.259259
980 0.000000 0.000000 200.000000 9.174312
980 0.000000 0.000000 300.000000 10.273973
980 0.000000 0.000000 400.000000 11.080333
980 0.000000 0.000000 500.000000 11.627907
980 0.000000 0.000000 600.000000 12.072434
990 0.000000 0.000000 100.000000 9.345795
990 0.000000 0.000000 200.000000 9.345795
990 0.000000 0.000000 300.000000 10.452962
990 0.000000 0.000000 400.000000 11.235955
990 0.000000 0.000000 500.000000 11.792453
990 0.000000 0.000000 600.000000 12.195122
1000 0.000000 0.000000 100.000000 9.174312
1000 0.000000 0.000000 200.000000 9.523809
1000 0.000000 0.000000 300.000000 10.638298
1000 0.000000 0.000000 400.000000 11.396011
1000 0.000000 0.000000 500.000000 11.904762
1000 0.000000 0.000000 600.000000 12.269938
1010 0.000000 0.000000 100.000000 8.928572
1010 0.000000 0.000000 200.000000 9.661836
1010 0.000000 0.000000 300.000000 10.791367
1010 0.000000 0.000000 400.000000 11.527377
1010 0.000000 0.000000 500.000000 12.048193
1010 0.000000 0.000000 600.000000 12.295082
1020 0.000000 0.000000 100.000000 8.695652
1020 0.000000 0.000000 200.000000 9.756098
1020 0.000000 0.000000 300.000000 10.948905
1020 0.000000 0.000000 400.000000 11.627907
1020 0.000000 0.000000 500.000000 12.135922
1020 0.000000 0.000000 600.000000 12.170385
1030 0.000000 0.000000 100.000000 8.620689
1030 0.000000 0.000000 200.000000 9.900990
1030 0.000000 0.000000 300.000000 11.070110
1030 0.000000 0.000000 400.000000 11.730206
1030 0.000000 0.000000 500.000000 12.224939
1030 0.000000 0.000000 600.000000 11.952191
1040 0.000000 0.000000 100.000000 8.620689
1040 0.000000 0.000000 200.000000 10.000000
1040 0.000000 0.000000 300.000000 11.194030
1040 0.000000 0.000000 400.000000 11.834319
1040 0.000000 0.000000 500.000000 12.345679
1040 0.000000 0.000000 600.000000 11.834319
1050 0.000000 0.000000 100.000000 8.620689
1050 0.000000 0.000000 200.000000 10.152285
1050 0.000000 0.000000 300.000000 11.320755
1050 0.000000 0.000000 400.000000 11.940298
1050 0.000000 0.000000 500.000000 12.437811
1050 0.000000 0.000000 600.000000 11.764706
1060 0.000000 0.000000 100.000000 8.695652
1060 0.000000 0.000000 200.000000 10.309278
1060 0.000000 0.000000 300.000000 11.450381
1060 0.000000 0.000000 400.000000 12.048193
1060 0.000000 0.000000 500.000000 12.531328
1060 0.000000 0.000000 600.000000 11.718750
1070 0.000000 0.000000 100.000000 8.771930
1070 0.000000 0.000000 200.000000 10.471204
1070 0.000000 0.000000 300.000000 11.583012
1070 0.000000 0.000000 400.000000 12.158054
1070 0.000000 0.000000 500.000000 12.626263
1070 0.000000 0.000000 600.000000 11.627907
1080 0.000000 0.000000 100.000000 8.849558
1080 0.000000 0.000000 200.000000 10.695188
1080 0.000000 0.000000 300.000000 11.718750
1080 0.000000 0.000000 400.000000 12.307693
1080 0.000000 0.000000 500.000000 12.755102
1090 0.000000 0.000000 100.000000 9.009009
1090 0.000000 0.000000 200.000000 10.869565
1090 0.000000 0.000000 300.000000 11.904762
1090 0.000000 0.000000 400.000000 12.461060
1090 0.000000 0.000000 500.000000 12.853471
1100 0.000000 0.000000 100.000000 9.345795
1100 0.000000 0.000000 200.000000 11.173184
1100 0.000000 0.000000 300.000000 12.096774
1100 0.000000 0.000000 400.000000 12.658228
1100 0.000000 0.000000 500.000000 12.987013
1110 0.000000 0.000000 100.000000 9.803922
1110 0.000000 0.000000 200.000000 11.560694
1110 0.000000 0.000000 300.000000 12.396694
1110 0.000000 0.000000 400.000000 12.861736
1110 0.000000 0.000000 500.000000 13.157895
1120 0.000000 0.000000 100.000000 10.309278
1120 0.000000 0.000000 200.000000 11.976048
1120 0.000000 0.000000 300.000000 12.658228
1120 0.000000 0.000000 400.000000 13.114754
1120 0.000000 0.000000 500.000000 13.262600
1130 0.000000 0.000000 100.000000 10.869565
1130 0.000000 0.000000 200.000000 12.345679
1130 0.000000 0.000000 300.000000 12.931034
1130 0.000000 0.000000 400.000000 13.333333
1130 0.000000 0.000000 500.000000 13.262600
1140 0.000000 0.000000 100.000000 11.235955
1140 0.000000 0.000000 200.000000 12.658228
1140 0.000000 0.000000 300.000000 13.157895
1140 0.000000 0.000000 400.000000 13.559322
1140 0.000000 0.000000 500.000000 13.054831
1150 0.000000 0.000000 100.000000 11.627907
1150 0.000000 0.000000 200.000000 12.903226
1150 0.000000 0.000000 300.000000 13.333333
1150 0.000000 0.000000 400.000000 13.698630
1150 0.000000 0.000000 500.000000 12.820513
1160 0.000000 0.000000 100.000000 11.904762
1160 0.000000 0.000000 200.000000 13.157895
1160 0.000000 0.000000 300.000000 13.513514
1160 0.000000 0.000000 400.000000 13.840831
1160 0.000000 0.000000 500.000000 12.690355
1170 0.000000 0.000000 100.000000 12.345679
1170 0.000000 0.000000 200.000000 13.333333
1170 0.000000 0.000000 300.000000 13.698630
1170 0.000000 0.000000 400.000000 13.986014
1170 0.000000 0.000000 500.000000 12.594459
1180 0.000000 0.000000 100.000000 12.658228
1180 0.000000 0.000000 200.000000 13.605442
1180 0.000000 0.000000 300.000000 13.824884
1180 0.000000 0.000000 400.000000 14.084507
1180 0.000000 0.000000 500.000000 12.468828
1190 0.000000 0.000000 100.000000 13.157895
1190 0.000000 0.000000 200.000000 13.793103
1190 0.000000 0.000000 300.000000 14.018692
1190 0.000000 0.000000 400.000000 14.234876
1200 0.000000 0.000000 100.000000 13.513514
1200 0.000000 0.000000 200.000000 13.986014
1200 0.000000 0.000000 300.000000 14.150944
1200 0.000000 0.000000 400.000000 14.285714
1210 0.000000 0.000000 100.000000 13.698630
1210 0.000000 0.000000 200.000000 14.084507
1210 0.000000 0.000000 300.000000 14.285714
1210 0.000000 0.000000 400.000000 14.285714
1220 0.000000 0.000000 100.000000 13.888889
1220 0.000000 0.000000 200.000000 14.184397
1220 0.000000 0.000000 300.000000 14.354067
1220 0.000000 0.000000 400.000000 13.986014
1230 0.000000 0.000000 100.000000 14.084507
1230 0.000000 0.000000 200.000000 14.285714
1230 0.000000 0.000000 300.000000 14.423077
1230 0.000000 0.000000 400.000000 13.333333
1240 0.000000 0.000000 100.000000 14.285714
1240 0.000000 0.000000 200.000000 14.285714
1240 0.000000 0.000000 300.000000 14.492754
1240 0.000000 0.000000 400.000000 12.861736
1250 0.000000 0.000000 100.000000 14.285714
1250 0.000000 0.000000 200.000000 14.388489
1250 0.000000 0.000000 300.000000 14.492754
1250 0.000000 0.000000 400.000000 12.578616
1260 0.000000 0.000000 100.000000 14.285714
1260 0.000000 0.000000 200.000000 14.388489
1260 0.000000 0.000000 300.000000 14.563107
1260 0.000000 0.000000 400.000000 12.232416
1270 0.000000 0.000000 100.000000 14.285714
1270 0.000000 0.000000 200.000000 14.388489
1270 0.000000 0.000000 300.000000 14.492754
1280 0.000000 0.000000 100.000000 14.084507
1280 0.000000 0.000000 200.000000 14.388489
1280 0.000000 0.000000 300.000000 14.423077
1290 0.000000 0.000000 100.000000 14.084507
1290 0.000000 0.000000 200.000000 14.388489
1290 0.000000 0.000000 300.000000 13.953488
1300 0.000000 0.000000 100.000000 14.084507
1300 0.000000 0.000000 200.000000 14.388489
1300 0.000000 0.000000 300.000000 12.931034
1310 0.000000 0.000000 100.000000 14.084507
1310 0.000000 0.000000 200.000000 14.492754
1310 0.000000 0.000000 300.000000 12.345679
1320 0.000000 0.000000 100.000000 14.084507
1320 0.000000 0.000000 200.000000 14.492754
1320 0.000000 0.000000 300.000000 12.000000
1330 0.000000 0.000000 100.000000 14.084507
1330 0.000000 0.000000 200.000000 14.492754
1330 0.000000 0.000000 300.000000 11.538462
1340 0.000000 0.000000 100.000000 14.084507
1340 0.000000 0.000000 200.000000 14.492754
1350 0.000000 0.000000 100.000000 14.285714
1350 0.000000 0.000000 200.000000 14.285714
1360 0.000000 0.000000 100.000000 14.285714
1360 0.000000 0.000000 200.000000 13.605442
1370 0.000000 0.000000 100.000000 14.492754
1370 0.000000 0.000000 200.000000 12.269938
1380 0.000000 0.000000 100.000000 14.492754
1380 0.000000 0.000000 200.000000 11.494253
1390 0.000000 0.000000 100.000000 14.492754
1390 0.000000 0.000000 200.000000 11.049724
1400 0.000000 0.000000 100.000000 14.492754
1410 0.000000 0.000000 100.000000 14.492754
1420 0.000000 0.000000 100.000000 13.888889
1430 0.000000 0.000000 100.000000 12.195122
1440 0.000000 0.000000 100.000000 10.101010
1450 0.000000 0.000000 100.000000 9.259259
1460 0.000000 0.000000 100.000000 8.547009
