0 0.000000 0.000000 100.000000 7.633588
0 0.000000 0.000000 200.000000 7.782101
0 0.000000 0.000000 300.000000 7.772021
0 0.000000 0.000000 400.000000 8.146640
0 0.000000 0.000000 500.000000 8.051530
0 0.000000 0.000000 600.000000 7.957560
0 0.000000 0.000000 700.000000 8.505467
0 0.000000 0.000000 800.000000 8.528785
10 0.000000 0.000000 100.000000 8.130081
10 0.000000 0.000000 200.000000 8.000000
10 0.000000 0.000000 300.000000 7.936508
10 0.000000 0.000000 400.000000 8.281573
10 0.000000 0.000000 500.000000 8.064516
10 0.000000 0.000000 600.000000 8.042895
10 0.000000 0.000000 700.000000 8.599508
10 0.000000 0.000000 800.000000 8.592911
20 0.000000 0.000000 100.000000 8.547009
20 0.000000 0.000000 200.000000 8.163265
20 0.000000 0.000000 300.000000 8.064516
20 0.000000 0.000000 400.000000 8.403361
20 0.000000 0.000000 500.000000 7.974482
20 0.000000 0.000000 600.000000 8.130081
20 0.000000 0.000000 700.000000 8.674102
20 0.000000 0.000000 800.000000 8.658009
30 0.000000 0.000000 100.000000 8.928572
30 0.000000 0.000000 200.000000 8.230453
30 0.000000 0.000000 300.000000 8.152174
30 0.000000 0.000000 400.000000 8.474576
30 0.000000 0.000000 500.000000 7.898894
30 0.000000 0.000000 600.000000 8.196721
30 0.000000 0.000000 700.000000 8.750000
30 0.000000 0.000000 800.000000 8.686211
40 0.000000 0.000000 100.000000 9.009009
40 0.000000 0.000000 200.000000 8.230453
40 0.000000 0.000000 300.000000 8.174387
40 0.000000 0.000000 400.000000 8.528785
40 0.000000 0.000000 500.000000 7.861635
40 0.000000 0.000000 600.000000 8.241758
40 0.000000 0.000000 700.000000 8.793970
40 0.000000 0.000000 800.000000 8.629990
50 0.000000 0.000000 100.000000 9.090909
50 0.000000 0.000000 200.000000 8.196721
50 0.000000 0.000000 300.000000 8.196721
50 0.000000 0.000000 400.000000 8.547009
50 0.000000 0.000000 500.000000 7.861635
50 0.000000 0.000000 600.000000 8.287292
50 0.000000 0.000000 700.000000 8.816121
50 0.000000 0.000000 800.000000 8.333333
60 0.000000 0.000000 100.000000 9.174312
60 0.000000 0.000000 200.000000 8.163265
60 0.000000 0.000000 300.000000 8.219178
60 0.000000 0.000000 400.000000 8.547009
60 0.000000 0.000000 500.000000 7.861635
60 0.000000 0.000000 600.000000 8.333333
60 0.000000 0.000000 700.000000 8.805032
60 0.000000 0.000000 800.000000 8.281573
70 0.000000 0.000000 100.000000 9.174312
70 0.000000 0.000000 200.000000 8.163265
70 0.000000 0.000000 300.000000 8.264462
70 0.000000 0.000000 400.000000 8.528785
70 0.000000 0.000000 500.000000 7.886436
70 0.000000 0.000000 600.000000 8.391608
70 0.000000 0.000000 700.000000 8.739077
70 0.000000 0.000000 800.000000 8.281573
80 0.000000 0.000000 100.000000 9.174312
80 0.000000 0.000000 200.000000 8.130081
80 0.000000 0.000000 300.000000 8.287292
80 0.000000 0.000000 400.000000 8.492569
80 0.000000 0.000000 500.000000 7.911392
80 0.000000 0.000000 600.000000 8.438819
80 0.000000 0.000000 700.000000 8.695652
80 0.000000 0.000000 800.000000 8.290155
90 0.000000 0.000000 100.000000 8.928572
90 0.000000 0.000000 200.000000 8.032128
90 0.000000 0.000000 300.000000 8.264462
90 0.000000 0.000000 400.000000 8.438819
90 0.000000 0.000000 500.000000 7.923930
90 0.000000 0.000000 600.000000 8.474576
90 0.000000 0.000000 700.000000 8.663366
90 0.000000 0.000000 800.000000 8.281573
100 0.000000 0.000000 100.000000 8.695652
100 0.000000 0.000000 200.000000 7.936508
100 0.000000 0.000000 300.000000 8.264462
100 0.000000 0.000000 400.000000 8.368201
100 0.000000 0.000000 500.000000 7.936508
100 0.000000 0.000000 600.000000 8.522727
100 0.000000 0.000000 700.000000 8.641975
100 0.000000 0.000000 800.000000 8.273009
110 0.000000 0.000000 100.000000 8.403361
110 0.000000 0.000000 200.000000 7.874016
110 0.000000 0.000000 300.000000 8.264462
110 0.000000 0.000000 400.000000 8.316009
110 0.000000 0.000000 500.000000 7.949126
110 0.000000 0.000000 600.000000 8.559201
110 0.000000 0.000000 700.000000 8.641975
110 0.000000 0.000000 800.000000 8.273009
120 0.000000 0.000000 100.000000 8.064516
120 0.000000 0.000000 200.000000 7.843137
120 0.000000 0.000000 300.000000 8.264462
120 0.000000 0.000000 400.000000 8.264462
120 0.000000 0.000000 500.000000 7.974482
120 0.000000 0.000000 600.000000 8.608321
120 0.000000 0.000000 700.000000 8.641975
120 0.000000 0.000000 800.000000 8.273009
130 0.000000 0.000000 100.000000 7.812500
130 0.000000 0.000000 200.000000 7.782101
130 0.000000 0.000000 300.000000 8.287292
130 0.000000 0.000000 400.000000 8.113590
130 0.000000 0.000000 500.000000 8.000000
130 0.000000 0.000000 600.000000 8.658009
130 0.000000 0.000000 700.000000 8.652658
130 0.000000 0.000000 800.000000 8.255934
140 0.000000 0.000000 100.000000 7.575758
140 0.000000 0.000000 200.000000 7.782101
140 0.000000 0.000000 300.000000 8.310249
140 0.000000 0.000000 400.000000 7.677543
140 0.000000 0.000000 500.000000 8.038586
140 0.000000 0.000000 600.000000 8.695652
140 0.000000 0.000000 700.000000 8.641975
140 0.000000 0.000000 800.000000 8.188332
150 0.000000 0.000000 100.000000 7.462687
150 0.000000 0.000000 200.000000 7.751938
150 0.000000 0.000000 300.000000 8.333333
150 0.000000 0.000000 400.000000 7.604563
150 0.000000 0.000000 500.000000 8.090615
150 0.000000 0.000000 600.000000 8.733624
150 0.000000 0.000000 700.000000 8.536586
150 0.000000 0.000000 800.000000 7.662835
160 0.000000 0.000000 100.000000 7.352941
160 0.000000 0.000000 200.000000 7.782101
160 0.000000 0.000000 300.000000 8.356546
160 0.000000 0.000000 400.000000 7.575758
160 0.000000 0.000000 500.000000 8.130081
160 0.000000 0.000000 600.000000 8.759124
160 0.000000 0.000000 700.000000 8.206330
170 0.000000 0.000000 100.000000 7.299270
170 0.000000 0.000000 200.000000 7.812500
170 0.000000 0.000000 300.000000 8.333333
170 0.000000 0.000000 400.000000 7.575758
170 0.000000 0.000000 500.000000 8.183306
170 0.000000 0.000000 600.000000 8.708273
170 0.000000 0.000000 700.000000 8.158508
180 0.000000 0.000000 100.000000 7.246377
180 0.000000 0.000000 200.000000 7.843137
180 0.000000 0.000000 300.000000 8.287292
180 0.000000 0.000000 400.000000 7.604563
180 0.000000 0.000000 500.000000 8.237232
180 0.000000 0.000000 600.000000 8.633094
180 0.000000 0.000000 700.000000 8.149011
190 0.000000 0.000000 100.000000 7.194244
190 0.000000 0.000000 200.000000 7.874016
190 0.000000 0.000000 300.000000 8.264462
190 0.000000 0.000000 400.000000 7.633588
190 0.000000 0.000000 500.000000 8.305648
190 0.000000 0.000000 600.000000 8.595988
190 0.000000 0.000000 700.000000 8.158508
200 0.000000 0.000000 100.000000 7.194244
200 0.000000 0.000000 200.000000 7.905138
200 0.000000 0.000000 300.000000 8.264462
200 0.000000 0.000000 400.000000 7.677543
200 0.000000 0.000000 500.000000 8.375210
200 0.000000 0.000000 600.000000 8.595988
200 0.000000 0.000000 700.000000 8.177570
210 0.000000 0.000000 100.000000 7.246377
210 0.000000 0.000000 200.000000 7.968128
210 0.000000 0.000000 300.000000 8.241758
210 0.000000 0.000000 400.000000 7.722008
210 0.000000 0.000000 500.000000 8.445946
210 0.000000 0.000000 600.000000 8.608321
210 0.000000 0.000000 700.000000 8.196721
220 0.000000 0.000000 100.000000 7.299270
220 0.000000 0.000000 200.000000 8.064516
220 0.000000 0.000000 300.000000 8.241758
220 0.000000 0.000000 400.000000 7.766990
220 0.000000 0.000000 500.000000 8.517887
220 0.000000 0.000000 600.000000 8.633094
220 0.000000 0.000000 700.000000 8.225616
230 0.000000 0.000000 100.000000 7.352941
230 0.000000 0.000000 200.000000 8.163265
230 0.000000 0.000000 300.000000 8.264462
230 0.000000 0.000000 400.000000 7.827789
230 0.000000 0.000000 500.000000 8.591065
230 0.000000 0.000000 600.000000 8.670520
230 0.000000 0.000000 700.000000 8.244994
240 0.000000 0.000000 100.000000 7.462687
240 0.000000 0.000000 200.000000 8.298756
240 0.000000 0.000000 300.000000 8.287292
240 0.000000 0.000000 400.000000 7.905138
240 0.000000 0.000000 500.000000 8.680555
240 0.000000 0.000000 600.000000 8.720930
240 0.000000 0.000000 700.000000 8.274232
250 0.000000 0.000000 100.000000 7.633588
250 0.000000 0.000000 200.000000 8.438819
250 0.000000 0.000000 300.000000 8.287292
250 0.000000 0.000000 400.000000 7.984032
250 0.000000 0.000000 500.000000 8.771930
250 0.000000 0.000000 600.000000 8.771930
250 0.000000 0.000000 700.000000 8.303678
260 0.000000 0.000000 100.000000 7.751938
260 0.000000 0.000000 200.000000 8.547009
260 0.000000 0.000000 300.000000 8.021390
260 0.000000 0.000000 400.000000 8.064516
260 0.000000 0.000000 500.000000 8.849558
260 0.000000 0.000000 600.000000 8.810573
260 0.000000 0.000000 700.000000 8.313540
270 0.000000 0.000000 100.000000 7.874016
270 0.000000 0.000000 200.000000 8.658009
270 0.000000 0.000000 300.000000 7.692307
270 0.000000 0.000000 400.000000 8.130081
270 0.000000 0.000000 500.000000 8.928572
270 0.000000 0.000000 600.000000 8.823529
270 0.000000 0.000000 700.000000 8.264462
280 0.000000 0.000000 100.000000 7.936508
280 0.000000 0.000000 200.000000 8.771930
280 0.000000 0.000000 300.000000 7.614213
280 0.000000 0.000000 400.000000 8.213552
280 0.000000 0.000000 500.000000 9.009009
280 0.000000 0.000000 600.000000 8.784773
280 0.000000 0.000000 700.000000 7.803791
290 0.000000 0.000000 100.000000 8.064516
290 0.000000 0.000000 200.000000 8.849558
290 0.000000 0.000000 300.000000 7.614213
290 0.000000 0.000000 400.000000 8.281573
290 0.000000 0.000000 500.000000 9.057971
290 0.000000 0.000000 600.000000 8.403361
300 0.000000 0.000000 100.000000 8.196721
300 0.000000 0.000000 200.000000 8.928572
300 0.000000 0.000000 300.000000 7.633588
300 0.000000 0.000000 400.000000 8.368201
300 0.000000 0.000000 500.000000 9.074410
300 0.000000 0.000000 600.000000 8.321775
310 0.000000 0.000000 100.000000 8.333333
310 0.000000 0.000000 200.000000 8.888889
310 0.000000 0.000000 300.000000 7.672634
310 0.000000 0.000000 400.000000 8.456659
310 0.000000 0.000000 500.000000 9.009009
310 0.000000 0.000000 600.000000 8.310249
320 0.000000 0.000000 100.000000 8.474576
320 0.000000 0.000000 200.000000 8.849558
320 0.000000 0.000000 300.000000 7.731959
320 0.000000 0.000000 400.000000 8.547009
320 0.000000 0.000000 500.000000 8.944544
320 0.000000 0.000000 600.000000 8.321775
330 0.000000 0.000000 100.000000 8.620689
330 0.000000 0.000000 200.000000 8.849558
330 0.000000 0.000000 300.000000 7.772021
330 0.000000 0.000000 400.000000 8.620689
330 0.000000 0.000000 500.000000 8.912656
330 0.000000 0.000000 600.000000 8.333333
340 0.000000 0.000000 100.000000 8.695652
340 0.000000 0.000000 200.000000 8.849558
340 0.000000 0.000000 300.000000 7.832898
340 0.000000 0.000000 400.000000 8.714597
340 0.000000 0.000000 500.000000 8.912656
340 0.000000 0.000000 600.000000 8.356546
350 0.000000 0.000000 100.000000 8.849558
350 0.000000 0.000000 200.000000 8.771930
350 0.000000 0.000000 300.000000 7.894737
350 0.000000 0.000000 400.000000 8.810573
350 0.000000 0.000000 500.000000 8.928572
350 0.000000 0.000000 600.000000 8.368201
360 0.000000 0.000000 100.000000 8.928572
360 0.000000 0.000000 200.000000 8.771930
360 0.000000 0.000000 300.000000 7.936508
360 0.000000 0.000000 400.000000 8.888889
360 0.000000 0.000000 500.000000 8.960573
360 0.000000 0.000000 600.000000 8.391608
370 0.000000 0.000000 100.000000 9.090909
370 0.000000 0.000000 200.000000 8.733624
370 0.000000 0.000000 300.000000 8.000000
370 0.000000 0.000000 400.000000 8.988764
370 0.000000 0.000000 500.000000 8.976661
370 0.000000 0.000000 600.000000 8.403361
380 0.000000 0.000000 100.000000 9.259259
380 0.000000 0.000000 200.000000 8.620689
380 0.000000 0.000000 300.000000 8.086253
380 0.000000 0.000000 400.000000 9.070294
380 0.000000 0.000000 500.000000 9.009009
380 0.000000 0.000000 600.000000 8.415147
390 0.000000 0.000000 100.000000 9.433962
390 0.000000 0.000000 200.000000 7.843137
390 0.000000 0.000000 300.000000 8.152174
390 0.000000 0.000000 400.000000 9.174312
390 0.000000 0.000000 500.000000 9.025270
390 0.000000 0.000000 600.000000 8.379889
400 0.000000 0.000000 100.000000 9.615385
400 0.000000 0.000000 200.000000 7.462687
400 0.000000 0.000000 300.000000 8.241758
400 0.000000 0.000000 400.000000 9.237875
400 0.000000 0.000000 500.000000 9.009009
400 0.000000 0.000000 600.000000 8.241758
410 0.000000 0.000000 100.000000 9.708738
410 0.000000 0.000000 200.000000 7.380074
410 0.000000 0.000000 300.000000 8.310249
410 0.000000 0.000000 400.000000 9.302325
410 0.000000 0.000000 500.000000 8.650519
420 0.000000 0.000000 100.000000 9.615385
420 0.000000 0.000000 200.000000 7.352941
420 0.000000 0.000000 300.000000 8.379889
420 0.000000 0.000000 400.000000 9.280743
420 0.000000 0.000000 500.000000 8.319468
430 0.000000 0.000000 100.000000 9.345795
430 0.000000 0.000000 200.000000 7.352941
430 0.000000 0.000000 300.000000 8.474576
430 0.000000 0.000000 400.000000 9.132421
430 0.000000 0.000000 500.000000 8.278146
440 0.000000 0.000000 100.000000 9.090909
440 0.000000 0.000000 200.000000 7.380074
440 0.000000 0.000000 300.000000 8.547009
440 0.000000 0.000000 400.000000 9.009009
440 0.000000 0.000000 500.000000 8.264462
450 0.000000 0.000000 100.000000 8.928572
450 0.000000 0.000000 200.000000 7.407407
450 0.000000 0.000000 300.000000 8.645534
450 0.000000 0.000000 400.000000 8.948545
450 0.000000 0.000000 500.000000 8.264462
460 0.000000 0.000000 100.000000 8.695652
460 0.000000 0.000000 200.000000 7.434944
460 0.000000 0.000000 300.000000 8.746356
460 0.000000 0.000000 400.000000 8.928572
460 0.000000 0.000000 500.000000 8.264462
470 0.000000 0.000000 100.000000 8.474576
470 0.000000 0.000000 200.000000 7.462687
470 0.000000 0.000000 300.000000 8.823529
470 0.000000 0.000000 400.000000 8.928572
470 0.000000 0.000000 500.000000 8.264462
480 0.000000 0.000000 100.000000 8.196721
480 0.000000 0.000000 200.000000 7.518797
480 0.000000 0.000000 300.000000 8.928572
480 0.000000 0.000000 400.000000 8.928572
480 0.000000 0.000000 500.000000 8.250825
490 0.000000 0.000000 100.000000 7.575758
490 0.000000 0.000000 200.000000 7.575758
490 0.000000 0.000000 300.000000 9.009009
490 0.000000 0.000000 400.000000 8.908686
490 0.000000 0.000000 500.000000 8.223684
500 0.000000 0.000000 100.000000 6.172840
500 0.000000 0.000000 200.000000 7.633588
500 0.000000 0.000000 300.000000 9.090909
500 0.000000 0.000000 400.000000 8.869180
500 0.000000 0.000000 500.000000 8.077544
510 0.000000 0.000000 100.000000 5.917160
510 0.000000 0.000000 200.000000 7.692307
510 0.000000 0.000000 300.000000 9.146341
510 0.000000 0.000000 400.000000 8.547009
520 0.000000 0.000000 100.000000 5.882353
520 0.000000 0.000000 200.000000 7.812500
520 0.000000 0.000000 300.000000 9.146341
520 0.000000 0.000000 400.000000 8.048289
530 0.000000 0.000000 100.000000 5.952381
530 0.000000 0.000000 200.000000 7.968128
530 0.000000 0.000000 300.000000 9.090909
530 0.000000 0.000000 400.000000 8.016032
540 0.000000 0.000000 100.000000 6.060606
540 0.000000 0.000000 200.000000 8.130081
540 0.000000 0.000000 300.000000 8.982036
540 0.000000 0.000000 400.000000 8.032128
550 0.000000 0.000000 100.000000 6.134969
550 0.000000 0.000000 200.000000 8.298756
550 0.000000 0.000000 300.000000 8.928572
550 0.000000 0.000000 400.000000 8.064516
560 0.000000 0.000000 100.000000 6.250000
560 0.000000 0.000000 200.000000 8.438819
560 0.000000 0.000000 300.000000 8.928572
560 0.000000 0.000000 400.000000 8.080808
570 0.000000 0.000000 100.000000 6.410256
570 0.000000 0.000000 200.000000 8.658009
570 0.000000 0.000000 300.000000 8.955224
570 0.000000 0.000000 400.000000 8.130081
580 0.000000 0.000000 100.000000 6.535948
580 0.000000 0.000000 200.000000 8.849558
580 0.000000 0.000000 300.000000 9.009009
580 0.000000 0.000000 400.000000 8.163265
590 0.000000 0.000000 100.000000 6.666667
590 0.000000 0.000000 200.000000 9.049774
590 0.000000 0.000000 300.000000 9.063444
590 0.000000 0.000000 400.000000 8.196721
600 0.000000 0.000000 100.000000 6.849315
600 0.000000 0.000000 200.000000 9.259259
600 0.000000 0.000000 300.000000 9.146341
600 0.000000 0.000000 400.000000 8.230453
610 0.000000 0.000000 100.000000 7.092198
610 0.000000 0.000000 200.000000 9.523809
610 0.000000 0.000000 300.000000 9.259259
610 0.000000 0.000000 400.000000 8.281573
620 0.000000 0.000000 100.000000 7.462687
620 0.000000 0.000000 200.000000 9.852217
620 0.000000 0.000000 300.000000 9.404388
620 0.000000 0.000000 400.000000 8.368201
630 0.000000 0.000000 100.000000 7.936508
630 0.000000 0.000000 200.000000 10.256411
630 0.000000 0.000000 300.000000 9.646302
630 0.000000 0.000000 400.000000 8.492569
640 0.000000 0.000000 100.000000 8.547009
640 0.000000 0.000000 200.000000 10.752688
640 0.000000 0.000000 300.000000 9.900990
640 0.000000 0.000000 400.000000 8.620689
650 0.000000 0.000000 100.000000 9.174312
650 0.000000 0.000000 200.000000 11.235955
650 0.000000 0.000000 300.000000 10.135135
650 0.000000 0.000000 400.000000 8.714597
660 0.000000 0.000000 100.000000 9.803922
660 0.000000 0.000000 200.000000 11.764706
660 0.000000 0.000000 300.000000 10.344828
660 0.000000 0.000000 400.000000 8.733624
670 0.000000 0.000000 100.000000 10.416667
670 0.000000 0.000000 200.000000 12.195122
670 0.000000 0.000000 300.000000 10.380623
670 0.000000 0.000000 400.000000 8.492569
680 0.000000 0.000000 100.000000 10.989011
680 0.000000 0.000000 200.000000 12.500000
680 0.000000 0.000000 300.000000 9.677420
690 0.000000 0.000000 100.000000 11.494253
690 0.000000 0.000000 200.000000 12.578616
690 0.000000 0.000000 300.000000 9.090909
700 0.000000 0.000000 100.000000 11.904762
700 0.000000 0.000000 200.000000 12.048193
700 0.000000 0.000000 300.000000 9.009009
710 0.000000 0.000000 100.000000 12.345679
710 0.000000 0.000000 200.000000 11.494253
710 0.000000 0.000000 300.000000 8.955224
720 0.000000 0.000000 100.000000 12.820513
720 0.000000 0.000000 200.000000 11.235955
720 0.000000 0.000000 300.000000 8.902077
730 0.000000 0.000000 100.000000 13.333333
730 0.000000 0.000000 200.000000 11.049724
730 0.000000 0.000000 300.000000 8.875740
740 0.000000 0.000000 100.000000 13.698630
740 0.000000 0.000000 200.000000 10.928962
740 0.000000 0.000000 300.000000 8.823529
750 0.000000 0.000000 100.000000 14.084507
750 0.000000 0.000000 200.000000 10.810811
750 0.000000 0.000000 300.000000 8.746356
760 0.000000 0.000000 100.000000 14.285714
760 0.000000 0.000000 200.000000 10.582010
760 0.000000 0.000000 300.000000 8.426967
770 0.000000 0.000000 100.000000 14.084507
770 0.000000 0.000000 200.000000 8.928572
780 0.000000 0.000000 100.000000 12.500000
780 0.000000 0.000000 200.000000 8.032128
790 0.000000 0.000000 100.000000 10.416667
790 0.000000 0.000000 200.000000 7.812500
800 0.000000 0.000000 100.000000 9.523809
800 0.000000 0.000000 200.000000 7.633588
810 0.000000 0.000000 100.000000 9.009009
810 0.000000 0.000000 200.000000 7.462687
820 0.000000 0.000000 100.000000 8.620689
820 0.000000 0.000000 200.000000 7.272727
830 0.000000 0.000000 100.000000 8.130081
830 0.000000 0.000000 200.000000 6.825939
840 0.000000 0.000000 100.000000 6.211180
850 0.000000 0.000000 100.000000 5.813953
860 0.000000 0.000000 100.000000 5.882353
870 0.000000 0.000000 100.000000 6.024096
880 0.000000 0.000000 100.000000 6.134969
890 0.000000 0.000000 100.000000 6.211180
900 0.000000 0.000000 100.000000 6.289308
910 0.000000 0.000000 100.000000 6.329114
920 0.000000 0.000000 100.000000 6.329114
930 0.000000 0.000000 100.000000 6.289308
940 0.000000 0.000000 100.000000 6.172840
950 0.000000 0.000000 100.000000 5.882353
960 0.000000 0.000000 100.000000 5.128205
970 0.000000 0.000000 100.000000 4.405286
