0.9990430301974307 -0.0005915851892859345 0.04373412673072588 0.03672369073048 0.0007475359535191609 0.9999934206920713 -0.0035496144252790476 0.053465857406591176 -0.04373173909111749 0.003578910383590393 0.9990368994168998 1.0002442362117359
0.996020600420441 -0.005237612928795878 0.08896926968853856 0.09704323891837907 0.006025789053944349 0.9999449262361759 -0.008592692290881877 0.03565128558972719 -0.08891936461975669 0.009094608586218769 0.9959973065677852 1.9980603724358625
0.9909494618953874 -0.005035504923698012 0.13414099917402236 0.22832737029267813 0.006740505843558758 0.9999021315236645 -0.012259402734432712 -0.0004973745491826491 -0.13406613871598866 0.01305262673163809 0.9908864210317903 2.9902425109386455
0.9834393330150428 -0.002418688772054205 0.1812214894088195 0.3401571881746715 0.0051482511075047355 0.9998802604846311 -0.014593156057555253 -0.029550076405672917 -0.18116449373279853 0.015284457393379011 0.983334028483063 3.977197816570138
0.9739068904722052 -0.005266381101522633 0.22688683064658666 0.5696515111854515 0.008762541596880176 0.9998578492060392 -0.01440483411342206 -0.055288983304857084 -0.22677871715732623 0.016017072490495922 0.9738145957179488 4.9486870979289375
0.9623072097080047 -0.0061082700095055065 0.27189616249863663 0.8383909832629952 0.01078722037175754 0.9998182854585953 -0.01571724973665945 -0.07458417519977617 -0.27175074980696107 0.018057826561476704 0.9621982357493858 5.903808872693054
0.9488795352788892 -0.008428380786852459 0.3155258942245959 1.1605572925525043 0.014939651702307061 0.9997223224647647 -0.018223193262142175 -0.09986123027602098 -0.31528468776001994 0.022005462116653374 0.9487419698216686 6.840873847289472
0.9338272634807885 -0.010163744107176584 0.3575798376386817 1.5340877184853687 0.018470914459852168 0.9996328515300092 -0.019823911344567034 -0.1377980811866871 -0.3572470675862846 0.02511693547597461 0.9336721438777624 7.754419895301779
0.9166687681609929 -0.010259471045489688 0.3995160982139192 1.9401578776968451 0.020040170153288333 0.9995928276079851 -0.020311833371188744 -0.17592162757287505 -0.3991450376222092 0.026625593862643793 0.9165011274914111 8.65358464428209
0.8971644254663921 -0.01072483838556767 0.4415664972789052 2.378277718273352 0.021284596014431813 0.9995935220347965 -0.01896725279454025 -0.20443690934559816 -0.44118358950675024 0.026415308964178874 0.8970280217486338 9.535170375846885
0.8753263069367712 -0.010483154835181807 0.48341903132699954 2.8506731513564203 0.021851957347359764 0.9996011310105536 -0.01789052381875791 -0.24320385491542873 -0.4830386613352213 0.026223698196896586 0.875206243869613 10.394835082098151
0.8513836578575027 -0.01041074604970681 0.5244401619821532 3.3649301215409024 0.02243182874699429 0.9996110034681291 -0.01657271264771072 -0.2755803272943481 -0.5240636222752392 0.025873888616258483 0.8512860046398214 11.228102912846644
0.8259336013213011 -0.010680267273662095 0.563666229340901 3.924418769039885 0.024048317029079384 0.9995779400295918 -0.016297860419831625 -0.3107215497337027 -0.563254262883554 0.027016174732158945 0.8258418502633218 12.02721744173967
0.7988319161536346 -0.012437526011753955 0.6014257042071111 4.516357364022188 0.027572747413777646 0.9994924877419539 -0.015953386707962005 -0.3402784186551162 -0.6009220526277674 0.029327033503316967 0.7987694359272437 12.800885761295106
0.7701607972218285 -0.011385333313753285 0.6377481639393187 5.129924647855654 0.0281811136729834 0.9994717268257426 -0.01618925903545686 -0.3748145478070629 -0.6372269385821573 0.030440786147889084 0.770074793305112 13.547316620467642
0.7397238053379592 -0.014267839444490516 0.6727593333235259 5.790912040910368 0.03291109345194183 0.9993458224616006 -0.014992900197861857 -0.3993342103747369 -0.6721053129860877 0.033231850477091894 0.7397094648372037 14.254702345948566
0.7076857691009776 -0.01322676153656175 0.7064035001266715 6.464898695951437 0.033227324575157584 0.9993415275184908 -0.01457588002780555 -0.41986847636413077 -0.7057455611716841 0.033787041247538056 0.7076592673951233 14.945140688270097
0.6739269055404276 -0.012008388383324277 0.7387004295363165 7.190169120407879 0.034356215314084615 0.9992955870193025 -0.015099014306832585 -0.4600744770795584 -0.737998764536904 0.03555458299827122 0.6738647454569968 15.573815308726381
0.6381517897216653 -0.013170364406799239 0.769797918142435 7.912746771480583 0.03887827683703927 0.9991293177272613 -0.015135588790603454 -0.49105116001935456 -0.7689283275216349 0.039587219645333294 0.6381082033444908 16.19904243741329
0.6015177394149888 -0.011329286644863623 0.7987791036533191 8.665685316772858 0.03884700699585464 0.9991313343245924 -0.015082666150947924 -0.5254741509445832 -0.7979143558155515 0.0401026686752323 0.601435330479162 16.78179998831752
0.563731865478193 -0.009795743857559568 0.8258997682810867 9.448315022978852 0.04166212130475046 0.9989940399390669 -0.016588424114645568 -0.5504883552688575 -0.8249064501462363 0.043760159603184794 0.5635728852053113 17.32322364726584
0.5252243123769682 -0.0080376657317899 0.850925859060426 10.269651507993414 0.04634893117525567 0.9987412662790776 -0.0191744520175368 -0.5744829217391919 -0.8497006521517166 0.049510392452953175 0.5249357320397443 17.805590550486382
0.4865088125060689 -0.006807464672470061 0.8736491479871463 11.103018696299358 0.047838757052087025 0.9986770342235017 -0.018858277711885457 -0.5980907745231254 -0.8723649630043873 0.05096900763483935 0.48619083864576645 18.266267743721645
0.4483871097470056 -0.008525644781519815 0.8937988102441089 11.969517866830774 0.052813752185661 0.9984601640613957 -0.01697080913096709 -0.624195651327992 -0.8922778196239085 0.05481436092437459 0.44814693845172543 18.680029241969308
0.41147931107649827 -0.009025686777031281 0.9113744090845495 12.852082618247074 0.05653953217755445 0.9982778390495727 -0.015640887559717157 -0.6571506507097493 -0.9096637059139775 0.057964584365934144 0.4112809855830092 19.06555400482994
0.37651344177614965 -0.006284281434001648 0.9263898401692102 13.75279579146435 0.058220410502438286 0.9981608405457629 -0.016891423915709743 -0.6667287065801352 -0.9245799110746477 0.06029464493494471 0.3761868469648613 19.412057913672882
0.3433193216092015 -0.0069856171331474344 0.9391927621969121 14.675239967046227 0.059006050854497186 0.9981574005102825 -0.01414530908494878 -0.6861479195811396 -0.9373633923790452 0.06027441380736511 0.3430989152822039 19.7335706469567
0.30989459023060173 -0.008533933305582608 0.950732620103119 15.612407001924824 0.06125002390068301 0.9980617741211925 -0.011005889796839726 -0.7114978255987369 -0.9487959620055152 0.0616430614131911 0.3098166481350491 20.04282216126839
0.27712499074870917 -0.008218841015734267 0.9607987251005717 16.568932678222424 0.06184861662601908 0.9980421971420544 -0.009301685078804063 -0.7230352750121996 -0.9588412215398197 0.06200180139492549 0.27709075859690646 20.30924851788036
0.2448109218192901 -0.00508427013682528 0.9695575087405407 17.530330886908995 0.0591507400264562 0.9982019243232593 -0.009700939730774714 -0.7405321863351468 -0.9677648487687033 0.059724940138215096 0.2446714715964549 20.556292212386403
0.21399217196181822 -0.003351343778323111 0.9768296263084679 18.506868154386577 0.05926844230140366 0.9981963103280764 -0.009559173320732082 -0.7549038460289657 -0.9750356927242342 0.05994075860622866 0.2138048254167368 20.773908127230765
0.18341867505238885 -0.0031026033680855683 0.9830299911469459 19.50362481807477 0.0614010750202849 0.9980786098012803 -0.008306421822494924 -0.771451037906224 -0.9811154354245875 0.061882651118712516 0.18325675939004388 20.967535399043726
0.15283484829688482 -0.00322202123747569 0.9882464913801676 20.51884053810017 0.06302983412151626 0.9979905153950813 -0.0064939350219958185 -0.7839663830661014 -0.986239701673321 0.0632815119968 0.15273081248627204 21.122494116912986
0.12242741637431585 -0.0037196175554009333 0.9924704993928786 21.54987100679977 0.061830690318305605 0.998079085224381 -0.0038865630601531945 -0.7982257792842755 -0.9905495916180421 0.06184095797204675 0.12242223026243286 21.25293920686349
0.09295127829667 -0.004023792401329069 0.9956625276456498 22.597754533381636 0.06239158492873562 0.9980501398885774 -0.0017912002867777916 -0.8109273754098469 -0.9937139175804544 0.06228745751030518 0.09302108709215738 21.353579500223844
0.06583769486008327 -0.00365752667594552 0.9978236419498805 23.660573878971572 0.06518207775964509 0.9978731799055146 -0.0006430895643215998 -0.8157237165650175 -0.9956990984601947 0.06508255775449356 0.06593607511588029 21.40831777913649
0.040782082617129164 -0.0028824945101500296 0.999163906955614 24.73818265872768 0.06911482117114917 0.9976087099886108 5.700294251325105e-05 -0.812225168016461 -0.9967747805958416 0.06905471005119354 0.040883783922919525 21.42744830966834
0.01811441179718326 -0.0025022888254763904 0.9998327893382345 25.830502771103966 0.07334349674978886 0.9973060559335977 0.0011671686596149043 -0.8212694046477085 -0.9971422163210999 0.0733100903614241 0.01824913919734475 21.429955973258895
-0.0022013505583381595 -0.0023687100356967234 0.999994771620574 26.934306791492688 0.07872341187293301 0.9968932740823884 0.0025346621816931688 -0.8135181179307344 -0.9968940658258544 0.07872857995707483 -0.002008038629756751 21.40919132878906
-0.019734603489216653 -0.003184414849465246 0.9998001825000774 28.049835825365825 0.08296981640559649 0.9965404441172759 0.004811736085751924 -0.8230684404292352 -0.9963566404610069 0.08304819528806037 -0.019402120210202538 21.371362483325186
-0.03506338960708339 -0.003054783949336144 0.9993804215634219 29.17783990588358 0.0859423971492597 0.9962816737017044 0.0060606120453884004 -0.8202541730294035 -0.9956829129203228 0.08610165469460351 -0.03467047702802064 21.314177252455487
-0.049530427904792944 -0.003446340783085428 0.9987666691709195 30.311953896806624 0.08806040060175602 0.9960845652979766 0.0078041412720858665 -0.8101474284610977 -0.9948829592255689 0.08833833545150896 -0.04903300859859949 21.261736623485206
-0.06266952151411173 -0.004391511482179631 0.9980246718894739 31.45176360892838 0.0882046082865363 0.9960529657501843 0.009921516883807262 -0.8079458818420938 -0.9941290047826838 0.088652151960113 -0.062034811216204244 21.181954428229368
-0.07479092231628429 -0.004114320474415998 0.9971907492080494 32.59744057992834 0.08804413560237927 0.9960589639149618 0.010713103690228609 -0.8030470341275643 -0.9933048616236146 0.0885980404505745 -0.07413392680284117 21.088397199637257
-0.08621500486904128 -0.0012168402598467824 0.9962758113269694 33.75548430447278 0.08820036649101577 0.9960634452626802 0.008849201222991227 -0.7993210929674236 -0.9923646851265318 0.08863482561170068 -0.08576828902631632 20.997782644345186
-0.0965354478003286 0.0023691080063643543 0.995326727585089 34.93056415958438 0.08866517912340054 0.9960420117551184 0.006228710125459014 -0.7961467424587578 -0.9913724796104662 0.08885211390882021 -0.09636341901846734 20.890068910433513
-0.10614248107987342 0.004821817484755761 0.9943392397900981 36.1291441784189 0.08990059953907381 0.9959393343589467 0.004767019946309026 -0.7998293691397779 -0.9902785749034069 0.08989767712681566 -0.10614495623664365 20.78006327656994
-0.11394208217650259 0.005775704045576523 0.9934706050769991 37.35060394863568 0.08972088879939105 0.99595678218094 0.004500015647791055 -0.8031416154555928 -0.98942779626526 0.08964780683631376 -0.11399959081991702 20.65404774565272
-0.11961558984323852 0.00659628786264881 0.9927983680752529 38.59261942952471 0.08939701483000786 0.995987411202376 0.004153368014942347 -0.79574572556678 -0.9887872796541914 0.08925001799897568 -0.1197253101112925 20.49713301489899
-0.12477702712812523 0.008170271129447702 0.9921511680035137 39.8528666348929 0.09061227677521742 0.9958811217374665 0.0031947870871402205 -0.7970254841226974 -0.9880385158477767 0.09029971227303167 -0.12500341261233366 20.345541350936312
-0.1293332258477543 0.009911414008119356 0.9915516529985572 41.13781313425186 0.08968020347870014 0.9959690893516265 0.0017418840677702627 -0.7925890843256509 -0.9875375323479264 0.08914783748609045 -0.12970075279550586 20.18497681022119
-0.1337543317517226 0.010752234167303466 0.9909561888388706 42.44342609266061 0.09001571041727698 0.9959394392747088 0.0013435681026874855 -0.79575344271419 -0.9869179046991304 0.08938133338446713 -0.13417908416251673 20.020229660287875
-0.13685001237590802 0.00978040894225667 0.9905434961240388 43.773020135036 0.08942956860654779 0.9959899579655633 0.002521089168790033 -0.7917417397397831 -0.986546717784596 0.08892888862834515 -0.1371758958263691 19.84246371018745
-0.1390545576896046 0.007955872388600804 0.9902527627228729 45.12412806560479 0.09001680495898169 0.9959294426416994 0.004638976650631284 -0.7864044034669013 -0.9861849749467514 0.08978446064840338 -0.13920469034967917 19.64874191971552
-0.14130680038483406 0.006731142645120011 0.9899429679954747 46.49345796873299 0.08932482514788515 0.9959846065935322 0.005978213865431939 -0.7770241099936864 -0.9859277173187191 0.0892712447959157 -0.14134065613010055 19.447806118992062
-0.14352537015032082 0.007596499113856622 0.9896174823255823 47.884731167737954 0.09187771628131938 0.9957540888717821 0.005681526735861453 -0.7756305141437149 -0.9853724947318868 0.09173923749592784 -0.14361392317433225 19.25215698653517
-0.14466454362267211 0.007293939942820243 0.9894538737397276 49.295352939077794 0.09133836924539446 0.9958017572913338 0.00601352468003123 -0.7697454148527423 -0.9852560439408813 0.0912450470743268 -0.14472342333695548 19.0533539009067
-0.14568755812264148 0.008818458744103553 0.9892913474773943 50.72870901391913 0.09299399903552143 0.9956550046117282 0.004819536802958571 -0.7612957119493101 -0.9849503802484891 0.09270030516126929 -0.14587461009841265 18.846512692006428
-0.14594465652242197 0.009215981044791688 0.9892498283679064 52.17785585837309 0.09259580876266116 0.9956941250159643 0.004384701617670474 -0.7541716564410217 -0.9849498329519838 0.0922403116975956 -0.14616959829523093 18.63860956573733
-0.145203409426467 0.010581932920715808 0.9893452342769886 53.648183239098444 0.09254896283434719 0.9957038142828033 0.00293320659992867 -0.7542539318164833 -0.9850637844166318 0.09198878691630287 -0.1455589355293943 18.417065614391312
-0.14416151976524386 0.010481827690603034 0.98949865462629 55.14474668676552 0.09357885456903814 0.9956070850237209 0.003087106754030787 -0.7627891704160609 -0.9851195126463194 0.09304119269887251 -0.14450910789513932 18.211620666209573
-0.14313095351386304 0.009393632023371023 0.9896591786183867 56.66209055556429 0.09280944488260061 0.9956759665885409 0.003971964067447721 -0.7671325198248163 -0.9853425480952273 0.09241822999484091 -0.14338386826217425 18.014306718355048
-0.14195116680569833 0.010144992019029289 0.9898216735247984 58.197700696298554 0.09378313528440417 0.9955873596538751 0.0032454327363266983 -0.7680038054759243 -0.9854210215835302 0.09328927287932468 -0.1422762165188505 17.790066139201446
-0.14114338752622568 0.010981430571698834 0.9899282561581009 59.75452833353815 0.09367945436310286 0.995599725070727 0.00231241633735586 -0.7644353920988716 -0.9855469060312925 0.09306232117073472 -0.14155105224074316 17.594531435127347
-0.14038585634398257 0.01163089033781636 0.9900285519764137 61.33802034164279 0.09429599562443747 0.9955427956493258 0.0016754819943659112 -0.7570862673883054 -0.9855963050599184 0.09359094197980426 -0.14085687427871482 17.377863816775957
-0.13953746902097544 0.011362848259421127 0.9901515946655098 62.937617573981846 0.09278534279929912 0.9956847691103419 0.001649461516437706 -0.7444700692736728 -0.9858601193378488 0.09210171681956333 -0.13998963839531697 17.155204091056216
-0.1386219750021134 0.009822594214240416 0.9902966548915603 64.55770662541153 0.09461434721914386 0.995508296999358 0.0033698524782804903 -0.746584201719994 -0.9858154357418073 0.09416340716187203 -0.13892868460061913 16.93523874820318
-0.1383597401777152 0.00795424846190535 0.9903500957890395 66.19304889913114 0.0959534287544996 0.9953711176858803 0.005410876731915808 -0.7445924041623017 -0.9857228422879384 0.09577613485706715 -0.13848252663650415 16.7118667621182
-0.13768889693390918 0.009069160315357252 0.9904340048646836 67.83803913869768 0.09738000492307668 0.9952374382126736 0.004424502350239442 -0.7436706419701362 -0.9856768751991225 0.09705767311779176 -0.13791629993098906 16.49055132237185
-0.13719747935146487 0.010963302018506784 0.9904830425951036 69.50219326941885 0.09971022361964657 0.9950125841025801 0.0027979962859272303 -0.7509054829627627 -0.9855124164440174 0.09914516370629084 -0.1376063717577353 16.282012040876
-0.1367335742185975 0.01044817465030629 0.990552757468214 71.18036447375052 0.09927024231532394 0.9950553410781278 0.0032073637987102255 -0.7656772651933897 -0.9856213008412849 0.09877096657600005 -0.13709466616020557 16.077622398491602
-0.13673185571903265 0.010496887570261154 0.9905524796713021 72.87022625794081 0.09931773627200609 0.9950507378548307 0.0031648627696713926 -0.7585295653374575 -0.9856167545721999 0.09881216749917093 -0.13709766103286256 15.850804399277633
-0.13669376174452713 0.009386572981636426 0.9905688808698713 74.58246739560565 0.09938677135001679 0.9950396475622528 0.004285960778703175 -0.7675916148227375 -0.9856150796232537 0.09903530697098784 -0.13694861369291775 15.634183403502206
-0.13671332832977395 0.00947860901314016 0.9905653041713957 76.30448333390959 0.10040909650085032 0.9949367813272656 0.004337568675310739 -0.7646853033669122 -0.9855087413092188 0.10005477066740218 -0.13697285742005597 15.396733600392306
-0.1371212875543025 0.009623085953293259 0.9905075207771943 78.04592658148844 0.10127310150551279 0.9948491328412322 0.004354514495537466 -0.7548776540059808 -0.9853636442506424 0.10090886532794666 -0.13738955377801404 15.176461460409357
-0.1371289729135789 0.010786977060620427 0.9904944653624062 79.8004219668104 0.10179425218242331 0.9948001351632566 0.0032590338717262603 -0.7575813327958695 -0.9853088728973722 0.10127355135991743 -0.1375139730524205 14.93141771592525
-0.13798818454249917 0.011485329680017147 0.9903672794114335 81.57049137638025 0.10181889545410566 0.9947994227295872 0.0026497293022989575 -0.7701177678036628 -0.9851863648341731 0.10120373381951459 -0.1384399899083264 14.728752950174021
-0.13876693858433128 0.012056320529472015 0.9902516760355525 83.34877072798693 0.10134946143177569 0.9948486910516304 0.0020901149096766245 -0.7833803707960613 -0.9851253846203653 0.10065151289542314 -0.1392740088043737 14.47523567113987
-0.14008660725326924 0.01274749685853638 0.9900571921824052 85.14182802719152 0.10029082951787598 0.9949572078072559 0.0013799083281872582 -0.7819121037823888 -0.9850469491262259 0.09948696375013023 -0.14065863663812253 14.222670517753084
-0.14093454713004416 0.011876930927814602 0.9899476713124704 86.95404722865251 0.09907211867918989 0.9950778983604357 0.0021659859149939023 -0.7867589860998927 -0.9850493229913243 0.09838147542247766 -0.14141752567496807 13.953889642722793
-0.1420717290120585 0.011495156405076333 0.9897896166331231 88.77784276620464 0.09801356237002436 0.9951819116972925 0.0025108209909606312 -0.7817888361960176 -0.9849918605790924 0.09736952300249947 -0.14251389610562118 13.686606145747284
-0.14272940133733744 0.010488776725957383 0.9897061703135313 90.62168883764161 0.09531721847349524 0.9954418165851275 0.0031965068693238217 -0.7830136639625211 -0.9851613806155629 0.09479227477217163 -0.14307857557005374 13.43963140035003
-0.14455767924283838 0.011573982009429285 0.98942868379301 92.47558457765098 0.09487370736124802 0.99548684933261 0.0022164064054624637 -0.7778286534244554 -0.9849375904205594 0.0941911659672364 -0.14500333523845318 13.181986510012
-0.147292361146472 0.01219428767721556 0.9890178257725897 94.34677881143885 0.09406814757356742 0.9955642498469293 0.0017343698529000994 -0.7981087587694798 -0.9846096403956114 0.09329053421840071 -0.14778610308574433 12.911711175039652
-0.1516863639679797 0.013059339831180088 0.9883424005016406 96.23132862364268 0.09443495164891703 0.9955301334530594 0.0013391392714719938 -0.8028445203514973 -0.983907153593895 0.09353719597088432 -0.1522416042895756 12.64244799122103
-0.1561361154038201 0.012036708692091756 0.9876622049620329 98.12126691962276 0.09240339760500027 0.9957185833162211 0.002472842448774036 -0.8123973821440126 -0.9834038466355818 0.09164944343849707 -0.15657986441351984 12.33310004410516
-0.16093632827862933 0.011233263444392148 0.9869008623122082 100.02140939982665 0.09056713403879132 0.99588443376189 0.00343348550974652 -0.8155753211471878 -0.9828006371956596 0.08993335523116834 -0.16129134863554093 12.02189114378837
-0.16545949763757534 0.012020839612576639 0.9861433232834503 101.92691507912475 0.08912274071045187 0.9960166808515479 0.002812215089419714 -0.8234994026833783 -0.9821813945141601 0.0883531034002817 -0.16587174982425518 11.709236615105016
-0.16981638562935888 0.013763055003607985 0.9853796088253227 103.84483130728555 0.09023323724844981 0.9959193103552011 0.001640169890993846 -0.8436512203147742 -0.9813360067109772 0.08919251974562996 -0.17036530267040734 11.385677782380078
-0.17348588883610425 0.015421033362643532 0.984715612806445 105.76443185180264 0.08955995245054921 0.9959814165546935 0.00018109320033223302 -0.8480661419708933 -0.9807556583022112 0.0882225005750837 -0.17416982832992922 11.022629058299083
-0.17850023906081366 0.015748608187396335 0.9838138268978482 107.70416275702517 0.08818743262672539 0.9961038970350825 5.511999954010949e-05 -0.8596059606315436 -0.9799799188666778 0.08676985450989312 -0.17919361307366038 10.690499769999528
-0.1829006558887638 0.015518679917180925 0.9830089117851808 109.64536712885499 0.08645193141340159 0.9962559589117658 0.00035761386515585056 -0.873191717666827 -0.9793229363342585 0.08504842683091039 -0.1835574881698773 10.304216766526766
-0.18784787239985665 0.014599471615863925 0.9820896253720341 111.59865488297042 0.08502312962477837 0.9963779215673668 0.001450807322861417 -0.8986593657501729 -0.9785112387007402 0.0837728645900216 -0.1884087654402694 9.925155973196604
-0.19244474081071483 0.014239364981102391 0.9812044956171111 113.56592801776131 0.08446053793525007 0.9964246013066967 0.0021050991579778075 -0.9071683692887131 -0.9776663230703949 0.083278174786148 -0.1929593385620469 9.558196160684606
-0.197940654053847 0.014094386072508822 0.9801126699282954 115.53528252163494 0.08451154196791559 0.9964187363243037 0.002738827499076685 -0.909682276928921 -0.9765640259332413 0.08337295834444391 -0.19842291467961878 9.160300016810032
-0.20366891156658776 0.015738336132073896 0.9789133154866536 117.51428719688982 0.08511593033528742 0.9963696214908769 0.0016899033319751672 -0.9143246865632774 -0.9753328933571551 0.08366529833752885 -0.20426909944887053 8.774870590729524
-0.20894870608693894 0.016795721801733277 0.9777823591954143 119.49404532645976 0.0849075529125855 0.996388301996381 0.0010291273735900117 -0.9261112938173667 -0.9742336196636775 0.0832361422334936 -0.2096201300998914 8.343920828085567
-0.2151401970693517 0.016725111098398675 0.9764399450369203 121.50096363986017 0.08542773621232605 0.9963428210355948 0.0017563759437681239 -0.9420501287044847 -0.9728395538271449 0.08379292111846819 -0.21578217924526727 7.969449418905156
-0.2213736286369721 0.016808381399162645 0.9750442014897773 123.51126676474001 0.08441751395104284 0.9964284855500989 0.0019891009646292646 -0.9494327996989228 -0.971528383467218 0.08275114198041789 -0.22200191129472635 7.569389238634791
-0.2266937896713005 0.017672125694978013 0.9738057412532964 125.50968435299018 0.08361841749012879 0.9964968896182751 0.0013817516185874552 -0.95744476898671 -0.9703699737630544 0.08174132953721054 -0.22737737148753115 7.092726747356941
-0.23311282820522064 0.018436671991182263 0.9722749088874246 127.54266273645987 0.08298345384828514 0.9965504242715233 0.0009991354471506474 -0.9690101525161794 -0.9689025522278145 0.08091564131935654 -0.23383862657034382 6.70863082061643
-0.23807642961645542 0.0176836517935023 0.9710854247285992 129.58394594898292 0.08431621495475534 0.9964358457073182 0.002526120589067743 -0.9853791736684554 -0.9675796554066152 0.08247965718147808 -0.23871890707365775 6.337349190549829
-0.24235434116265792 0.01763680339470071 0.9700274823352313 131.61748635183707 0.08618429745840314 0.9962733463113611 0.0034185232410546577 -0.9903769000589662 -0.9663522340178116 0.0844296310282462 -0.24297118597319098 5.858272262026472
-0.2458075455461438 0.01837909957784725 0.9691443954598742 133.64763967070942 0.08686254206498341 0.9962153616928195 0.003138775754789635 -0.9899805776631407 -0.965418846583486 0.08495388058198639 -0.24647370820327358 5.345114469775696
-0.24885438849439773 0.019093076721706473 0.9683526980126484 135.6916979867789 0.0871273458884193 0.9961933902270994 0.0027486116973732115 -0.994278747886819 -0.9646140777147709 0.0850540045448959 -0.2495706260467325 4.838761384631971
-0.25202579279901227 0.019155372510263852 0.9675309149934278 137.74132171688657 0.08661972460570361 0.9962374022842273 0.00283929554477562 -1.0058749475536422 -0.9638360976189166 0.08452283711490363 -0.25273675421827013 4.3218380518265
-0.2561339376790411 0.019654663528860885 0.9664414623610649 139.80373990932063 0.08479363128513828 0.9963960865038919 0.002208821674771197 -1.009455891273309 -0.9629150772848611 0.08251383521131109 -0.2568774434165286 3.7923108086766333
-0.26062379276262465 0.02033908336797245 0.9652261705599222 141.86080876427243 0.08359767436918394 0.996498344210071 0.0015744289863339489 -1.0188008756106715 -0.9618142583087906 0.08110099675294356 -0.2614114780180683 3.2487827618725125
-0.2657311038151685 0.0198930298288132 0.9638419205603165 143.9367626542406 0.08243595215123656 0.9965940268541066 0.002158571661386572 -1.0312098959514668 -0.9605161603315645 0.08002882607491753 -0.26646593166665744 2.7192307855982607
-0.2692162842365368 0.02007207690170553 0.9628705541404418 145.99097825021553 0.0823271686252207 0.9966028322718526 0.0022432150717372223 -1.0516902118105833 -0.9595544953821157 0.07987431650134341 -0.2699541886235829 2.076893382305996
-0.2749487668076529 0.020505812538739763 0.9612401818916405 148.0767553293888 0.0815757912424684 0.9966649872908908 0.002072050094955954 -1.0699594518290116 -0.9579919445977174 0.07898363603024369 -0.275704587058914 1.5355670729675643
-0.2792150543802692 0.02029304351514325 0.9600141383293859 150.15111460681337 0.08071842835643371 0.9967340368798351 0.0024072907755586645 -1.086915506244858 -0.9568299163023121 0.07816298427071713 -0.2799411708891804 0.913102016030904
-0.2835340992664473 0.019489956778043764 0.9587640774131827 152.23849497753957 0.07976596381057278 0.996808070945081 0.0033257654907458334 -1.0837749110106254 -0.9556389514720155 0.0774197086246134 -0.2841837137239666 0.2732410476171522
-0.287521498123694 0.019464441012541432 0.9575763800620675 154.3264672996756 0.07983177400869236 0.9968014521036125 0.0037084960208983784 -1.0787175578607124 -0.9544413423439546 0.07751129350089701 -0.2881557276968243 -0.3558827651697269
-0.2907814780226265 0.020248343812184277 0.9565752122085528 156.41081504982776 0.08069362233643743 0.9967330472585657 0.003431008140546628 -1.0783765383283064 -0.9533806539641969 0.07818719252857574 -0.2914654208843623 -1.0408197091410472
-0.29473727436295066 0.02132875822368022 0.9553402656507952 158.51662543260323 0.08057784989015314 0.9967449106832041 0.002606364171523722 -1.08273115092414 -0.9521749572469216 0.07774745719154619 -0.2954965036884027 -1.6797784994974476
-0.2969080311509053 0.02296517934803005 0.9546298872210127 160.61193589614953 0.08061735731611479 0.9967445220343059 0.0010952141124317852 -1.0860667067549001 -0.9514969588692637 0.0772849165885548 -0.2977928456669861 -2.36901619478149
-0.30052935193875624 0.02434089101119771 0.9534619182998607 162.74637345780076 0.08205476620301402 0.9966277331131376 0.00042063418825415014 -1.1062191381505901 -0.9502363516339702 0.07836250770957688 -0.3015131728777813 -2.9882483374904427
-0.30380796447433006 0.024972716489964294 0.9524059450429078 164.8632366948194 0.08152281382996765 0.9966714676020082 -0.00012842618926798492 -1.1217713271203043 -0.9492390381496154 0.07760379564914607 -0.3048325759390509 -3.68267061014361
-0.30752685895854476 0.024858956241223237 0.9512146252627145 166.98855928883188 0.08093046674396209 0.9967197429392268 0.00011656649759857211 -1.1200014223634822 -0.9480914990504316 0.07701809092506613 -0.30852993873944023 -4.3787293679366
-0.3108729915760327 0.02488883583141807 0.9501255332636434 169.11432893495547 0.0809196864772822 0.9967205575180711 0.0003668259345948557 -1.1472042458161575 -0.9470005213562375 0.07699789654143509 -0.3118674982732385 -5.1015781558155995
-0.31445302951337806 0.025797720868514434 0.9489224256112018 171.24849075874602 0.08319949319678997 0.9965327969370432 0.00047849829001068777 -1.1648985069477866 -0.9456199747053015 0.07910033013083677 -0.3155091143081877 -5.830757521157664
-0.317088108356005 0.026058190528466474 0.9480380278478234 173.39078530431178 0.08535476463876311 0.9963499451564422 0.001162299530395846 -1.1822231961807692 -0.9445473496297953 0.0812881140949895 -0.31815491008973673 -6.559351377614345
-0.3196368850991036 0.025724434671831463 0.9471908546565233 175.54801237397976 0.08649246209541164 0.9962502265963835 0.002130729290652583 -1.2010492804815247 -0.9435842917751524 0.0826059287669587 -0.32066328889932527 -7.265997969394044
-0.3223024608944455 0.025474756986700504 0.9462939080739405 177.7152922267782 0.08654468444199645 0.9962444263084741 0.002657187256488289 -1.2096731178704638 -0.9426723403687093 0.0827531256554713 -0.3232967350562487 -7.976902760585636
-0.32559817633403604 0.025879364356707988 0.9451540012444749 179.88575096201203 0.08550822785465868 0.9963350878626065 0.0021761578411094345 -1.2265591920541092 -0.9416337772919502 0.08152699672064002 -0.32661778620982523 -8.697715970501056
-0.3284261198370852 0.02793743847389469 0.9441164034907304 182.05827959169693 0.08476271921612649 0.9964011649074317 1.4772956706209615e-06 -1.2365705430557596 -0.9407186429745318 0.08002635879891365 -0.329612221644682 -9.435353482347246
-0.33168286642635747 0.029710835565001877 0.9429229779622631 184.23435799872018 0.08425079781544939 0.9964430247099265 -0.0017611287217769779 -1.2582030982509584 -0.9396213488350801 0.07885787694926022 -0.33300624026645526 -10.196098866247338
-0.3356715331312242 0.03064510220342038 0.9414804828334324 186.432515338313 0.08327187212036555 0.9965230792654045 -0.0027473268729049545 -1.2809121453137005 -0.9382912219342687 0.07747664294689052 -0.3370563048494677 -10.921699751204072
-0.3389234610993913 0.031353058958457546 0.9402913767606054 188.61673345702295 0.08130956161097119 0.9966811647706322 -0.003925682369744462 -1.2987562204529663 -0.9372937867643429 0.07512417377505629 -0.3403479334557127 -11.701192353995587
-0.3436398683284931 0.0319208601638156 0.9385588418322935 190.815225175407 0.08191892460064516 0.9966313562801471 -0.0039024955411029036 -1.3149997081061586 -0.935521742498511 0.0755446779434382 -0.3450971905811069 -12.456652369795878
-0.3467366194392623 0.031111575672297546 0.9374464179882588 193.01230618792965 0.08173595292251826 0.996649960219755 -0.002844432067796546 -1.349416606523402 -0.934394429959683 0.07563680752866625 -0.3481179722553718 -13.268794935624811
-0.3506071011047141 0.030279700496088222 0.9360330124481796 195.21627715921784 0.08093089861377828 0.9967178485345684 -0.0019287462685021123 -1.3624779453734213 -0.9330192121840337 0.07507776069163347 -0.35190691886493947 -14.082109824098708
-0.3547752380540797 0.03021572863742101 0.9344632364125293 197.4256825350977 0.08083535032364894 0.9967262797065713 -0.0015393116423319901 -1.3809613416118838 -0.9314505765749052 0.07499155342563571 -0.35605630216734874 -14.890035216808021
-0.3581435127130403 0.030281635303357 0.9331753569747312 199.63607794265812 0.07992153699190001 0.9967997534503351 -0.0016731545610198016 -1.4077289272505282 -0.9302396316145728 0.0739815793605958 -0.35941752000827043 -15.737532837311933
-0.36137377128779713 0.030874312275770196 0.9319097457730182 201.8308863037778 0.0793886653728865 0.9968412213756657 -0.0022403518841562498 -1.4360912194980249 -0.9290352185119499 0.07317346655552229 -0.36268334198953966 -16.580610581855968
-0.3645533102924761 0.03173730133216679 0.9306415140423016 204.0614022827318 0.08004268028618809 0.996787945069904 -0.0026385404872769466 -1.4719108120477162 -0.9277359825335011 0.07352915250057007 -0.3659226836985478 -17.41137976400237
-0.36727741268405134 0.032175699448117455 0.9295547463689979 206.25066818816236 0.08036678977675486 0.9967615695574901 -0.0027481910867147956 -1.493045333830481 -0.9266328729508188 0.0736959823755376 -0.3686738680034384 -18.30263114674665
-0.3699747653731751 0.03180122332432957 0.9284973641223431 208.46222777980594 0.08114453493916549 0.9967007126354647 -0.0018038518355813422 -1.5130832309358018 -0.925491349195967 0.07467510714431662 -0.37133460778173416 -19.17783180365621
-0.3727572441214952 0.031079255548543752 0.9274082794699944 210.67869166012167 0.08226682381348534 0.9966102844903941 -0.00033248698924232423 -1.5460210535409247 -0.9242749626894531 0.07617099659651445 -0.3740504947502474 -20.053492548575345
-0.37533490541898695 0.031920518598648605 0.926339456822666 212.90127520516242 0.0837803588020988 0.9964841685949648 -0.0003914314426187779 -1.572531107463745 -0.9230950981632997 0.07746213418165618 -0.3766896036724553 -20.921921443134252
-0.3777639336163795 0.03247182110655923 0.925332368013084 215.09533856811206 0.08322480125363046 0.9965303027622836 -0.0009940486838512209 -1.5990157610985556 -0.9221540234228625 0.07663508668042728 -0.37915566799734135 -21.85238601810925
-0.3805438501588254 0.03278833683623349 0.9241814232464367 217.31825595705993 0.08268334094937894 0.9965750082059228 -0.0013107817494319497 -1.6160897227869575 -0.9210590878091077 0.07591559778372545 -0.38195153982854096 -22.73960474713668
-0.38345788141622156 0.03380503040441761 0.9229394742338944 219.54015690369576 0.08221554155985696 0.9966118129391697 -0.0023450023671118697 -1.6501761003823088 -0.9198916555256935 0.07498075906150509 -0.38493795326618313 -23.669811376527694
-0.3860241516244957 0.034940517327957596 0.9218267269999504 221.73364717294393 0.08211887589658867 0.996616785385765 -0.0033872273034735844 -1.6813484892020927 -0.918826340819672 0.07439182304648938 -0.387587425079492 -24.607902698038593
-0.38837889356734084 0.03458258810976877 0.920850628294859 223.93521172878192 0.07959514946468893 0.9968197782091376 -0.0038654822157693377 -1.7192877041040024 -0.9180557974399488 0.07179397168772178 -0.38989636881638273 -25.559251508066037
-0.39143300424897864 0.0354109533359976 0.9195250228071301 226.1445188526804 0.0804421306216727 0.9967506768662268 -0.004141471688369458 -1.7563549181538263 -0.9166838423391476 0.0723474432895617 -0.3930096444666453 -26.5033609885293
-0.3937189240364388 0.03471556981793661 0.9185751129155433 228.3364087683105 0.0815701768732714 0.9966639320304806 -0.0027042252838004755 -1.78885025999564 -0.9156045626254001 0.0738636297628206 -0.3952372061152758 -27.484079760714813
-0.3960903158334653 0.03371684020078923 0.9175923040162325 230.5331302149265 0.08161079070549068 0.9966633010683259 -0.0013939669988029132 -1.8102621073908567 -0.9145775749182612 0.07433329664722524 -0.39752033968865746 -28.46688215832453
-0.3989553871657009 0.03314739346415 0.9163710216708059 232.73274654020233 0.08050845913153938 0.9967534193514791 -0.0010044995676137015 -1.8349597837386997 -0.9134292457873946 0.0733748684336108 -0.40032879189813414 -29.438151572011527
-0.4017534128512523 0.03314264093300079 0.9151479446594168 234.9234019378587 0.07903123673719864 0.9968711467238357 -0.0014072843618636935 -1.870075779278195 -0.9123312221348987 0.07175989256871318 -0.40311568927091745 -30.427476277194692
-0.4061807051537654 0.03278385291221685 0.9132044972233863 237.18342611997863 0.07782980780347125 0.9969659695775729 -0.0011732525330060443 -1.8932011508864026 -0.9104722707353927 0.0705979779629865 -0.4074999015085442 -31.266803918056894
-0.40983464269279435 0.0324113925236759 0.9115838235091404 239.40053261929188 0.07722567847928574 0.9970133713649086 -0.000729316786068565 -1.9111807561240923 -0.9088848993311976 0.07009877997681127 -0.41111361059137796 -32.20558750237208
-0.4134348362942316 0.03257050003615572 0.909950986957954 241.59945543273935 0.07677752478501543 0.9970479250457196 -0.0008042697888894838 -1.9515032927228755 -0.9072909389089293 0.06953127130581223 -0.41471502804256966 -33.188370677245864
-0.41784076759855127 0.03213366891907787 0.9079518270560671 243.81352646156924 0.07626314769917206 0.9970877070138695 -0.0001918979412447822 -1.9923530676624404 -0.9053137717033061 0.06916308150744425 -0.4190745076006496 -34.12945216002185
-0.42206233350980865 0.03170828928353479 0.9060121252074744 246.01505941728567 0.07529573331904522 0.9971612311362464 0.00017794036557588447 -2.0038953577004377 -0.903434524011674 0.06829394928936845 -0.42325169499277726 -35.09387166893822
-0.4258281477686724 0.03172617156060906 0.9042476644183307 248.183616444048 0.07427284905599416 0.997237957431996 -1.2245297010203028e-05 -2.0107555157721024 -0.9017504823735911 0.06715583589643744 -0.42700838544932995 -36.13206738665009
-0.4301107287317767 0.03222853318035718 0.9022006886934081 250.3671488205032 0.07417355292031523 0.9972453133965501 -0.00026259431581293646 -2.0435819855504227 -0.8997238715722697 0.06680648589501444 -0.43131641328074005 -37.13233578691401
-0.43323618448960394 0.03255656777782189 0.9006922217624703 252.51531009061853 0.0743285306746806 0.9972337655532505 -0.0002938846855263037 -2.062423243148252 -0.8982102637894035 0.06681980795388481 -0.4344576334792303 -38.21558967603528
-0.43657026993336234 0.03268411224833744 0.8990762749716211 254.66449915877627 0.07406177775094991 0.9972536130232855 -0.0002904967363785956 -2.0696978772890455 -0.8966165582269131 0.06646036501948945 -0.4377919224869238 -39.27895444241352
-0.4405144715064164 0.032983463827282164 0.8971393935768143 256.8468480180275 0.07315526443057759 0.997320285066282 -0.000745842734071908 -2.113719828559049 -0.8947599162230669 0.06530191505037806 -0.44174693231672635 -40.29358071893133
-0.4445829762280974 0.033491448782549386 0.8951113339169658 259.0260507519044 0.07366409604054183 0.9972828448292212 -0.0007268864059712946 -2.1262727097456815 -0.8927035220064341 0.06561440594689515 -0.4458420925950569 -41.32662719642772
-0.44787138493666256 0.034236865798037426 0.893442253072486 261.18598014088275 0.07426900412606208 0.9972377581898474 -0.000984208612308174 -2.14283187447743 -0.8910080457442763 0.0659142675055823 -0.44917699379884063 -42.40212780446147
-0.45085676925474827 0.0353308134945206 0.8918968030187032 263.3288181094751 0.07528226341655403 0.9971612167125975 -0.0014452332389862381 -2.1618926403065766 -0.8894159625462357 0.06649241687629207 -0.4522366682013944 -43.52161721132899
-0.45380431496206636 0.037471033045785515 0.8903131838877201 265.46461662905006 0.07734057564333087 0.9970014969581317 -0.0025397681754490784 -2.175496160703174 -0.8877387448348552 0.06770477638770543 -0.4553416126089541 -44.64849999635399
-0.45640458712541254 0.03819392903124796 0.888952235295033 267.6259466871784 0.0786726599149825 0.9968975172670288 -0.0024398050572957512 -2.2082026634313032 -0.8862874620758097 0.06882269866819281 -0.45799341776410263 -45.77611974853601
-0.4601562730027248 0.04039396443186325 0.8869185599894259 269.8041605997959 0.08044441704920087 0.9967523779818611 -0.003659611058736101 -2.228871276030797 -0.8841860099446565 0.06966365354304381 -0.4619113282797672 -46.82082436832729
-0.46280371382795676 0.0426952010689544 0.8854320088367766 271.96975375931976 0.08192457550260467 0.996624778200126 -0.00523597233090895 -2.2530811789998024 -0.8826670303097113 0.07011541402013162 -0.4647394348675577 -47.94136660151231
-0.4664711638410185 0.04359958456506768 0.8834612212941532 274.1726793247786 0.08313934251565108 0.9965239366920966 -0.0052814132326400405 -2.2721758674444374 -0.8806205215817238 0.07098675809911915 -0.46847452133889433 -49.0201336486778
-0.4696423627813653 0.04487039272156363 0.8817157699271044 276.3439339100671 0.08327680736855321 0.9965061902840998 -0.0063550043235848595 -2.2817192106663122 -0.8789203743432243 0.07044189508002498 -0.4717381847825098 -50.164570573483594
-0.4741941840626152 0.045000802826215394 0.8792694715195016 278.5638053079568 0.08240572565596385 0.9965772554944674 -0.006562789819265077 -2.3049127251887653 -0.8765552875776295 0.06934480208418366 -0.4762794623365578 -51.26155240506224
-0.4779260551812774 0.046342521367564296 0.8771767532784694 280.7569402184678 0.08373275290241594 0.9964634971195936 -0.007023175888001646 -2.3468538853491387 -0.8744000868425407 0.07009186558701741 -0.4801162552010561 -52.41877676945327
-0.4809830780557754 0.04641358439397163 0.8755004613406512 282.95389607023844 0.0826505826464368 0.9965509325211683 -0.007424289822899037 -2.3807781335231253 -0.8728253890740083 0.06878966546563724 -0.48316024475625974 -53.62381198250025
-0.48436909806115425 0.046037543999670805 0.8736516018333051 285.1601167452873 0.08099170518579404 0.9966856659391125 -0.0076175457061701205 -2.418486105888762 -0.8711067216676258 0.06706882922764693 -0.4864923962525119 -54.777880860348766
-0.48687369723917395 0.04669502170836443 0.8722233532096639 287.3625398421949 0.08259136023592184 0.9965571333654488 -0.007248941495067165 -2.4449780109924606 -0.8695588940095056 0.06850879422435363 -0.48905406139085217 -55.981352850654204
-0.4893633886486139 0.04692762808805488 0.870816439654404 289.59010760427566 0.08478426275804407 0.9963809711139301 -0.006048899950933192 -2.4958928354060497 -0.8679487903320783 0.07087141965610286 -0.49157109275974264 -57.182056882686084
-0.49144091916934396 0.047390901069497865 0.8696205640748205 291.8115186667352 0.08678426320457093 0.9962133156053232 -0.005246090989271955 -2.5477539247162024 -0.8665762024346315 0.07289123614296741 -0.49369277194174077 -58.407663955390085
-0.49362057098599116 0.04718416452920176 0.8683964454770312 294.04704863106844 0.08695288099812438 0.9962013289086831 -0.00470199603134183 -2.580345322876515 -0.865319552758163 0.07318857081699846 -0.4958482678362149 -59.64016400192133
-0.4948542478235912 0.04633813323696335 0.8677396215565232 296.25279177751344 0.08708386881823879 0.9961947095420641 -0.003535600660479036 -2.6210304344672357 -0.8646014533891272 0.07381651636657506 -0.497006487592373 -60.93413838630223
-0.49729485664797995 0.046575663892841686 0.8663304987615309 298.49744727486916 0.0885392521617528 0.9960689556730301 -0.002726971040958407 -2.642809036555664 -0.8630519256557494 0.07534814581237152 -0.4994637429729361 -62.200280981119384
-0.49839516122816135 0.04646423948971106 0.8657039550059795 300.7086936395791 0.08904244734441207 0.9960254110119082 -0.002196176098921838 -2.66754777814146 -0.8623651812516946 0.07598983528856511 -0.5005515349067906 -63.52028616888352
-0.49988814046175795 0.04702274840898813 0.8648125277525458 302.94249709683595 0.0884474311895858 0.9960762233384574 -0.003034668966992918 -2.6993295431935325 -0.8615618950148876 0.07497345151346144 -0.5020857323470856 -64.83714805834468
-0.5020450482189379 0.04951143158838736 0.8634230641469509 305.2035043508889 0.08848704140334071 0.9960612143973824 -0.005665745924013765 -2.7393760671741454 -0.8603027450046422 0.0735572927401562 -0.5044487205080525 -66.12269368771008
-0.5053283475684526 0.04903252486273749 0.8615329782714756 307.478433134095 0.08738998647732438 0.9961593430127105 -0.005436321546621845 -2.7699821394538953 -0.8584906821901008 0.07254222793691158 -0.5076725064041965 -67.41120963011637
-0.5095143688034918 0.046950474613318895 0.8591802842921619 309.73974337578846 0.08533544434664114 0.9963448783120831 -0.003839973882983999 -2.8110269983563074 -0.8562201643975309 0.07136200946473815 -0.5116585713971907 -68.750860230157
-0.5152260951853372 0.04439752156909295 0.8559035757131692 312.0198914386924 0.08232681298955258 0.9966030932637538 -0.0021378400502834894 -2.827995217401129 -0.8530910658910029 0.06936234263359331 -0.5171310266473353 -70.08198307961028
-0.5201900791900688 0.04246626520835117 0.8529940784269733 314.29314421181687 0.08030172826277689 0.9967703878569077 -0.0006529391850820445 -2.849328066655243 -0.8502669662819067 0.06815724620921111 -0.521920181482701 -71.44560238527976
-0.5252824067876236 0.04247256730775674 0.8498673273786251 316.59388481572825 0.08007330492293682 0.9967889250332519 -0.0003236815581424994 -2.851655715529852 -0.847152087265395 0.06788166142134103 -0.5269966044336133 -72.7769124135771
-0.5297253391407699 0.043823455546579425 0.8470363450384824 318.870570517944 0.08238711736591695 0.9966004021026375 -3.7695822550065885e-05 -2.8690861084130184 -0.844158414022111 0.06976491433950288 -0.531534974167148 -74.16154559932379
-0.5345849180932172 0.04447247992031764 0.8439438155926036 321.1838287901774 0.08292758008656309 0.9965555760921369 1.4853786206514064e-05 -2.8780126105039585 -0.8410362547525817 0.06999415896620222 -0.5364315761607993 -75.51262011842527
-0.5389911506697208 0.044805597094210996 0.8411188964520763 323.50382728777714 0.08473985158443065 0.9964023580322531 0.0012241164949488125 -2.910675388657907 -0.8380380045398738 0.07193607840837998 -0.5408488731337479 -76.87850167299413
-0.5434530952318313 0.04446215914937865 0.8382612061205711 325.79929944543403 0.0862318317465737 0.9962703931760616 0.0030618416720696266 -2.9271632705862984 -0.8349986853142746 0.07394876661966984 -0.5452602822862284 -78.28092645924013
-0.5474091048615611 0.043414739641584245 0.8357382558531798 328.06781006948904 0.08581942801436755 0.996300741868278 0.004456178630170695 -2.9514095061289467 -0.832453180479206 0.07416193184209485 -0.5491099254024624 -79.73287120815341
-0.5518842365924953 0.04303777181422752 0.8328094257379551 330.34031746607815 0.0851067538826299 0.9963597470640889 0.004908652964313024 -2.973174825661662 -0.8295665312946726 0.07358671502132688 -0.5535380434334123 -81.17580543127121
-0.557589432889649 0.04332206186535364 0.8289856592761611 332.63632145840677 0.08613217800323815 0.9962664262101704 0.005869916422890279 -2.999001340791408 -0.8256362832641336 0.07467534373626009 -0.5592390551415859 -82.59440280785537
-0.561218113832597 0.044150574381930256 0.8264895374340351 334.8824431025254 0.0881673078367798 0.9960834232674266 0.006658807748936759 -3.0061687870659237 -0.8229585375551984 0.07660640099606159 -0.5629126973087697 -84.09625986991509
-0.564158977465386 0.04391354427287663 0.8244975735407606 337.1060750903559 0.08955097311584119 0.9959482392368594 0.008229700783356013 -3.0199143700201634 -0.8207955112932882 0.07847741962101411 -0.5658056408789257 -85.63220313220683
-0.5674942754267789 0.04332842808345106 0.8222365199123975 339.34488637411823 0.08864346899405132 0.9960254773293706 0.00869390105064646 -3.0210132026337475 -0.8185918291569558 0.07781963653600492 -0.569079538735025 -87.15051792248994
-0.5696439419063581 0.042904123224889984 0.8207709885587373 341.55023637652596 0.08919286041696257 0.9959657574952401 0.009840911926797289 -3.023834733741489 -0.8170375836520746 0.07881272807875099 -0.5711726015774564 -88.71622721546397
-0.5736930730883902 0.042030407141167694 0.8179912608126962 343.808719812811 0.08899354906677509 0.9959687828773328 0.011239740135854253 -3.017581777279167 -0.8142213495818524 0.07924410646458607 -0.5751208268492211 -90.22435833440464
-0.5741410899391031 0.03954233078578409 0.8178009616768401 345.99556923490064 0.08376688926779063 0.996428682735079 0.010629604188824755 -2.981776248602893 -0.8144600156581854 0.07460753513447435 -0.5754029879964322 -91.833173815255
-0.5772485586505116 0.038782945035736184 0.8156469730896205 348.2344922641901 0.08011809306946077 0.9967419251918596 0.00930729432843895 -2.9745380966547086 -0.8126285699498973 0.07072070233785067 -0.5784750552634241 -93.37066300291492
-0.5808672614628803 0.03836895019392874 0.8130935052142698 350.4857390206242 0.07738933968683029 0.9969668916117247 0.008240578430520238 -2.9689612372441894 -0.8103111221397896 0.06771145169799388 -0.5820747758196542 -94.89718209457318
-0.5838477410773021 0.03588996406118651 0.8110694949994212 352.71178943844717 0.07518939273181192 0.9971191044845321 0.010002334355795586 -2.9588702737650543 -0.8083739051079929 0.0668236631114383 -0.5848642813412502 -96.45242736784101
-0.5886055475547958 0.035510962718215376 0.8076400689134625 355.0149197371575 0.07641530857665321 0.9970056072782576 0.011854099325829546 -2.9732908469117354 -0.8048007268901088 0.06869345370934389 -0.5895566125611935 -97.91613364263549
-0.5912549036662975 0.036562511832399155 0.8056555229246931 357.25943802136624 0.0770741870457042 0.9969611093095796 0.011318843378853718 -2.9707565374381115 -0.802793378511429 0.068787566119884 -0.5922761705197184 -99.45204725570287
-0.594072464010285 0.03516576039311958 0.8036425055960642 359.46247133319093 0.07491826923262639 0.997120455435536 0.011749480294704967 -2.972232599764083 -0.8009152017785217 0.06718754831054756 -0.5949963637805548 -101.0469558643535
-0.5969092572107563 0.032007140485437256 0.801670057825566 361.64828033045876 0.07327693408543731 0.9972025985242505 0.014746810756881147 -2.944032192076106 -0.7989554615791392 0.06754643184067387 -0.5975848474973678 -102.68457714607746
-0.6000368163371743 0.029957775826432515 0.7994112525524514 363.87671167192605 0.07149501792348804 0.9973079233487709 0.016290133144351175 -2.956403899315419 -0.7967711600278102 0.06692860145912431 -0.6005633029537004 -104.24577250291034
-0.6031508916427402 0.03116732657300063 0.7970179418713593 366.03824973163375 0.07314191697673501 0.9971874169297319 0.016355901013261537 -2.9245071650689973 -0.7942664929930823 0.06816049641309573 -0.6037341176686847 -105.89923807198534
-0.6045111906217012 0.031792074782091166 0.7959619867771205 368.18401586487346 0.07335794697708356 0.9971791716566805 0.01588430764567162 -2.893514595673578 -0.7932117195480881 0.06799237894885991 -0.6051381696575043 -107.56944850565216
-0.6070252007529529 0.031417106899824604 0.7940613144114756 370.3722240933491 0.07352608344308108 0.997152537641502 0.016755050838814976 -2.892343944758512 -0.7912738594850417 0.06855495656140195 -0.6076066961666124 -109.18668604474556
-0.610301609489363 0.030586055602737548 0.7915784475700166 372.59565667231783 0.07304755360749492 0.9971697945740414 0.01778920181181059 -2.879693696144882 -0.7887940164368947 0.06867964758069066 -0.6108085670990043 -110.74147545634564
-0.6121302791956846 0.029131732263916146 0.7902201360805194 374.7045293939919 0.06980415623022372 0.9974106458874291 0.017302694685649506 -2.85522300487388 -0.7876699188523038 0.06575215316400038 -0.6125787731300343 -112.45553951753482
-0.6153361610920344 0.025131321420343404 0.7878640907771997 376.861586984782 0.05916549421966803 0.9981447460620552 0.01437046284691311 -2.8578339695829293 -0.7860412540994623 0.0554570337501003 -0.6156814633082432 -114.1131179866249
-0.6317154687648208 0.023528004005083973 0.7748432096564941 379.4452960710668 0.04924489346687686 0.9987384395249201 0.009821908304393317 -3.3876301866552243 -0.7736346081908911 0.04436172272174436 -0.6320771555486561 -113.5766160364562
-0.6585835240677956 0.02456490598045361 0.7521065796950673 381.9948459798151 0.0530613719468154 0.9984951885039599 0.013850968974761693 -3.9685884739540587 -0.7506345533170982 0.049029826928002215 -0.6588959276227507 -112.88244845429789
-0.6992732495511765 0.013138865550746458 0.7147337215174443 384.350055445593 0.053175449111327176 0.9980170898712496 0.033678775760222365 -4.639337832691952 -0.7128739678750665 0.06155695360345948 -0.6985853186183595 -111.72718985848671
-0.7037652565437248 0.001741343167478912 0.7104304550101416 386.80252502451094 0.048890432289693316 0.9977449565751317 0.045986163782075304 -4.837609553165549 -0.7087483257916503 0.06709671640876659 -0.7022633703495351 -112.87514325632787
-0.7044699061658721 -0.008431985217334651 0.7096837696692382 388.67059105096865 0.04308731896228733 0.997576953118549 0.05462330593556996 -4.712953847109031 -0.7084247555325015 0.06905884615300036 -0.7023996309201235 -114.8416419498736
-0.6981778392705154 -0.011600922526890288 0.715830373306468 386.072742542355 0.04041481763837859 0.9976356184736492 0.05558610678876465 -4.368657458135692 -0.7147827273142556 0.06773914192843597 -0.6960582313168827 -115.52793475837193
-0.6861453711345611 -0.005925558965265481 0.7274403188039293 384.1493991579314 0.04295898618481382 0.9978916822347267 0.048648905770800076 -3.538360056647944 -0.7261949154163659 0.06463032011117391 -0.6844442026533193 -117.231007913193
-0.686264680971058 0.00041115147486733925 0.7273517846311747 383.7758861074763 0.048977383736143826 0.9977562795026277 0.045646715056101204 -2.7781303282957706 -0.7257010428089855 0.06694951581240566 -0.6847450319633063 -119.78722622014931
-0.6882830217450518 0.007025165911354606 0.7254082498989222 385.71549789802 0.05371685054443591 0.9977015348139524 0.041305537128156336 -2.7109040462499796 -0.7234507460394817 0.06739654645289515 -0.6870783969687408 -121.65691840580287
-0.7035340379198106 0.007289934971472289 0.710624172355794 388.26851407661775 0.05238699594656985 0.9977588109942798 0.04162880900230115 -3.059300988690994 -0.708728057962951 0.06651474972792257 -0.7023391829626839 -120.86081912559217
-0.7123740600311497 0.006590882487580335 0.7017690210195731 390.9091613389241 0.05076768859186574 0.9978200625724089 0.042163544953054036 -3.012036492641369 -0.6999613134950896 0.06566340682605704 -0.7111557330249259 -121.40729546035026
-0.7193292018226581 0.0066643889350381956 0.6946373768559383 388.2181626498211 0.05133667540381343 0.9977296850599195 0.04358923386217528 -3.1156388197925087 -0.6927698356334927 0.06701538234115335 -0.7180382255604552 -121.48150407708053
-0.739599452657717 0.0013033568165580654 0.6730460243470818 390.64826160805904 0.048159346917052995 0.9975373266191188 0.05098979609764044 -3.6266705261362917 -0.671322073920502 0.07012548226262201 -0.7378408295862363 -120.45975270155476
-0.7402515176116871 0.00202769310688816 0.6723269882536745 389.8724229727878 0.049051380530381425 0.9974934099330717 0.05099861966888412 -3.471140081244089 -0.6705383305536331 0.07073037254767306 -0.7384954716568066 -123.04016102062168
-0.7550504039478243 -0.003068117024515348 0.655659571848188 392.47192993161156 0.04501868880258676 0.9973865403011024 0.05651023699001796 -4.001634290348778 -0.6541194120011409 0.07218501149197527 -0.752938987540943 -122.58920740948687
-0.7673839174572156 -0.0023138904001291515 0.6411837249488102 395.0099406557858 0.044931739291486465 0.9973411146735496 0.05737455695635635 -4.091290915836615 -0.6396116493875441 0.07283781224688955 -0.7652395644991362 -121.68959603424543
-0.7772537356844924 -0.002761357633739675 0.6291812181466622 397.690260555993 0.04524739912476114 0.9971559155207725 0.06027232378421028 -4.15505525356361 -0.6275582070509012 0.07531570251895381 -0.77491821614744 -121.41948015953366
-0.7807305895857619 -0.0026196463900125004 0.6248622919794872 400.3435492183247 0.04696527533337147 0.9969166930294756 0.06285992421256197 -4.245268955966262 -0.6231003204925551 0.07842349528005388 -0.778200325102817 -121.81645045112694
-0.7834648626168421 -0.002402291736539949 0.6214314427506732 401.4812725660512 0.048795440343375504 0.9966672436297678 0.06537132763766713 -4.656676144791933 -0.6195174041513802 0.08153915911896965 -0.7807365442219945 -119.4050360070939
-0.780317595202517 -0.0013639263334436324 0.6253819555458215 400.23889513091774 0.04843538410509024 0.9968621312118657 0.06260914407898625 -4.085014295002847 -0.6235049832871821 0.07914563197466268 -0.7778029986798569 -121.71728773901931
-0.7815420271322379 -0.0021406520329211058 0.6238489219634069 401.95071892305117 0.04447986486618516 0.9972579343181481 0.05914519474106863 -3.94793619749031 -0.622264896525198 0.07397317113891962 -0.7793037716475729 -123.77943713617559
-0.7769708854802048 -0.0030565533799063347 0.6295291102066213 401.60452053893255 0.04183933808258093 0.9975265788088185 0.05648180555504861 -3.6590631657890333 -0.6281446592186505 0.07022379975039403 -0.7749212250569073 -126.42486031476102
-0.7781657656217466 -0.0038138052622439765 0.6280473677229612 403.30076620955845 0.04119026977656562 0.9975187889588273 0.05709314625960356 -3.5166444616622536 -0.6267067918014377 0.07029737237983548 -0.7760778804646064 -128.50041458434265
-0.7744933217437409 -0.005940307254863515 0.6325541931914304 401.8704512855883 0.03909093756724653 0.9975953659305251 0.057230974777893434 -3.6114543230884153 -0.631373101402376 0.06905214423631525 -0.7723987365356753 -130.7739921637792
-0.7752916537111813 -0.007554064965986094 0.6315582220098706 403.58248771557135 0.03611191878459831 0.9977626035572891 0.05626469820630894 -3.5041156653106604 -0.63057020307613 0.06642833013890138 -0.7732842271425695 -132.8342432138673
-0.7760080372606863 -0.008184519243882814 0.630669913466277 405.313667401148 0.03523234997186487 0.997792029741716 0.05630050532046071 -3.39683557076598 -0.6297382056237919 0.06590962773849103 -0.7740062747478835 -134.8818229202107
-0.776430984012426 -0.009302069976751171 0.6301336354771429 406.99383331568885 0.035550640704859596 0.9976523348796017 0.05853179182910497 -3.2848196560629903 -0.6291987595434098 0.06784755119678282 -0.7742774895253187 -136.95967779124024
-0.7764064209226832 -0.009679080471710209 0.6301582221563473 408.71838434944766 0.03800582358972967 0.9973432343595326 0.062145235139193136 -3.150038496109953 -0.6290855481755171 0.07219964181671681 -0.7739758295956292 -139.0068191109153
-0.7759313995906025 -0.009602736930025137 0.630744203756815 410.4987033427534 0.04255299411894708 0.9968097943215826 0.06752389677773128 -3.0004401669470906 -0.629380414233615 0.07923396612558574 -0.7730473936254673 -140.9937439707662
-0.7743655398234676 -0.00940761699836958 0.632668560524639 412.17823759636707 0.0464107933811141 0.9963515959224717 0.07162077603916223 -2.851729021339513 -0.6310341107988066 0.08482331074138313 -0.7711037264617685 -143.06991004448238
-0.7720752424569405 -0.012873917667053151 0.6354007257069793 412.24977718307366 0.040642070762598466 0.9967481785826856 0.06957938326975072 -3.0511398617915546 -0.6342302752700947 0.07954452046479232 -0.7690413689749347 -140.4066180777444
-0.7711848003694779 -0.014958960787088372 0.6364355687508804 413.95763128165294 0.03361425801042947 0.9973724534120691 0.06417375501846151 -2.896009237593537 -0.6357232773286605 0.07088313386788415 -0.7686556420111481 -142.4421816019241
-0.7699938525864946 -0.01785657853125172 0.6378013872532443 415.6647873317661 0.028830726186091123 0.9976136109070882 0.0627365329012913 -2.762847987140829 -0.6373996048057977 0.06669502182359757 -0.767641529528828 -144.5030830634021
-0.7678743420993166 -0.018181908141797626 0.6403424185245447 417.36408956859754 0.027456947580872682 0.9977444067673928 0.06125532461668641 -2.627982159529367 -0.6400118051841545 0.06461824030936142 -0.765643110231025 -146.56812109649556
-0.7658919854298308 -0.017345731188550446 0.6427352427429852 419.13859558781945 0.029298044292451444 0.9976562165944164 0.06183605817906216 -2.4852206071136678 -0.6423014021898021 0.06619062698012493 -0.7635887045032735 -148.56653881403378
-0.7633102643701951 -0.017300109516845876 0.645800392162939 420.6912061458209 0.030008138794182734 0.9976129154222736 0.06219310724471426 -2.323310199631286 -0.6453347595730518 0.06685190493433392 -0.7609690341225704 -150.73112530836897
-0.7613479525475068 -0.016876089109324918 0.6481238251816478 422.3947374767774 0.02805021523720495 0.9978677522551761 0.05893330496689561 -2.17536690970933 -0.6477364283231744 0.06304876387011342 -0.7592511921607918 -152.77523157279015
-0.7599149955971103 -0.022498613696801274 0.6496329824203535 424.12967556443414 0.02123421757113219 0.9980082255806889 0.0594027749974569 -2.040518597609247 -0.6496755401512221 0.058935507590749794 -0.7579236758897522 -154.80603869344515
-0.7590845044548564 -0.029675272017693717 0.6503153798943998 425.88907766088 0.01255186528612799 0.9981075947899429 0.06019700906562813 -1.9155912279215839 -0.650871082299989 0.05385728783818269 -0.757275528967067 -156.81313318777862
-0.7585769299135234 -0.03436029683927934 0.6506768870984179 427.64692930691837 0.005063434602745946 0.9982676093830317 0.05861861211836281 -1.7881898871624575 -0.6515638134772321 0.047761386681884364 -0.7570887972419257 -158.8171279467516
-0.7581190321202641 -0.03488331777739173 0.6511825299237326 429.3838476611352 0.0037852544701094904 0.9983160327147887 0.05788584173331015 -1.6506026721395153 -0.6521052100586432 0.04634924989057889 -0.7567103422373379 -160.8354855116966
-0.7573580977271159 -0.03434198829556684 0.6520961122772233 431.11937365296274 0.005949609141735611 0.9982117774876538 0.05947982377219354 -1.517896816355314 -0.6529726747408516 0.04892724317615197 -0.7557994515193535 -162.85710041797495
-0.7563201696121463 -0.034807468440311615 0.65327501190435 432.84738535722744 0.007655223790245668 0.9980443042681255 0.06204002149134138 -1.3904435776512796 -0.6541568608419337 0.05192308598978037 -0.7545745785240323 -164.8883610036397
-0.7550975273398858 -0.03700775365732698 0.6545671473381681 434.573789081845 0.0061565458805857235 0.9979612846602312 0.06352457211262591 -1.2362128136482027 -0.6555835729699216 0.05199712000208406 -0.7533302584945571 -166.91420438574218
-0.7542314128459517 -0.03777771861792 0.6555210292983916 436.2397596908611 0.003998506046192688 0.9980607456521302 0.06211891771178189 -1.086412914026393 -0.6565965182863795 0.049473143869278896 -0.7526177118629948 -168.98573541427538
-0.7534849588235001 -0.03693735902767409 0.6564267273160096 437.995781681615 0.0032444836513379335 0.9981995156920693 0.059893240001899266 -0.9405547104489229 -0.657457139403461 0.047258421261719294 -0.7520084783213976 -170.9852886848547
-0.7527267003047915 -0.035503443383983535 0.65737509852149 439.7524712169075 0.00410897004806623 0.9982719401293985 0.058619535271116734 -0.8182676961367507 -0.6583203103455051 0.046825623948201486 -0.7512800609150062 -172.97635528193547
-0.7518188057387282 -0.03454483147755309 0.6584642267851596 441.5357934931102 0.006209818973445712 0.9982114260369583 0.05945912106271082 -0.6920564997200347 -0.6593405201304614 0.04879142903647159 -0.7502596050479247 -174.9583433444214
-0.7515331954079314 -0.034415941268397594 0.6587969331945552 443.3628705882921 0.007752369801665998 0.9981085507864742 0.060985421285371814 -0.5688784865432542 -0.6596497229305861 0.05093980598222547 -0.7498449034327634 -176.89703251998782
-0.7506977376845658 -0.034464956558033215 0.6597462189393166 445.1343919407732 0.00799787654396764 0.9980909989105199 0.06124044304673227 -0.45499744532653164 -0.6605974118977904 0.05124963085941201 -0.748989008417821 -178.88249940663798
-0.7500916036698713 -0.03531484714315238 0.6603903752139438 446.9711495945092 0.007217297170515135 0.9980766431239816 0.06157048864422559 -0.32506070477681315 -0.6612945612399288 0.05094974015235527 -0.7483940320799554 -180.80348836780834
-0.7495089899657835 -0.036144779197778656 0.6610066784059081 448.7909464234319 0.007089556211276526 0.9980127928812942 0.06261152799587284 -0.1775777677900922 -0.6619562010837233 0.051614147110992326 -0.7477633099215324 -182.74584634023026
-0.7489855700538706 -0.03691954422550735 0.6615569235562845 450.57100231516574 0.006791857609715333 0.9979661650525841 0.06338299519918295 -0.03720086069515616 -0.6625514972598613 0.05196614921650069 -0.7472115047389994 -184.71914900852903
-0.7488407431055478 -0.03638211664782905 0.6617506199871301 452.37226430681784 0.0061799531845527665 0.9980653628013637 0.06186549728879644 0.10456682470392505 -0.6627211703603291 0.050416992813709156 -0.7471671681704527 -186.67784342375748
-0.7485493651406286 -0.03550968414923713 0.6621275634492041 454.20110762673914 0.006167026496524418 0.9981490030700406 0.060502359081662675 0.2378336669963026 -0.6630503870233013 0.04937236070796282 -0.7469448134008085 -188.60658400615333
-0.7479834184835544 -0.03560056940796579 0.6627619520849702 455.8885868364096 0.006768028151356396 0.9980994068926283 0.061251675532165754 0.32243863475741125 -0.6636829058131557 0.05030082920175748 -0.746320860698009 -190.6603858893288
-0.747703295431377 -0.03693470142147591 0.6630049847715788 457.7145656612323 0.006030437252214121 0.9980330476966038 0.06239927509151996 0.46295150336975094 -0.6640055841840503 0.050654353577032386 -0.74600986631283 -192.59809534312964
-0.7476426610896942 -0.03818127432183306 0.6630027463064371 459.4973691658766 0.004774411565646873 0.9980110736111726 0.06285779143151446 0.5977376357728457 -0.6640840732263638 0.05016061443610316 -0.7459733617539367 -194.57023917673106
-0.7476499680945787 -0.0388681338586807 0.6629545937532334 461.26088693919235 0.004142551103205091 0.9979933741351421 0.06318278604717095 0.7147824053088996 -0.6640800889038374 0.04998493125602623 -0.7459887010999547 -196.5602557017266
-0.7482457916708224 -0.038520434290007156 0.6623023564724868 463.09252784799037 0.004185170557246926 0.9980189647012339 0.0627744410095022 0.8379103691196745 -0.6634084108558665 0.04974255963215703 -0.746602275757937 -198.48718870164436
-0.7483953212469335 -0.03795824919406631 0.6621658511685845 464.865248038027 0.004750215151486491 0.9980286350980663 0.0625801804110295 0.9626389929298227 -0.6632359147329924 0.049980144481425126 -0.7467396511274206 -200.4594332886565
-0.7488796323948672 -0.03908893663507922 0.661552228638724 466.68460144624896 0.004506040895620618 0.9979355181377774 0.06406556980551548 1.0978383601067079 -0.6626907210604129 0.050958381761960464 -0.7471574476297663 -202.41253484685737
-0.7491358853752128 -0.040742539843938226 0.6611622120857757 468.4230903163866 0.0036030423451391073 0.9978413325534463 0.06557204536839197 1.2405752903552587 -0.6624065544127337 0.051504567710068255 -0.7473719530301121 -204.42474801030048
-0.7494396129498283 -0.041153175307025815 0.6607924656832552 470.22451155212013 0.003039526391082854 0.9978419358778201 0.0655914040320476 1.394882194398401 -0.6620657277196309 0.051165292589089945 -0.7476971880469682 -206.3789650100852
-0.7496591094091033 -0.041524659558663385 0.660520190704632 471.9997893276163 0.002305445191928787 0.9978598307557779 0.0653486272731833 1.531319067496674 -0.6618201452074526 0.05051198682055678 -0.7479589792127787 -208.35783427143707
-0.7498312432504891 -0.040621568371550336 0.6603809467485088 473.7749272630089 0.002724136704729507 0.9979154603197219 0.06447722957807961 1.6761579973617455 -0.661623522650635 0.05014600919202294 -0.7481575315650264 -210.32785545944225
-0.7498213030456896 -0.040070813590798636 0.6604258803204424 475.6087760864469 0.0034814596594578504 0.9979116209803276 0.06450020272082374 1.8185498543467558 -0.6616312363677362 0.05066287211123945 -0.7481158870468775 -212.26126243771188
-0.7497411606049194 -0.040308440815006466 0.6605024009750816 477.39811824086763 0.003536811333234963 0.9978846912063555 0.06491251051656206 1.9349262711496982 -0.661721756526395 0.05100365334986653 -0.7480126631846448 -214.22842219433264
-0.7497733254725142 -0.04011301374086941 0.6604777865594784 479.1964885793004 0.0033385144601543503 0.9979187872014061 0.06439680482482986 2.0563740639450825 -0.6616863416537192 0.050488021144360094 -0.748078969755092 -216.18721428767824
-0.7497628613535807 -0.04029299998005493 0.6604787096398295 480.9606201562797 0.002431029529671739 0.9979698602548877 0.06364155967792795 2.2057319494071344 -0.661702154923431 0.049321721131985324 -0.7481427844965571 -218.1735562819916
-0.7497393227206763 -0.0409056113769635 0.6604677728127345 482.7360078449218 0.002339189076329503 0.9979175054921663 0.06446068900291695 2.3422285328178263 -0.6617291561967038 0.0498736723145897 -0.7480823087395201 -220.15087947600412
-0.7496298720183029 -0.04176281967921434 0.6605383576070816 484.54101622742235 0.0023238009548456236 0.9978350177446108 0.06572577357252053 2.476102727232713 -0.6618531974138537 0.0508049628975956 -0.7479098881670362 -222.10920727947638
-0.7495958383548331 -0.04268719484038805 0.6605178896273516 486.28297458921327 0.0024232172776640255 0.9977345304235002 0.06723046049666806 2.6021022937153364 -0.6618913862101068 0.05199625176133598 -0.7477942114403073 -224.11815110941424
-0.7492401516480591 -0.04174945268693362 0.6609812239078585 488.06413291781956 0.002928601166340391 0.9977925742318724 0.06634306371365634 2.743486551179295 -0.6622919435215842 0.051642637500885914 -0.7474639921349726 -226.08860487702043
-0.7491013476498417 -0.040826448145107476 0.6611961676242847 489.8316328115975 0.0039303444249963425 0.9978076564320282 0.06606385667139109 2.888058177359443 -0.6624437510776947 0.05208725273474045 -0.7472985981257131 -228.07342458521316
-0.7487700002468387 -0.04089748799379054 0.6615669899610637 491.5157860617973 0.004370981548875468 0.9977682925514552 0.06662828903121414 3.0409788790932195 -0.6628154956325653 0.05278096110081798 -0.7469202024946348 -230.12067106197443
-0.7486006814932996 -0.04178743843062181 0.661702976914242 493.29136192662594 0.003836700846687737 0.9977221651446504 0.0673480579204624 3.180882253227028 -0.6630100296333195 0.05295555842829544 -0.7467351668678579 -232.10845241135496
-0.7486453328849058 -0.04224160119680596 0.6616236185913967 495.0832977679417 0.003074768626724663 0.9977361333071295 0.06718001258710946 3.345063697019685 -0.6629635822181602 0.052328342431637954 -0.746820616500922 -234.0689498762656
-0.7488245392262387 -0.0418464345469942 0.6614459050960332 496.8569671360341 0.003098488154154623 0.9977728082927545 0.06663199233643284 3.473312394387832 -0.6627610495674622 0.051945153260614114 -0.7470271027405649 -236.05067573521993
-0.7490781659550223 -0.04304629561102954 0.661081627126048 498.6314993421013 0.002553641396704896 0.9976917077054552 0.06785819988301822 3.6118519520709573 -0.6624767016318925 0.05251926132301532 -0.7472391497940997 -238.03347074689776
-0.7494452883526446 -0.044478236717228725 0.6605705459862276 500.4421035542531 0.0021969171355566116 0.9975682455545327 0.06966181892776445 3.7651787556978253 -0.6620626354969108 0.05365894072521396 -0.7475251064406655 -239.98460508005564
-0.7497686937541693 -0.04572855573147592 0.660118023581295 502.2503185353133 0.001112564460166369 0.9975206759237265 0.07036521374207157 3.913479122788638 -0.6616990766704176 0.05349205824568227 -0.7478588982141973 -241.93998822394934
-0.7501591341145076 -0.04483709214545105 0.659735483866456 504.01722566207457 0.0004932939466370805 0.9976603147495203 0.06836412096228156 4.068429512274514 -0.6612571588766715 0.05160941330614299 -0.7483818799867775 -243.9239077537762
-0.7507824796520541 -0.04310435533648827 0.6591416257516534 505.85206498284316 0.00020567617715014401 0.9978532984115642 0.06548856805922225 4.219056010580648 -0.6605494878847581 0.04930323924615561 -0.7491619081714015 -245.85250149253457
-0.7505508413255472 -0.04260373925602795 0.6594379091217851 507.4604988063617 0.0004702127056406984 0.9978848488797654 0.06500467118749904 4.375713729608767 -0.6608125403512843 0.04909938673332349 -0.7489432800532286 -247.96301313521496
-0.7509732990519243 -0.04397732898005219 0.6588665256687756 509.27992732054634 0.0009977316368649013 0.9977031305640787 0.06773084817270246 4.525827270994321 -0.6603318170758113 0.051521430476975626 -0.7492045338617208 -249.91334168571947
-0.7509425293723705 -0.04451573259971493 0.6588654393204512 511.0481109065315 0.0019475385586806468 0.9975716922694305 0.06961986696513596 4.674272977175066 -0.6603646906621989 0.05356368484143133 -0.7490323137173863 -251.90917084236108
-0.7508489965673294 -0.044005008944065616 0.6590063304260902 512.7937925197298 0.002300468736454139 0.9975976945888486 0.06923545041799645 4.838379293202327 -0.660469902567422 0.053501391933515885 -0.7489439958126051 -253.91464358031917
-0.750942140525972 -0.043374422443043785 0.6589420012869098 514.6225950211027 0.002371728937051206 0.9976570105000154 0.06837297932661288 4.994031062592854 -0.6603637455858045 0.05290698326196049 -0.7490798186027978 -255.84849232929255
-0.7511421904699175 -0.04251088426173125 0.6587702440269549 516.4131795355951 0.0030397428500006174 0.9976910630484827 0.06784764311728977 5.131103028214939 -0.6601334483719579 0.05296571940842166 -0.749278628354026 -257.81672926893924
-0.750741405751849 -0.042433867055250166 0.659231908069132 518.0756486531793 0.0038659196865680266 0.9976354480270666 0.06861900250504496 5.26086837274439 -0.6605848895900561 0.05406366401335046 -0.7488021927576998 -259.9071948660642
-0.7505912867701627 -0.04299699102963198 0.6593663465685087 519.8201433710354 0.004251205271104857 0.9975457234077294 0.06988889013762076 5.388943791002609 -0.6607530911607199 0.055261093667461826 -0.7485663391097837 -261.9224421369046
-0.7501423968039023 -0.04399856547600802 0.6598109659238347 521.6091004935515 0.0036389397200258067 0.9974942719907797 0.07065363022007416 5.545027811289032 -0.6612663174810908 0.0554012958477972 -0.7481026358618023 -263.9009056490688
-0.7500246843749491 -0.0437937429157251 0.6599583933170966 523.3872862794952 0.0037498023695684436 0.997507944733297 0.07045451849326544 5.69948873856606 -0.6613992075973786 0.05531734154278225 -0.7479913635291477 -265.88237561517656
-0.7499853286657917 -0.04338474513706024 0.6600301286119074 525.2290649166648 0.0045570881942088165 0.9974840765161018 0.0707442580283676 5.846133911048099 -0.6614387649157308 0.05606497111554711 -0.7479007148549601 -267.80139657964247
-0.7496356902655521 -0.04381725221347646 0.660398652549007 526.9986966933417 0.004936569326718355 0.9974081744669511 0.07178136101914627 6.023467773270165 -0.6618322764593493 0.05706997384737328 -0.7474764584397897 -269.80104610770536
-0.7493410963683963 -0.045594524972766906 0.6606126403467552 528.7919242131219 0.0031554826068256473 0.9973695016376009 0.07241629742438643 6.194731803812619 -0.6621766865595011 0.05634905940339791 -0.7472260831110136 -271.7729074626068
-0.7493136965832214 -0.047197544761811004 0.6605311316518238 530.5611195724239 0.0015549124644930559 0.9973287543284064 0.07302696787456361 6.356921457895763 -0.6622133843105318 0.055747175338149525 -0.7472387075639249 -273.7625183965425
-0.7487946111110679 -0.04648446117896714 0.6611700426062261 532.3010763370223 0.0016157353355771386 0.9974066499434486 0.07195390224226075 6.515388250276681 -0.662800135614305 0.05494697004808632 -0.7467776179775264 -275.7806428034685
-0.7483280694610455 -0.04452105790906315 0.661833042284348 534.0658224043531 0.0036356090274308997 0.9974548018418915 0.0712088521851684 6.673927276947588 -0.6633188394759305 0.05569374906745002 -0.7462615650769582 -277.76259721397633
-0.7475129071345775 -0.04328576113205707 0.6628354219189135 535.8487371184374 0.005002609831211437 0.9974793336363332 0.07078102050175593 6.838958023604344 -0.664228445312364 0.05622563340339145 -0.7454121347189767 -279.7387403164437
-0.747138780883727 -0.043910870657758304 0.6632160112193082 537.6342212655725 0.0049624180541384105 0.9974190371061696 0.0716284777531516 6.994392509865858 -0.6646495441257937 0.05680756865292132 -0.74499253931641 -281.7051205478395
-0.7467028061826455 -0.044571387011126555 0.6636627989414962 539.4077395969726 0.005250835393053383 0.9973263123723335 0.07288796455831448 7.144701157175541 -0.6651370896038115 0.057910431786375186 -0.7444723191117861 -283.69581792306457
-0.7465042368339236 -0.043915497724643086 0.6639298558195673 541.3108128112469 0.005270310115846421 0.997398031909584 0.07189846851045216 7.299245716640502 -0.6653597885507316 0.05717162760026591 -0.7443304083384312 -285.58770145900246
-0.7457886165921416 -0.04434520645903034 0.6647050789829118 543.0611376814344 0.004488409960073284 0.9974248894819139 0.07157823704171061 7.450780067597701 -0.6661675416421909 0.056365703278464595 -0.7436690890149446 -287.5293643579863
-0.7453967305514351 -0.04467659740746419 0.6651223314002588 544.860158889896 0.00389011234282425 0.9974431565248086 0.07135836690790937 7.591517458644878 -0.6666097667370176 0.055777693981518446 -0.7433170708014962 -289.4819905427694
-0.7451199355222456 -0.045573788312194684 0.6653715589850475 546.7370483228241 0.003253872529714529 0.9974022342866732 0.07195967866444519 7.743901775475534 -0.6669225547249652 0.05578362536449262 -0.7430359972035763 -291.3537962505984
-0.744617369415907 -0.04618331198646929 0.6658919393250591 548.5449609948691 0.002546045707578364 0.997399773928253 0.07202227863031152 7.906595540197828 -0.667486697107425 0.055324430966876705 -0.7425636110952418 -293.2966414853152
-0.7444055632001997 -0.047197722863623046 0.666057604440543 550.3973359662028 0.0013680694163382538 0.9973888533400138 0.07220528802755206 8.08959566523185 -0.6677263555249672 0.05466123113834218 -0.7423972413390149 -295.1937079712554
-0.7439171084581219 -0.04827675262886152 0.6665258366326932 552.1747633408302 -0.0002784649968600307 0.997409499535445 0.07193200048431925 8.24465189037241 -0.6682718445367439 0.053325841690903035 -0.7420034342288507 -297.158325760608
-0.7441067343574627 -0.04806742652029901 0.6663292657474837 554.0019390683447 -0.0011268693140873399 0.997497080356078 0.07069869055807575 8.382143127457882 -0.6680598012524112 0.051856505751874477 -0.7422984607028285 -299.0847968068252
-0.7442881066969568 -0.04790059671782117 0.6661386845571488 555.8411192819526 -0.0003750358764893672 0.9974544337304323 0.07130576399964125 8.52996179982164 -0.6678585730358932 0.05282220617845123 -0.7424114364399939 -301.00201629884464
-0.7443195154811713 -0.04866601481295514 0.6660481047762933 557.6795351524751 4.340504819085885e-05 0.9973377337445535 0.07292079926370862 8.694490427024553 -0.6678236720795879 0.05430528382655331 -0.7423358264011282 -302.91929637855077
-0.7441621540792256 -0.05004313456574088 0.6661218905868461 559.417060370233 -0.001075237106309496 0.9972783682106952 0.0737204189092568 8.87672684711393 -0.6679981529175961 0.05414370676105618 -0.7421906269394986 -304.91752373096233
-0.7445155132369357 -0.049659468081516875 0.6657556517066869 561.2952594274642 -0.001818113926490866 0.9973767580116097 0.07236226254049138 9.060444327124385 -0.6676026849940621 0.05266440741231686 -0.7426527554521172 -306.7988215666252
-0.7443814174443365 -0.047963170474187626 0.666029908969272 563.0353157691821 -0.0013882315398226857 0.9975260672055402 0.0702838392421598 9.225783583083349 -0.6677532314985384 0.0513933801524174 -0.7426064518301482 -308.80485412863226
-0.744891815287167 -0.04667678950431605 0.6655504945830562 564.9091463930687 -0.001016053090126146 0.9976279502116435 0.06882906793362223 9.376448028566392 -0.6671844955889598 0.050593974720947045 -0.7431723209105913 -310.6775636456247
-0.7452085466574279 -0.04656049617667889 0.665203985394328 566.7445657231999 -0.0006215754163526402 0.997607430621907 0.06913051433294351 9.520667938498498 -0.6668311897569829 0.051103175671556 -0.7434545243682105 -312.6031462140327
-0.74546915760688 -0.04723157504775473 0.6648645827350024 568.5392271217944 -0.0005141363473776769 0.9975266625446219 0.07028721915385626 9.678548697097371 -0.6665399243261374 0.052055123005091034 -0.7436496442870295 -314.5548109394788
-0.7456566966927523 -0.047653675363818135 0.6646241177549641 570.3119624120627 -0.00020347752308069294 0.997455647937145 0.07128947324230993 9.842987174421065 -0.666330285424682 0.053022237057570476 -0.7437691799901809 -316.53352762834766
-0.7455490565149868 -0.04795385282271371 0.6647232750017577 572.0853982912297 -8.963068582385998e-05 0.9974151512969631 0.07185407385510369 10.007045845717323 -0.6664507455888552 0.053511157366412855 -0.7436262231399318 -318.51532058829736
-0.7454137870794141 -0.04760734683070385 0.6648998620541731 573.8767598523592 -0.000291599141517259 0.9974696706199095 0.07109269416281724 10.179553611644941 -0.666601980946542 0.052799590160617874 -0.7435415269351201 -320.4736765051285
-0.7453206927227336 -0.04737726411392221 0.6650206461790307 575.697437271263 -0.0005535939825899155 0.9975155567018268 0.07044435869198579 10.33099203810394 -0.6667059010785747 0.05213548679070054 -0.7434952134910455 -322.4100769035309
-0.7455918139048006 -0.04771053988970913 0.6646928248609077 577.549008044882 -0.0006358414484907828 0.9974843253500832 0.07088452854127568 10.490395460559613 -0.6664026130979603 0.05242828496432033 -0.743746483818178 -324.3110775871348
-0.7454297013980339 -0.04785658912189867 0.6648641268343833 579.319762794037 -0.0003946055227755623 0.9974510049872305 0.07135360492941425 10.645517187019628 -0.6665841316443911 0.05292673735986631 -0.7435484892811802 -326.2987127164784
-0.7453405465848592 -0.048643787399905714 0.6649069495530688 581.1097743334872 -0.0010777548501990932 0.9974212020169877 0.0717619969862065 10.807302623675053 -0.6666830641774647 0.05277051936791226 -0.7434708899644824 -328.25819781057754
-0.7452696644374042 -0.04901754926439433 0.6649589514650229 582.9257659163933 -0.0016227361674057473 0.9974244504915007 0.07170657075217653 10.97246700514803 -0.666761197128835 0.05236167898205299 -0.7434297280695032 -330.20054218688034
-0.7451312917111818 -0.04811975631827196 0.665179560092376 584.7121333131031 -0.0016147499947240292 0.9975208633520917 0.0703528233955818 11.138346440243142 -0.6669158497856138 0.051347991481132685 -0.7433617107946696 -332.15047911082013
-0.744640773034874 -0.04843226282277523 0.6657059674149556 586.4797553581338 -0.0016396884016909744 0.9974936688265795 0.07073678019823589 11.288403131893526 -0.6674634301262936 0.051581940335109294 -0.7428538704720462 -334.1307783212706
-0.7444168903029458 -0.048579224952667865 0.6659456076397537 588.3018897568879 -0.0011262177673769338 0.9974398168016313 0.07150205236388 11.442821172853275 -0.6677141791704134 0.05247733569557117 -0.7425657574740887 -336.0625028179485
-0.7440728433509163 -0.049077287430832464 0.6662934966260027 590.0930042185871 -0.0012893393651367984 0.9974019254481098 0.07202594474481643 11.602714960966447 -0.6680972544410515 0.05273347106738078 -0.7422029639104836 -338.0147492099538
-0.7438476157682343 -0.048236585936392885 0.6666062978198639 591.8885736337947 -0.0012684884790399985 0.9974922441516618 0.07076449529416977 11.769713292191168 -0.668348049636474 0.05179241869677443 -0.7420434151130589 -339.96502497677096
-0.7442761164099839 -0.046799869741909764 0.6662303165826383 593.7055665863004 -0.0006050290454740673 0.9975886955696099 0.06940049287690629 11.911799143279296 -0.6678717664952696 0.051250040622858234 -0.7425097553935807 -341.89550338271755
-0.7436409200150836 -0.04660854699374709 0.6669526410669966 595.4701350449853 0.00020706172010748127 0.9975509981708319 0.06994257054040774 12.05506314717987 -0.6685791944149548 0.052150257865982506 -0.7418100911958216 -343.87082109229334
-0.743827896977207 -0.04691426489948634 0.666722664552059 597.3000070726333 0.001066972391725394 0.9974488855780814 0.07137634222161138 12.203113898007073 -0.6683703473736458 0.053803089204645854 -0.7418802506763887 -345.7941356975321
-0.7432430881792726 -0.04721227017718507 0.6673535145771283 599.067495960169 0.0012888581357078726 0.997403995211986 0.07199728592004383 12.362047135179106 -0.6690202169728737 0.054371609134400124 -0.7412527756451893 -347.7653041490286
-0.7427914220239801 -0.04779273146188964 0.6678149131211405 600.8009189778071 0.0010043353532556186 0.9973683000848096 0.07249458804913116 12.51391200366805 -0.6695221390499936 0.05451906827274038 -0.7407886179718111 -349.7680680483337
-0.7424072475844575 -0.048321325068470804 0.6682039570952034 602.5574367203378 0.0005592870634936657 0.9973504142483983 0.07274502317345347 12.67305390690264 -0.6699486293232023 0.05438015025865454 -0.740413150427382 -351.7426249277574
-0.7414614477214574 -0.047971135520093924 0.6692784859082985 604.3398814149932 0.0005626449255531009 0.9973963383588417 0.0721126040234306 12.84667363046408 -0.670995234687606 0.05384528192205999 -0.7395039422756653 -353.6944885144696
-0.7405980290783376 -0.04705672826771922 0.6702986078234171 606.1308836088381 0.0007006007827071785 0.9974902482167932 0.07080052168537143 13.014013864735096 -0.6719479656073171 0.05290433854719746 -0.7387063438735744 -355.6528650056103
-0.7400725601273096 -0.04660358227408849 0.6709103605294996 607.9222283217193 0.0007447661227544583 0.9975387229077769 0.07011377627058035 13.1620950928714 -0.6725266173691707 0.05238895321269381 -0.7382163277192202 -357.60640259288476
-0.739952179545805 -0.046843370703840155 0.6710264306318393 609.7144336313515 0.0004142866514803499 0.9975403280598918 0.07009366776472051 13.316104143813062 -0.6726593494124423 0.05214395952787036 -0.7381127333495731 -359.555096034715
-0.7400410119512107 -0.0476169023593353 0.6708740054883041 611.5519955268844 -0.000347691408762683 0.9975175336110987 0.07041767710660927 13.470498194060692 -0.6725616549736538 0.0518787118971636 -0.7382204410005074 -361.4631801198691
-0.7406075710390293 -0.04782920450351275 0.6702333869005793 613.4221701171979 -0.0008295763912212028 0.9975277402012529 0.07026890729169347 13.632814899274155 -0.6719373017794651 0.05148567495449187 -0.738816274693381 -363.3427678826629
-0.7408793701902877 -0.04858537802380513 0.6698785112755281 615.233042050701 -0.0016762054161355655 0.9975107785717378 0.07049423358392258 13.804202733446864 -0.6716360243181074 0.051104869390955626 -0.739116596460053 -365.2756976908202
-0.7411813492996951 -0.04863059614807317 0.6695410910232156 617.0413292421819 -0.002394897426387616 0.9975578371118381 0.06980419817636199 13.957556584274545 -0.6713005823895793 0.05013408755539187 -0.7394877290046084 -367.218357058562
-0.7413038628640616 -0.048413002766383106 0.6694212157274028 618.806100172413 -0.0025380734635925737 0.9975901492902014 0.06933579322559931 14.108915280688548 -0.6711647644847737 0.04969985112928186 -0.7396403069815884 -369.19380672953895
-0.7420286748406543 -0.04865180753468209 0.6686003644463723 620.6069446646787 -0.0022776996417813444 0.9975401921747311 0.07005981073567207 14.25972750745283 -0.6703642724657631 0.05046351770918822 -0.7403142411043132 -371.14250410628784
-0.7425197552177921 -0.04879781695573441 0.668044299557788 622.3893549581913 -0.0017929660312570408 0.9974840095608957 0.07086914662323514 14.415602137597126 -0.6698217661319377 0.051423960666701185 -0.7407390754410315 -373.1082132867293
-0.7429753499414375 -0.048565801640914744 0.6675544863832202 624.1819528097183 -0.0010154302683385514 0.9974446858363873 0.07143575853937748 14.576908784994055 -0.6693180098284793 0.052397152667891946 -0.7411261296915217 -375.06551920015136
-0.7432195675103266 -0.04894074673066616 0.6672551819050934 625.9836045886613 -0.0011332045684090898 0.9974116123156738 0.07189430759962478 14.743386769332094 -0.669046627909563 0.05267711958022273 -0.7413512870128214 -377.0111419623929
-0.743581261568053 -0.0483758475505716 0.6668933084224327 627.7679030855102 -0.0013505633210051835 0.9974860043533555 0.07085087930201825 14.90610176994798 -0.6686442128842262 0.05178270457322608 -0.7417772361588811 -378.9701077494359
-0.7437696385298961 -0.04737650432937045 0.6667549712140347 629.520358837235 -0.0007209315169816589 0.9975413638527442 0.07007644155157239 15.073074670425738 -0.6684356401770053 0.05164004492942661 -0.7419751348265228 -380.9537208304617
-0.7436419056381539 -0.04595607340602988 0.666996818205264 631.2626074994214 0.0009962204743597396 0.9975575405205342 0.06984240041239251 15.240857330953467 -0.6685773879840753 0.05260221162364772 -0.7417798080351642 -382.95492580647243
-0.7434162595156305 -0.044665494250344745 0.667335941420176 632.9760932268823 0.0025396303834879226 0.9975719075902834 0.06959769726200866 15.402715299729893 -0.668824203632981 0.05343484640225218 -0.7414977422923614 -384.9784988164697
-0.7433216683876971 -0.044471527574635586 0.6674542535189215 634.8091869797707 0.0033189993578424904 0.9975302098439268 0.07016027859102214 15.564570016324614 -0.668925916337961 0.05436693557564696 -0.7413382188768671 -386.8979673175554
-0.7429715906920888 -0.04404832555842043 0.6678719641068627 636.5737065429477 0.00383943090880586 0.9975352604358935 0.07006185094162695 15.722624735012737 -0.6693119408726781 0.05461821310305358 -0.7409712387148852 -388.8785248098981
-0.7424116393261367 -0.04392540580343697 0.6685024431653733 638.3009447974922 0.003409787248793126 0.9975875758037843 0.06933543071780023 15.894989489921679 -0.6699353186270922 0.053754881889082444 -0.7404708512352801 -390.8850125977231
-0.7418434788834062 -0.044269244339588634 0.6691102202505647 639.9591552951875 0.0025698983013583217 0.9976234799566877 0.06885337945086434 16.040566168229564 -0.670568153479476 0.05279797576315535 -0.739966705531021 -392.9605530099875
-0.7413551356083223 -0.04421391344363629 0.6696549057276866 641.668502749461 0.0019875515511047614 0.9976784313244155 0.0680720009171253 16.178161703493878 -0.6711099854315875 0.051796501117632884 -0.7395461513157775 -394.9894632186252
-0.7409881465349354 -0.044868607295718746 0.6700174436341609 643.4199169834192 0.0017830244419584122 0.9976302910996504 0.06877952532724431 16.329378223243733 -0.6715157388464913 0.05215947047032922 -0.7391522185055657 -396.9764097142753
-0.7405696564255384 -0.04506289776787979 0.6704669411883885 645.1746384342837 0.0029726372694872543 0.9975194951459097 0.07032794772697722 16.503764447310136 -0.6719730258049149 0.05407579910262008 -0.7385987141486192 -398.9619036224973
-0.7398149367314163 -0.04530171544026159 0.6712835570511555 646.8552002046188 0.003752644316944628 0.9974372651949647 0.07144802069333409 16.696117795185426 -0.6727999532176779 0.055377401334254575 -0.7377489860187872 -401.0148122200557
-0.7391753520100373 -0.044721434690532344 0.6720266306181993 648.4577499523815 0.0044891055106310255 0.997443766252114 0.07131466256309185 16.87510062883845 -0.6734980674898335 0.055730839254353785 -0.7370850877907235 -403.12158002972865
-0.7384200094817418 -0.04358556932963303 0.6729310423388027 650.1345850466911 0.00510733737690361 0.9975189174782515 0.07021342021231301 17.04549753015482 -0.6743217367858543 0.055283880283542315 -0.7363653222951889 -405.16867016551237
-0.7378018934758964 -0.043037326893365715 0.673643937460471 651.8903680736975 0.0051693192270028145 0.9975759283814437 0.06939412981373094 17.212364253020112 -0.6749975141599405 0.05468140093075609 -0.7357909351644285 -407.1412935060348
-0.7368653320125049 -0.042181528650679964 0.6747223140809737 653.6593752473299 0.005301677351260188 0.9976602772765714 0.06816057043242123 17.38843111670531 -0.6760187680052617 0.05380232137280586 -0.7349176385960122 -409.10179953080836
-0.7360951425375153 -0.04162862426686809 0.6755967723237838 655.3794101814982 0.005670327429333091 0.9976927648481889 0.06765348739271093 17.54784657886545 -0.6768543333092486 0.05363025835477913 -0.734160750019562 -411.10637444386606
-0.735479744349534 -0.04055145954638035 0.6763321113034589 657.1723899333386 0.006502316974576393 0.9977389463568253 0.06689330905785504 17.6776854975853 -0.6775155094353892 0.05359639961235017 -0.7335531067503513 -413.0538161397315
-0.734733079497363 -0.040318799703405385 0.677157069137427 658.9043584477471 0.006659470744747776 0.9977553061309701 0.06663332902436886 17.816964152853465 -0.6783236346624743 0.05346721872276041 -0.732815326791366 -415.0531244619406
-0.7347135793407598 -0.04180748365558618 0.6770879489716743 660.7985258208548 0.005202006989539244 0.997722585934982 0.06725013485836993 17.96892774148717 -0.6783574982673648 0.05293180353603062 -0.7328228494792305 -416.9010387340021
-0.7339671303557732 -0.043352634197410034 0.6777999709836591 662.5712461588856 0.003207218759532925 0.9977284052512996 0.0672885064665751 18.129784036378787 -0.6791774181354445 0.051561404779352726 -0.7321608130950775 -418.86517137059866
-0.733661086185569 -0.042829461817272006 0.6781644695923296 664.391806042661 0.0032001187992487363 0.9977828293847791 0.06647694806886797 18.306758595151745 -0.6795080351671128 0.050941756794637465 -0.7318973750178362 -420.77941454572317
-0.7334125727139394 -0.04146137788435725 0.6785182033881206 666.2475345846424 0.004412191331455262 0.9978268910163652 0.06574213361493586 18.4450543830936 -0.6797694688295173 0.0512098594854629 -0.7316358517313848 -422.6584377228659
-0.7331284426751606 -0.040017643652070584 0.6789118313427908 668.129274457477 0.005505789810031908 0.9978853787695906 0.06476462859009266 18.58541983754896 -0.6800679177988409 0.051218737141613235 -0.7313578249710342 -424.51792893297346
-0.7337425544707459 -0.03999436442318738 0.678249448634588 670.0018476794885 0.005643898896867719 0.9978727361976545 0.06494727676062574 18.717683454737703 -0.6794041581886124 0.051482552071216964 -0.7319559663451431 -426.3820697100288
-0.7336761255203956 -0.04183595973237011 0.6782102146935307 671.8320210327307 0.004876241612094733 0.9977529797389957 0.06682225444916505 18.87601583391711 -0.6794818357462632 0.05233300961344492 -0.7318235381536194 -428.29687227670206
-0.7339523156626802 -0.043919316034481966 0.6777795305351481 673.6643387917511 0.0030492074120954437 0.9976840225628808 0.06795066928942219 19.033893813217066 -0.6791941553543716 0.05193924144408186 -0.7321185795557098 -430.20300532559946
-0.7342333752817644 -0.043895044726488607 0.6774766237080068 675.5237451825004 0.0014452587563524748 0.9978042629329672 0.06621604110710727 19.204308331452403 -0.6788956192592976 0.04959715638251242 -0.7325577521460669 -432.07977205222494
-0.7340808886817854 -0.04326257655086611 0.6776825203163597 677.2984854201123 0.0008208487640627122 0.9979112362300594 0.06459482032697467 19.349810377232735 -0.6790615399795931 0.047974097969101216 -0.7325120550848221 -434.03942834883765
-0.7336036021574011 -0.04280615242079462 0.6782281240236254 679.0674176783817 0.0025008003073951628 0.997837394909726 0.06568317377812201 19.502123695028583 -0.6795730283784798 0.04988152598580995 -0.7319100576340126 -436.0068217878432
-0.7331143705200097 -0.042126600356987134 0.6787994322916051 680.8283681659971 0.004909184274922538 0.9977260110533099 0.06722132680465458 19.674968998561713 -0.6800876558553276 0.05261327218475332 -0.7312404693007719 -437.9776357508329
-0.7326781233518751 -0.0412787019108222 0.6793223361042421 682.674533696514 0.006918431043864493 0.9976556110917161 0.06808389654741512 19.85842604193549 -0.6805401552248446 0.05458342629174411 -0.730674857033409 -439.87438988463117
-0.7320625117725424 -0.039522562733915266 0.6800900277847137 684.3665187018095 0.00790388348212579 0.9977557063174506 0.06649119593479476 20.003862075270508 -0.6811916084943845 0.05405106424375883 -0.7301071667713888 -441.90655856116484
-0.7316037056032286 -0.03795021099517501 0.680673048851678 686.1368703104008 0.008089940553801302 0.9978957663382805 0.0643318924480284 20.163069065534835 -0.6816821626017877 0.05257205540523711 -0.7297572255079169 -443.8732919126084
-0.7312274358184795 -0.03660674278603522 0.6811507788213429 687.9770635467559 0.008172380209427656 0.9980171906069516 0.0624091295780655 20.2992671410873 -0.6820847816129865 0.05120189093751466 -0.7294783869700201 -445.77237709947923
-0.7315413789737049 -0.0359806170956247 0.6808469769652082 689.9056219549701 0.008965571201274732 0.9980125173573137 0.06237494473844123 20.41792560588517 -0.6817380944191673 0.05173403513652956 -0.7297648663961631 -447.58527176524115
-0.7306096712036939 -0.03666835259658017 0.6818100470523134 691.7309330997907 0.00943206603775174 0.9979196546883806 0.06377616260683573 20.55380684988349 -0.6827302135352457 0.05302635858182107 -0.728743892476407 -449.51179952476014
-0.7301132326354575 -0.037841061630292244 0.6822775986248486 693.6007519069001 0.008797839473135732 0.9978621528846157 0.06475895197619568 20.708427288543213 -0.68326954092159 0.05328393655825056 -0.7282194425814593 -451.38688987397575
-0.7289705517823082 -0.03778485280858625 0.6835014553989082 695.3463924685342 0.008230677528222735 0.9979195137854424 0.06394450682914868 20.878830881399633 -0.6844955738217864 0.052239342496159455 -0.7271429436595996 -453.37822552944044
-0.7280970816027673 -0.03843019619948599 0.6843959086534614 697.0666350288374 0.007342673741910195 0.9979326577807983 0.06384744064441972 21.0175395301383 -0.6854346977676619 0.05151243106855655 -0.7263096753737737 -455.39543156848976
-0.7270992819646671 -0.038392522051604525 0.6854579844286428 698.8218193577964 0.0073281207545401825 0.997944217223539 0.06366818637495146 21.173165725035986 -0.6864932139596612 0.05131621147928473 -0.7253231787463732 -457.3758972422531
-0.7265170693763288 -0.0382542808449399 0.6860827631575234 700.649666399266 0.007077844099135564 0.9979795903987047 0.0631398548502661 21.31403988612563 -0.6871119646955157 0.05072816914340337 -0.7247784494779227 -459.2971524103178
-0.7258805926873164 -0.03880912527488262 0.6867249936876507 702.5100987802866 0.006011057491008647 0.9980108774421371 0.06275472647526617 21.443824486153893 -0.6877944695530366 0.049680381465373936 -0.7242034433428961 -461.1871827010171
-0.7256831198797113 -0.03747411855177466 0.6870077874088559 704.3765729014004 0.0070457281525157815 0.9980585209477963 0.06188332956675288 21.580125249894373 -0.6879929994094731 0.04974815777729824 -0.7240101888518681 -463.0662488579909
-0.7254656912112832 -0.03791360725895328 0.6872132778548037 706.259195825157 0.007269638458136716 0.998003791832628 0.06273423183840687 21.70511927348161 -0.6882199381244456 0.050507324936902395 -0.7237418924559348 -464.9231688338843
-0.7253575197351014 -0.03952321774597168 0.6872367742072172 708.06975499887 0.0062005708222769036 0.9979347329088659 0.0639360756971998 21.855067391353217 -0.6883444061552424 0.050637773579469476 -0.7236143962095395 -466.86040291895074
-0.7259722107010534 -0.041020527929066686 0.6864995743467298 709.9489553131551 0.004594238606704531 0.9979079994290824 0.0644865695090095 21.99242177125799 -0.6877086899708654 0.04996940027494109 -0.7242650183287291 -468.7238462858472
-0.7261532355950265 -0.04143257495982674 0.6862833381097542 711.7648583396218 0.0031688423988092624 0.9979702611301757 0.0636028013344507 22.12716714329696 -0.6875255899766343 0.048360103721325716 -0.7245480408470778 -470.64610728151774
-0.7263348939368648 -0.04126522113751242 0.6861011611812002 713.611433813724 0.0022829435100436175 0.998045870567074 0.06244380203759298 22.26866499943106 -0.6873371880079299 0.04692144252314993 -0.7248213353736865 -472.54106463446374
-0.7273464062157031 -0.04134313733673469 0.6850240509356244 715.4467849131352 0.0022106462012948963 0.9980374021320735 0.06258160263850025 22.387736615733974 -0.6862669439864265 0.04703284959033683 -0.7258275226601285 -474.4353256412665
-0.72791746130479 -0.040694444631712144 0.6844560845691281 717.3157126658612 0.00312262226827252 0.9980301130329501 0.06265893958227026 22.527350743005023 -0.6856576541961407 0.04774783404011476 -0.7263564728056872 -476.30452050040606
-0.7285851023854835 -0.04008466397196751 0.6837813746338696 719.1547966367136 0.004116784235982632 0.9980118460916266 0.06289202770070107 22.65179328827633 -0.6849429178183274 0.04863717482550532 -0.7269715431538604 -478.19717254662083
-0.7291884477774415 -0.03972294815444467 0.6831590554313398 720.9920426688838 0.00508781263454819 0.9979715001989783 0.06345863970464731 22.779141031790125 -0.6842940316782816 0.04974909225793731 -0.7275071862387273 -480.09116353434194
-0.7296706136488921 -0.040378379273258526 0.6826055830891737 722.8038682224905 0.0049194669886554665 0.9979192043144749 0.0642888832138097 22.93143462573187 -0.6837811012464403 0.050267764497709394 -0.7279536780802781 -482.0026792366564
