0.9990430301974307 -0.0005915851892859345 0.04373412673072588 0.03672369073048 0.0007475359535191609 0.9999934206920713 -0.0035496144252790476 0.053465857406591176 -0.04373173909111749 0.003578910383590393 0.9990368994168998 1.0002442362117359
0.996020600420441 -0.005237612928795878 0.08896926968853856 0.09704323891837907 0.006025789053944349 0.9999449262361759 -0.008592692290881877 0.03565128558972719 -0.08891936461975669 0.009094608586218769 0.9959973065677852 1.9980603724358625
0.9909494618953874 -0.005035504923698012 0.13414099917402236 0.22832737029267813 0.006740505843558758 0.9999021315236645 -0.012259402734432712 -0.0004973745491826491 -0.13406613871598866 0.01305262673163809 0.9908864210317903 2.9902425109386455
0.9834393330150428 -0.002418688772054205 0.1812214894088195 0.3401571881746715 0.0051482511075047355 0.9998802604846311 -0.014593156057555253 -0.029550076405672917 -0.18116449373279853 0.015284457393379011 0.983334028483063 3.977197816570138
0.9739068904722052 -0.005266381101522633 0.22688683064658666 0.5696515111854515 0.008762541596880176 0.9998578492060392 -0.01440483411342206 -0.055288983304857084 -0.22677871715732623 0.016017072490495922 0.9738145957179488 4.9486870979289375
0.9623072097080047 -0.0061082700095055065 0.27189616249863663 0.8383909832629952 0.01078722037175754 0.9998182854585953 -0.01571724973665945 -0.07458417519977617 -0.27175074980696107 0.018057826561476704 0.9621982357493858 5.903808872693054
0.9488795352788892 -0.008428380786852459 0.3155258942245959 1.1605572925525043 0.014939651702307061 0.9997223224647647 -0.018223193262142175 -0.09986123027602098 -0.31528468776001994 0.022005462116653374 0.9487419698216686 6.840873847289472
0.9338272634807885 -0.010163744107176584 0.3575798376386817 1.5340877184853687 0.018470914459852168 0.9996328515300092 -0.019823911344567034 -0.1377980811866871 -0.3572470675862846 0.02511693547597461 0.9336721438777624 7.754419895301779
0.9166687681609929 -0.010259471045489688 0.3995160982139192 1.9401578776968451 0.020040170153288333 0.9995928276079851 -0.020311833371188744 -0.17592162757287505 -0.3991450376222092 0.026625593862643793 0.9165011274914111 8.65358464428209
0.8971644254663921 -0.01072483838556767 0.4415664972789052 2.378277718273352 0.021284596014431813 0.9995935220347965 -0.01896725279454025 -0.20443690934559816 -0.44118358950675024 0.026415308964178874 0.8970280217486338 9.535170375846885
0.8753263069367712 -0.010483154835181807 0.48341903132699954 2.8506731513564203 0.021851957347359764 0.9996011310105536 -0.01789052381875791 -0.24320385491542873 -0.4830386613352213 0.026223698196896586 0.875206243869613 10.394835082098151
0.8513836578575027 -0.01041074604970681 0.5244401619821532 3.3649301215409024 0.02243182874699429 0.9996110034681291 -0.01657271264771072 -0.2755803272943481 -0.5240636222752392 0.025873888616258483 0.8512860046398214 11.228102912846644
0.8259336013213011 -0.010680267273662095 0.563666229340901 3.924418769039885 0.024048317029079384 0.9995779400295918 -0.016297860419831625 -0.3107215497337027 -0.563254262883554 0.027016174732158945 0.8258418502633218 12.02721744173967
0.7988319161536346 -0.012437526011753955 0.6014257042071111 4.516357364022188 0.027572747413777646 0.9994924877419539 -0.015953386707962005 -0.3402784186551162 -0.6009220526277674 0.029327033503316967 0.7987694359272437 12.800885761295106
0.7701607972218285 -0.011385333313753285 0.6377481639393187 5.129924647855654 0.0281811136729834 0.9994717268257426 -0.01618925903545686 -0.3748145478070629 -0.6372269385821573 0.030440786147889084 0.770074793305112 13.547316620467642
0.7397238053379592 -0.014267839444490516 0.6727593333235259 5.790912040910368 0.03291109345194183 0.9993458224616006 -0.014992900197861857 -0.3993342103747369 -0.6721053129860877 0.033231850477091894 0.7397094648372037 14.254702345948566
0.7076857691009776 -0.01322676153656175 0.7064035001266715 6.464898695951437 0.033227324575157584 0.9993415275184908 -0.01457588002780555 -0.41986847636413077 -0.7057455611716841 0.033787041247538056 0.7076592673951233 14.945140688270097
0.6739269055404276 -0.012008388383324277 0.7387004295363165 7.190169120407879 0.034356215314084615 0.9992955870193025 -0.015099014306832585 -0.4600744770795584 -0.737998764536904 0.03555458299827122 0.6738647454569968 15.573815308726381
0.6381517897216653 -0.013170364406799239 0.769797918142435 7.912746771480583 0.03887827683703927 0.9991293177272613 -0.015135588790603454 -0.49105116001935456 -0.7689283275216349 0.039587219645333294 0.6381082033444908 16.19904243741329
0.6015177394149888 -0.011329286644863623 0.7987791036533191 8.665685316772858 0.03884700699585464 0.9991313343245924 -0.015082666150947924 -0.5254741509445832 -0.7979143558155515 0.0401026686752323 0.601435330479162 16.78179998831752
0.563731865478193 -0.009795743857559568 0.8258997682810867 9.448315022978852 0.04166212130475046 0.9989940399390669 -0.016588424114645568 -0.5504883552688575 -0.8249064501462363 0.043760159603184794 0.5635728852053113 17.32322364726584
0.5252243123769682 -0.0080376657317899 0.850925859060426 10.269651507993414 0.04634893117525567 0.9987412662790776 -0.0191744520175368 -0.5744829217391919 -0.8497006521517166 0.049510392452953175 0.5249357320397443 17.805590550486382
0.4865088125060689 -0.006807464672470061 0.8736491479871463 11.103018696299358 0.047838757052087025 0.9986770342235017 -0.018858277711885457 -0.5980907745231254 -0.8723649630043873 0.05096900763483935 0.48619083864576645 18.266267743721645
0.4483871097470056 -0.008525644781519815 0.8937988102441089 11.969517866830774 0.052813752185661 0.9984601640613957 -0.01697080913096709 -0.624195651327992 -0.8922778196239085 0.05481436092437459 0.44814693845172543 18.680029241969308
0.41147931107649827 -0.009025686777031281 0.9113744090845495 12.852082618247074 0.05653953217755445 0.9982778390495727 -0.015640887559717157 -0.6571506507097493 -0.9096637059139775 0.057964584365934144 0.4112809855830092 19.06555400482994
0.37651344177614965 -0.006284281434001648 0.9263898401692102 13.75279579146435 0.058220410502438286 0.9981608405457629 -0.016891423915709743 -0.6667287065801352 -0.9245799110746477 0.06029464493494471 0.3761868469648613 19.412057913672882
0.3433193216092015 -0.0069856171331474344 0.9391927621969121 14.675239967046227 0.059006050854497186 0.9981574005102825 -0.01414530908494878 -0.6861479195811396 -0.9373633923790452 0.06027441380736511 0.3430989152822039 19.7335706469567
0.30989459023060173 -0.008533933305582608 0.950732620103119 15.612407001924824 0.06125002390068301 0.9980617741211925 -0.011005889796839726 -0.7114978255987369 -0.9487959620055152 0.0616430614131911 0.3098166481350491 20.04282216126839
0.27712499074870917 -0.008218841015734267 0.9607987251005717 16.568932678222424 0.06184861662601908 0.9980421971420544 -0.009301685078804063 -0.7230352750121996 -0.9588412215398197 0.06200180139492549 0.27709075859690646 20.30924851788036
0.2448109218192901 -0.00508427013682528 0.9695575087405407 17.530330886908995 0.0591507400264562 0.9982019243232593 -0.009700939730774714 -0.7405321863351468 -0.9677648487687033 0.059724940138215096 0.2446714715964549 20.556292212386403
0.21399217196181822 -0.003351343778323111 0.9768296263084679 18.506868154386577 0.05926844230140366 0.9981963103280764 -0.009559173320732082 -0.7549038460289657 -0.9750356927242342 0.05994075860622866 0.2138048254167368 20.773908127230765
0.18341867505238885 -0.0031026033680855683 0.9830299911469459 19.50362481807477 0.0614010750202849 0.9980786098012803 -0.008306421822494924 -0.771451037906224 -0.9811154354245875 0.061882651118712516 0.18325675939004388 20.967535399043726
0.15283484829688482 -0.00322202123747569 0.9882464913801676 20.51884053810017 0.06302983412151626 0.9979905153950813 -0.0064939350219958185 -0.7839663830661014 -0.986239701673321 0.0632815119968 0.15273081248627204 21.122494116912986
0.12242741637431585 -0.0037196175554009333 0.9924704993928786 21.54987100679977 0.061830690318305605 0.998079085224381 -0.0038865630601531945 -0.7982257792842755 -0.9905495916180421 0.06184095797204675 0.12242223026243286 21.25293920686349
0.09295127829667 -0.004023792401329069 0.9956625276456498 22.597754533381636 0.06239158492873562 0.9980501398885774 -0.0017912002867777916 -0.8109273754098469 -0.9937139175804544 0.06228745751030518 0.09302108709215738 21.353579500223844
0.06583769486008327 -0.00365752667594552 0.9978236419498805 23.660573878971572 0.06518207775964509 0.9978731799055146 -0.0006430895643215998 -0.8157237165650175 -0.9956990984601947 0.06508255775449356 0.06593607511588029 21.40831777913649
0.040782082617129164 -0.0028824945101500296 0.999163906955614 24.73818265872768 0.06911482117114917 0.9976087099886108 5.700294251325105e-05 -0.812225168016461 -0.9967747805958416 0.06905471005119354 0.040883783922919525 21.42744830966834
0.01811441179718326 -0.0025022888254763904 0.9998327893382345 25.830502771103966 0.07334349674978886 0.9973060559335977 0.0011671686596149043 -0.8212694046477085 -0.9971422163210999 0.0733100903614241 0.01824913919734475 21.429955973258895
-0.0022013505583381595 -0.0023687100356967234 0.999994771620574 26.934306791492688 0.07872341187293301 0.9968932740823884 0.0025346621816931688 -0.8135181179307344 -0.9968940658258544 0.07872857995707483 -0.002008038629756751 21.40919132878906
-0.019734603489216653 -0.003184414849465246 0.9998001825000774 28.049835825365825 0.08296981640559649 0.9965404441172759 0.004811736085751924 -0.8230684404292352 -0.9963566404610069 0.08304819528806037 -0.019402120210202538 21.371362483325186
-0.03506338960708339 -0.003054783949336144 0.9993804215634219 29.17783990588358 0.0859423971492597 0.9962816737017044 0.0060606120453884004 -0.8202541730294035 -0.9956829129203228 0.08610165469460351 -0.03467047702802064 21.314177252455487
-0.049530427904792944 -0.003446340783085428 0.9987666691709195 30.311953896806624 0.08806040060175602 0.9960845652979766 0.0078041412720858665 -0.8101474284610977 -0.9948829592255689 0.08833833545150896 -0.04903300859859949 21.261736623485206
-0.06266952151411173 -0.004391511482179631 0.9980246718894739 31.45176360892838 0.0882046082865363 0.9960529657501843 0.009921516883807262 -0.8079458818420938 -0.9941290047826838 0.088652151960113 -0.062034811216204244 21.181954428229368
-0.07479092231628429 -0.004114320474415998 0.9971907492080494 32.59744057992834 0.08804413560237927 0.9960589639149618 0.010713103690228609 -0.8030470341275643 -0.9933048616236146 0.0885980404505745 -0.07413392680284117 21.088397199637257
-0.08621500486904128 -0.0012168402598467824 0.9962758113269694 33.75548430447278 0.08820036649101577 0.9960634452626802 0.008849201222991227 -0.7993210929674236 -0.9923646851265318 0.08863482561170068 -0.08576828902631632 20.997782644345186
-0.0965354478003286 0.0023691080063643543 0.995326727585089 34.93056415958438 0.08866517912340054 0.9960420117551184 0.006228710125459014 -0.7961467424587578 -0.9913724796104662 0.08885211390882021 -0.09636341901846734 20.890068910433513
-0.10614248107987342 0.004821817484755761 0.9943392397900981 36.1291441784189 0.08990059953907381 0.9959393343589467 0.004767019946309026 -0.7998293691397779 -0.9902785749034069 0.08989767712681566 -0.10614495623664365 20.78006327656994
-0.11394208217650259 0.005775704045576523 0.9934706050769991 37.35060394863568 0.08972088879939105 0.99595678218094 0.004500015647791055 -0.8031416154555928 -0.98942779626526 0.08964780683631376 -0.11399959081991702 20.65404774565272
-0.11961558984323852 0.00659628786264881 0.9927983680752529 38.59261942952471 0.08939701483000786 0.995987411202376 0.004153368014942347 -0.79574572556678 -0.9887872796541914 0.08925001799897568 -0.1197253101112925 20.49713301489899
-0.12477702712812523 0.008170271129447702 0.9921511680035137 39.8528666348929 0.09061227677521742 0.9958811217374665 0.0031947870871402205 -0.7970254841226974 -0.9880385158477767 0.09029971227303167 -0.12500341261233366 20.345541350936312
-0.1293332258477543 0.009911414008119356 0.9915516529985572 41.13781313425186 0.08968020347870014 0.9959690893516265 0.0017418840677702627 -0.7925890843256509 -0.9875375323479264 0.08914783748609045 -0.12970075279550586 20.18497681022119
-0.1337543317517226 0.010752234167303466 0.9909561888388706 42.44342609266061 0.09001571041727698 0.9959394392747088 0.0013435681026874855 -0.79575344271419 -0.9869179046991304 0.08938133338446713 -0.13417908416251673 20.020229660287875
-0.13685001237590802 0.00978040894225667 0.9905434961240388 43.773020135036 0.08942956860654779 0.9959899579655633 0.002521089168790033 -0.7917417397397831 -0.986546717784596 0.08892888862834515 -0.1371758958263691 19.84246371018745
-0.1390545576896046 0.007955872388600804 0.9902527627228729 45.12412806560479 0.09001680495898169 0.9959294426416994 0.004638976650631284 -0.7864044034669013 -0.9861849749467514 0.08978446064840338 -0.13920469034967917 19.64874191971552
-0.14130680038483406 0.006731142645120011 0.9899429679954747 46.49345796873299 0.08932482514788515 0.9959846065935322 0.005978213865431939 -0.7770241099936864 -0.9859277173187191 0.0892712447959157 -0.14134065613010055 19.447806118992062
-0.14352537015032082 0.007596499113856622 0.9896174823255823 47.884731167737954 0.09187771628131938 0.9957540888717821 0.005681526735861453 -0.7756305141437149 -0.9853724947318868 0.09173923749592784 -0.14361392317433225 19.25215698653517
-0.14466454362267211 0.007293939942820243 0.9894538737397276 49.295352939077794 0.09133836924539446 0.9958017572913338 0.00601352468003123 -0.7697454148527423 -0.9852560439408813 0.0912450470743268 -0.14472342333695548 19.0533539009067
-0.14568755812264148 0.008818458744103553 0.9892913474773943 50.72870901391913 0.09299399903552143 0.9956550046117282 0.004819536802958571 -0.7612957119493101 -0.9849503802484891 0.09270030516126929 -0.14587461009841265 18.846512692006428
-0.14594465652242197 0.009215981044791688 0.9892498283679064 52.17785585837309 0.09259580876266116 0.9956941250159643 0.004384701617670474 -0.7541716564410217 -0.9849498329519838 0.0922403116975956 -0.14616959829523093 18.63860956573733
-0.145203409426467 0.010581932920715808 0.9893452342769886 53.648183239098444 0.09254896283434719 0.9957038142828033 0.00293320659992867 -0.7542539318164833 -0.9850637844166318 0.09198878691630287 -0.1455589355293943 18.417065614391312
-0.14416151976524386 0.010481827690603034 0.98949865462629 55.14474668676552 0.09357885456903814 0.9956070850237209 0.003087106754030787 -0.7627891704160609 -0.9851195126463194 0.09304119269887251 -0.14450910789513932 18.211620666209573
-0.14313095351386304 0.009393632023371023 0.9896591786183867 56.66209055556429 0.09280944488260061 0.9956759665885409 0.003971964067447721 -0.7671325198248163 -0.9853425480952273 0.09241822999484091 -0.14338386826217425 18.014306718355048
-0.14195116680569833 0.010144992019029289 0.9898216735247984 58.197700696298554 0.09378313528440417 0.9955873596538751 0.0032454327363266983 -0.7680038054759243 -0.9854210215835302 0.09328927287932468 -0.1422762165188505 17.790066139201446
-0.14114338752622568 0.010981430571698834 0.9899282561581009 59.75452833353815 0.09367945436310286 0.995599725070727 0.00231241633735586 -0.7644353920988716 -0.9855469060312925 0.09306232117073472 -0.14155105224074316 17.594531435127347
-0.14038585634398257 0.01163089033781636 0.9900285519764137 61.33802034164279 0.09429599562443747 0.9955427956493258 0.0016754819943659112 -0.7570862673883054 -0.9855963050599184 0.09359094197980426 -0.14085687427871482 17.377863816775957
-0.13953746902097544 0.011362848259421127 0.9901515946655098 62.937617573981846 0.09278534279929912 0.9956847691103419 0.001649461516437706 -0.7444700692736728 -0.9858601193378488 0.09210171681956333 -0.13998963839531697 17.155204091056216
-0.1386219750021134 0.009822594214240416 0.9902966548915603 64.55770662541153 0.09461434721914386 0.995508296999358 0.0033698524782804903 -0.746584201719994 -0.9858154357418073 0.09416340716187203 -0.13892868460061913 16.93523874820318
-0.1383597401777152 0.00795424846190535 0.9903500957890395 66.19304889913114 0.0959534287544996 0.9953711176858803 0.005410876731915808 -0.7445924041623017 -0.9857228422879384 0.09577613485706715 -0.13848252663650415 16.7118667621182
-0.13768889693390918 0.009069160315357252 0.9904340048646836 67.83803913869768 0.09738000492307668 0.9952374382126736 0.004424502350239442 -0.7436706419701362 -0.9856768751991225 0.09705767311779176 -0.13791629993098906 16.49055132237185
-0.13719747935146487 0.010963302018506784 0.9904830425951036 69.50219326941885 0.09971022361964657 0.9950125841025801 0.0027979962859272303 -0.7509054829627627 -0.9855124164440174 0.09914516370629084 -0.1376063717577353 16.282012040876
