0.9988843004100434 -0.005701162540349078 0.04687911197992774 -0.013882141108434515 0.0059235366913334185 0.9999718477858531 -0.004606012246304764 0.010766637715038803 -0.046851532604649235 0.004878563460200469 0.9988899506508012 1.0019695407862237
0.9956282058222364 -0.007355505056478107 0.09311483403066645 0.05026208120082444 0.008267116348222536 0.9999215668915092 -0.009408233230206411 -0.008084740172638523 -0.0930383284376895 0.010136893537624512 0.9956109244232545 1.9997290129320258
0.9903036859992075 -0.005730309660716025 0.13880119973391952 0.18572114114417734 0.007452899654961261 0.9999014897560579 -0.011893908960020627 -0.04387346319763227 -0.13871937061245698 0.012813053297652574 0.990248838364416 2.9898621197849646
0.9821713870920566 -0.003763139928506696 0.1879500070644958 0.3038789468061524 0.00635455527163743 0.9998928535612073 -0.013187153768938571 -0.0731499804446092 -0.18788024378567658 0.014146383817230627 0.9820900640063162 3.9824304031751923
0.9723986246850992 -0.00554668327933957 0.233259831550841 0.5402204256471043 0.008997813457029297 0.9998652030227242 -0.013733722631496116 -0.09786181040517336 -0.23315221222094493 0.015453481449985988 0.9723174563112369 4.953787234565641
0.9604491017453418 -0.0068562773036074985 0.2783711810121557 0.8186722903852802 0.011419232858058258 0.9998256575654226 -0.014773476056895125 -0.13264592428363664 -0.27822135805415754 0.017367957145451727 0.960359948137725 5.913822654520015
0.9468229295395084 -0.008792154156577815 0.32163494543272253 1.1499361503443801 0.015091942840460379 0.999739900524658 -0.017098671300638565 -0.15712239833913644 -0.3214009541982159 0.021043510264068963 0.9467093520802686 6.857044435165465
0.9314605324488913 -0.010586964629982982 0.3636883180278848 1.5341329567063442 0.018480199492053276 0.9996630107905023 -0.01823038902497819 -0.1941480869264981 -0.3633727545052907 0.02370192053804123 0.93134228951876 7.779552424709588
0.9139826384749014 -0.010835087576086892 0.40560860129400167 1.9512925001195318 0.01967313136936595 0.9996510705176799 -0.01762682940805304 -0.23058094163399753 -0.4052760842544024 0.024090207348120972 0.9138768830872913 8.687653010659385
0.8940589153279972 -0.011049618038000157 0.4478130880889252 2.4022391568845305 0.0207413676899353 0.9996446490370373 -0.016744292101180724 -0.2571192776257596 -0.4474689392448106 0.02425863955033457 0.8939703948220492 9.579807873854019
0.871877666905618 -0.01095508310743673 0.4896011847466524 2.8896100799674485 0.021219379915972232 0.999655929773417 -0.015419467721914448 -0.2942648495629988 -0.4892638060057152 0.02383292308875858 0.8718101398296804 10.452212028647855
0.847760261934866 -0.010689251103354057 0.5302718908210929 3.420435896643635 0.02189048949395185 0.9996501413174592 -0.014845923133959596 -0.3252546668473868 -0.5299276787957419 0.02419369493966759 0.8476976585854907 11.299127230241599
0.8221857016168745 -0.01193145894382985 0.5690942912595766 3.999076259547849 0.024565407292820605 0.9995925812627053 -0.014533143125286871 -0.359470367195457 -0.5686890299815058 0.025928975529973013 0.8221438289050523 12.113993160374239
0.7950466964619456 -0.012554498114015602 0.6064182838784238 4.6115398841046975 0.026965350995899497 0.9995288652218168 -0.014660062552925249 -0.38829304239912377 -0.6059485294070903 0.028007716177741407 0.7950106587611839 12.903967396159633
0.7658954992936002 -0.013674800028223785 0.6428196356723987 5.251124006914844 0.02964981388799741 0.9994613878432584 -0.014064947452274481 -0.42220769089423826 -0.6422810698582161 0.02983176251273493 0.7658884339426788 13.671939473928314
0.735370844063371 -0.014952098315049012 0.6774999309649432 5.938372307101543 0.03232838139348899 0.9993923144517692 -0.013033709035170742 -0.44543211693934687 -0.676893342749065 0.03148708577676703 0.7354073469658047 14.397990066951408
0.7028177284718813 -0.01371007033739393 0.7112378466567771 6.641495329610627 0.0332430775642902 0.9993549565044308 -0.013585606504026324 -0.4653204871872131 -0.7105928076892422 0.03319194000614256 0.7028201453991969 15.108778623508398
0.6692083405793435 -0.014990753341863913 0.7429235991764465 7.400753379085161 0.03710497672758064 0.9992233828159919 -0.013260917608221184 -0.5056104640456531 -0.7421478407979691 0.03644047952496957 0.6692448534362461 15.75832087356587
0.6337443389916705 -0.014278383397120663 0.7734107838423097 8.16052188381733 0.038835236881508334 0.9991560950761619 -0.013376174659207162 -0.5363161445532415 -0.7725671085235044 0.0385126659648655 0.6337640234250522 16.40779348887976
0.5969375706775912 -0.013142638582853736 0.8021800345088481 8.95430022877215 0.040542619975259035 0.9990824941979535 -0.013800933038696842 -0.5708758307804712 -0.8012626489978664 0.04076077573203619 0.596922713994571 17.015018361988602
0.5589694272198499 -0.011668251537453014 0.8291061640945458 9.779657793895256 0.04431181033147943 0.9988925365099495 -0.015816572633373546 -0.5960683775839155 -0.8280034075404884 0.04558017563347592 0.5588674303361763 17.579066693965732
0.5213398618360731 -0.010581867335659948 0.8532835241257358 10.644236523146638 0.04784987826229641 0.998712404781869 -0.016849975818987242 -0.6196033096553853 -0.8520065361316355 0.04961407681805168 0.5211749281867502 18.081020682951316
0.4829534512590836 -0.011087652499828259 0.8755758264587845 11.52122087756476 0.05133261587402457 0.9985586803072671 -0.015669222397414737 -0.6414760701193288 -0.8741401068847429 0.052513102603567945 0.4828265191458282 18.561046717752696
0.44613620262393483 -0.01222242675376141 0.8948816128363265 12.424689268204663 0.05573374842660979 0.9983453935101806 -0.014150072202040075 -0.6655194996560708 -0.8932279876910567 0.05618796616049127 0.44607922442558584 18.989038083209945
0.41055916593165204 -0.011694046472832348 0.9117589706422405 13.341269119801547 0.0585821894779419 0.9981902641605457 -0.013576583188397006 -0.6971900356234404 -0.909950162561377 0.05898682744640693 0.41050122514108356 19.38764555983297
0.3767510158873533 -0.010691379844249725 0.9262528631129158 14.274610163059503 0.06007612335910408 0.9981102453765448 -0.012915009737357395 -0.7039761658756704 -0.9243643932075644 0.060511424304839294 0.37668134556759014 19.746581501558918
0.34394319258410405 -0.011770837974674563 0.9389166776921307 15.218526895455907 0.06166789251077969 0.9980458429633334 -0.01007801453109851 -0.7197768810575038 -0.936963260383422 0.06136727724923168 0.3439969563450855 20.076388922451073
0.31112242844357973 -0.012444332814748094 0.9502883631299321 16.16755787552929 0.06295074970423574 0.9979881446807707 -0.007540967332423786 -0.7416610354096005 -0.9482826781245367 0.06216752896351761 0.3112798752112406 20.390817249143122
0.2791577772505799 -0.010199579347374144 0.9601910768079719 17.13034181164854 0.061490261568946415 0.9980811694422835 -0.007275090164886318 -0.7506045138338051 -0.9582744299691491 0.06107329846881772 0.2792492955791298 20.660947583114496
0.24762002423082974 -0.007821551151617374 0.9688256535298321 18.098096382352683 0.06022141210599531 0.998158104361659 -0.00733349992163106 -0.7660185765309766 -0.9669838184395242 0.06015997036837131 0.247634958843442 20.91237785008047
0.21689382669799342 -0.006860646864674064 0.9761710912872289 19.073406437949398 0.06133218127184749 0.9980955052398743 -0.006612560804894251 -0.777707627801633 -0.9742666121143316 0.061304925940412175 0.21690153197868905 21.132908855347114
0.18635759231180005 -0.006812277232985745 0.982458365869338 20.054361840406884 0.06335210761745955 0.9979782214636016 -0.005097052557483835 -0.7909020888879895 -0.9804373300972246 0.06319068256672714 0.1864123906519525 21.32669394351638
0.15634865546518695 -0.006935601956320005 0.9876775766208991 21.04233933935536 0.06376425859258934 0.9979602175204909 -0.0030860286118362325 -0.7997638034165038 -0.9856415257386252 0.06346102482594466 0.15647198173371157 21.481044725138705
0.1263089267259866 -0.007309364931153208 0.9919640256650606 22.033871690834793 0.0634409975064477 0.9979853281276277 -0.0007243461735037618 -0.810201318459553 -0.9899602491336283 0.06302267866645625 0.12651816908645253 21.61049063132256
0.09775892847522537 -0.007416345912305797 0.9951824906602231 23.028817285068918 0.06516038255631806 0.9978742667088917 0.0010355603829771305 -0.8191788670595844 -0.9930746781831109 0.06474523653135832 0.09803437100327769 21.710541432526377
0.07183113081242658 -0.006963569627406874 0.9973924991417634 24.02719168922592 0.06863106974757556 0.9976400580902259 0.002022562492200914 -0.8208039646196558 -0.9950527950372838 0.06830683122335346 0.07213953074918592 21.767569284835723
0.04817310910784915 -0.00615690806553346 0.9988200258514823 25.026865514834817 0.07280593997137684 0.9973426415539136 0.0026363693115767028 -0.8148769821505699 -0.9961820349031429 0.0725930287378569 0.04849335536851508 21.79243281215336
0.02703070160624909 -0.00633298367154285 0.9996145429556785 26.02679644968894 0.07767551470459953 0.9969697796275305 0.004215794683068985 -0.8201051869337788 -0.9966121891618869 0.07753161824217408 0.027440710389862025 21.803189362284133
0.008008592338058146 -0.0065035549447002745 0.9999467816948281 27.0267061200575 0.08228623135363697 0.9965917279761167 0.005822702052714815 -0.8098412024585715 -0.9965765593161308 0.08223522057281915 0.00851644990364179 21.794315524455165
-0.00847962201115531 -0.00711325374556831 0.9999387469398809 28.026432318307236 0.08583026667526417 0.996279122512689 0.007815073115511165 -0.8151683703381144 -0.9962736879658118 0.0858912781747885 -0.007837537910602686 21.771472262175465
-0.02309581280119341 -0.007394687354234247 0.9997059077698729 29.025671111015384 0.08829299287470029 0.9960501229357015 0.009407444339632915 -0.8094310359794272 -0.9958267574434215 0.08848429916492692 -0.022351688102051126 21.732882840020377
-0.03723063920467491 -0.00798021173782504 0.9992748349303263 30.025026331777084 0.08914867454391134 0.9959545092275236 0.01127516635919506 -0.7971805298801782 -0.995322256021372 0.08950380868981625 -0.03636859769831263 21.699107195017376
-0.05020875409203379 -0.008265840199647465 0.9987045393399989 31.02338089104139 0.08894222675302792 0.9959556316783548 0.012714559700734452 -0.7921360792547701 -0.9947705068571029 0.08946538779865913 -0.04927050916417384 21.64198367362985
-0.061767431042099426 -0.006725503801869833 0.9980679095437697 32.02102439061882 0.08886682998521951 0.9959686624335177 0.012211059690670656 -0.7857561833073357 -0.9941264864144986 0.08944937701852408 -0.06092075147402905 21.573671924934636
-0.0731088250679783 -0.0035389537907058112 0.9973176903591187 33.018914218123726 0.08889937054085602 0.9959898986915025 0.010051050787431928 -0.7812121402917777 -0.9933539155883052 0.0893957354159537 -0.072501040508544 21.508900841592837
-0.08344704537086196 -0.0005734533049277855 0.9965120479804448 34.01585994584277 0.08962355702982212 0.9959429511469687 0.008078123915244753 -0.7769623317068842 -0.9924737823460094 0.08998504993594708 -0.08305710170617354 21.43091825667258
-0.09217005056078385 0.00111639289932562 0.9957426552310173 35.01284499239313 0.09017976024724264 0.9958992548245145 0.007230842394059639 -0.7778335899919178 -0.9916512958804475 0.09046230102574344 -0.09189276071462578 21.353318604988413
-0.09911674247070665 0.0017748000419253508 0.9950742291139927 36.008964721093136 0.0898393326502268 0.9959304453302671 0.007172333875293429 -0.7779255125829907 -0.9910119906797072 0.09010770305067134 -0.09887282831989083 21.265299105553535
-0.10410627589711664 0.0031999200924929896 0.9945610307217125 37.00290256829631 0.09045745037312211 0.9958806180615755 0.0062645224310802095 -0.769635008176911 -0.9904440080038983 0.09061763118012414 -0.10396687899747445 21.155673594278536
-0.10869288362133371 0.004682301832967788 0.9940643505828103 37.997546315255754 0.0905433440334432 0.9958788910844076 0.005209332369216265 -0.7685974435240612 -0.9899433114584487 0.09057212784315272 -0.1086688996753116 21.052314273811692
-0.1133348445992213 0.005885473314244659 0.9935394175389005 38.99171648581174 0.08988693466012128 0.9959424596344141 0.004353857457632572 -0.7628262686066248 -0.9894824667355535 0.089799656464942 -0.11340401104767432 20.944646156478722
-0.1170373100311945 0.005817709792616773 0.9931104784027963 39.98581383453557 0.09005638441991033 0.9959252029928896 0.004778877356232037 -0.7621441073695286 -0.9890359526760761 0.08999524596522561 -0.11708432866008686 20.83615368793549
-0.12019710961894171 0.004263793705262626 0.9927408901130703 40.97910611558114 0.08972355153228083 0.9959449338902068 0.0065858149736054365 -0.7553666802303172 -0.988687179617337 0.08986383433657487 -0.12009226510746834 20.720722315091976
-0.12230209493599543 0.002971545228147721 0.9924884722218309 41.97125531880195 0.09004280306317682 0.9959048431907679 0.008113995667914516 -0.7477210152551416 -0.9883999651916178 0.09035880271523099 -0.12206881494090671 20.595895736801594
-0.12424844847712051 0.0031728273572955374 0.9922460663653897 42.96302987261423 0.09143941409797342 0.9957763347811635 0.008265871957177115 -0.7380399945914998 -0.9880289249816759 0.09175742071545977 -0.12401378610137875 20.46826752306722
-0.12572614747536626 0.0033387872648041796 0.9920593673468353 43.955615319530196 0.09248582316565003 0.9956788216033281 0.008369989485112831 -0.7345922896609005 -0.9877445562261395 0.0928037537506385 -0.1254916528515597 20.346766746992603
-0.12701650832691896 0.003831066869807654 0.9918932047045573 44.94817882019198 0.09296065002334081 0.9956371718203548 0.008058513312263609 -0.7280511639120745 -0.9875348723765022 0.0932306012862999 -0.1268184955916107 20.225214701167225
-0.127144404357452 0.004893846952129508 0.9918721443324225 45.94037711567879 0.09391333320644368 0.9955548706621405 0.007126383861748606 -0.7200761716424093 -0.9874282689323022 0.09405609902020508 -0.127038828514975 20.100799762013004
-0.12723849471405646 0.005855234999816215 0.9918548692656592 46.9327454137402 0.09330452838210557 0.9956189798070484 0.006091964491508782 -0.7132441222110516 -0.9874738631712197 0.09331968319207827 -0.1272273802396179 19.97768019044921
-0.12595858033412655 0.006488914047127657 0.9920142791485919 47.92430355598717 0.09360905629693032 0.9955945312439123 0.005373447349086069 -0.7111617603727662 -0.9876091233982238 0.09353835230377024 -0.12601109486424716 19.848033738028942
-0.12479726033269364 0.005586587292125238 0.9921665353436797 48.91752323057354 0.09327033301318734 0.9956219766080492 0.006125738705729776 -0.7140960181325551 -0.9877885850692251 0.09330417856403422 -0.12477195786484979 19.731817896986552
-0.12419448148148561 0.005204522158876403 0.9922442459992613 49.91150538280425 0.09299209249899718 0.9956461684270604 0.006417010921942878 -0.7141739720076987 -0.9878907841974239 0.09306782604967266 -0.12413773903283826 19.622275692332988
-0.1229040758849405 0.006078118216569067 0.9923999418630647 50.903637969383325 0.09386798399128485 0.9955693082065582 0.005527579807457099 -0.7123811372990961 -0.9879693263013174 0.09383394394386985 -0.12293006650798688 19.49709700391728
-0.12226211982195727 0.006612834572275643 0.9924758155620524 51.89806500000121 0.09393677363628122 0.9955659160666749 0.004938554963665643 -0.7076395879101738 -0.9880424366470529 0.09383377422465101 -0.1223411876651108 19.39177633750814
-0.12130936270211214 0.007288901574190867 0.9925879862433603 52.89125920210361 0.09428678642480008 0.9955361644935079 0.0042127296661202285 -0.7004911882184707 -0.9881265305751534 0.09409897501778339 -0.12145510476760998 19.275525990323374
-0.12071097134813186 0.006439503900962622 0.9926668092495589 53.884151463861684 0.09378542756170755 0.9955801469940776 0.004946158946017376 -0.6897111213501702 -0.9882475170589888 0.09369473678260183 -0.1207813782252084 19.156998486369233
-0.11990086115566004 0.00472570562207707 0.992774622560682 54.87747181945743 0.09565607913940354 0.9953911172571585 0.006814558622732278 -0.6876331627214791 -0.9881668371372344 0.09578199931051735 -0.11980029461680315 19.04162807846759
-0.11941594219025757 0.004287558037368133 0.9928350565914207 55.87069402716363 0.09696129314780684 0.9952609082333206 0.007364249703227259 -0.6837723429879773 -0.988098345501052 0.09714597978641529 -0.11926574625356329 18.925460180072676
-0.11876777057400956 0.005653579712820642 0.9929059641825657 56.86415729362949 0.09834888634874776 0.9951333139452204 0.006097870969875092 -0.6814201365224748 -0.9880393277733628 0.09837542636672494 -0.11874578838983987 18.81133231792211
-0.11805735495850025 0.006338534509950429 0.9929865477036782 57.85863221370735 0.09921018334311817 0.9950516106325157 0.005443500588966119 -0.6836604970255241 -0.9880383598126267 0.09915702273618017 -0.11810200836932949 18.706380951888324
-0.11815670768382996 0.005825313058817829 0.9929778739514215 58.85342883524039 0.09917460788020577 0.9950521762426437 0.005963531385572679 -0.6896462382900986 -0.988030054998897 0.099182822517541 -0.11814981225684897 18.60467620527436
-0.11808391552507334 0.005469172977416625 0.9929885583636957 59.846883097632215 0.09919013065456882 0.9950484608633922 0.0063149437150556535 -0.6825010550369233 -0.9880371991352322 0.09924035812278106 -0.11804170637814979 18.490669346052986
-0.1181021466510024 0.004572856910379954 0.9929909223835345 60.84119492066471 0.0992857511460259 0.995032722688654 0.007226368256194691 -0.6847061848548137 -0.9880254159563874 0.09944329921358151 -0.11796952007075232 18.38418380299063
-0.11776580008840057 0.004534948373713915 0.9930310420992824 61.83428094632152 0.10031041688956967 0.9949290236657586 0.007352423474026072 -0.6800200036827139 -0.9879620623247521 0.10047722185027018 -0.11762351506510953 18.266888446389054
-0.11801594266716593 0.00530601548606897 0.9929975244057974 62.828604571862726 0.10088656892349207 0.9948755480697783 0.006674133929143549 -0.6718039680468738 -0.987873543267165 0.10096776739395719 -0.11794648133901296 18.160808288081107
-0.1185352975128587 0.006013469167629663 0.9929316297873225 63.821769278610056 0.1004116427189398 0.994928119320556 0.00596149240927123 -0.6708694486660912 -0.9878597497873977 0.10040854333089277 -0.1185379229451328 18.044071062501168
-0.12005281564719893 0.0066089416014919605 0.9927455078448294 64.81698433783382 0.0999125103978479 0.9949812530403884 0.005458604599967048 -0.6750952414360818 -0.9877270937466368 0.09984301672669402 -0.12011061689015488 17.946401090326443
-0.12086033877699126 0.007124348634046807 0.9926439553874551 65.80940503659993 0.09948405340252207 0.9950267378383579 0.00497132832955409 -0.679630918973585 -0.9876718592879483 0.09935308069353778 -0.12096802770727641 17.823598064292725
-0.1219456474058168 0.007135300596186351 0.9925111317079415 66.80203990383013 0.09826584194296259 0.995148041890067 0.004919250919250105 -0.675605657054122 -0.9876604089392338 0.09812982323314301 -0.1220551285535158 17.702519621544255
-0.1229466540876684 0.00644086131309879 0.9923923798348077 67.79379031144532 0.09726940627216284 0.995242382712217 0.005591266115135437 -0.6747624397175853 -0.9876349441226275 0.09721684503652003 -0.12298821971651264 17.574338523391454
-0.12339860440639194 0.005934655679146769 0.9923394400569421 68.78578692939216 0.09556991387857645 0.9954050491638355 0.00593124442120936 -0.668693517125994 -0.987744489223703 0.0955697021085271 -0.12339876841804863 17.448220043253677
-0.12510174290243029 0.005793741399127758 0.992127001186529 69.77923709850961 0.09380686626632996 0.9955722453004022 0.006014667805207312 -0.6661986898464829 -0.9876992587645608 0.09382077034493021 -0.1250913157969762 17.333981679587414
-0.12738762885371985 0.007093307144207568 0.9918276448097147 70.77200351799007 0.09318069186030174 0.9956374150055302 0.004847319418139635 -0.6607667642809908 -0.987466328883907 0.09303667467651618 -0.12749284876287675 17.214043140363444
-0.13080016704755898 0.0076306913726390015 0.9913793869399884 71.76403584711392 0.09315530918475087 0.995640837587312 0.004627191278675936 -0.6686703801132226 -0.9870224945111545 0.09295749070199516 -0.1309408272899039 17.088309310419373
-0.1357747760271597 0.007397458856315236 0.9907121114618741 72.75612048961952 0.09174948635023013 0.9957688607914805 0.005138835715041602 -0.6679443093081907 -0.9864822562769396 0.09159505161582897 -0.13587900709914746 16.962725114157298
-0.1404359823592542 0.0065119637986087164 0.9900683457147177 73.74551200619722 0.08990894745030907 0.9959306748264353 0.006202588825566276 -0.6691853598417505 -0.9859990446380599 0.08988706952196787 -0.14044998649193316 16.817457672108713
-0.14498721058533023 0.006653909467544197 0.9894111553118268 74.73489175944837 0.08835506820714964 0.9960694427815229 0.006248766199555581 -0.6676178845022064 -0.9854806394286968 0.08832548129336458 -0.14500523668302662 16.672113011739857
-0.149361626520857 0.008037882030063764 0.9887499668649884 75.72424196771877 0.08801426941894112 0.9961056523916932 0.005197850706735452 -0.669211995993605 -0.9848576510855223 0.08780046540759472 -0.14948740874239472 16.526566552549333
-0.15368861251856947 0.009449310981999014 0.9880741474727913 76.71266029470655 0.08834972548937678 0.9960805933035272 0.004216355066323013 -0.6771946006188659 -0.984161641392341 0.08794408545239983 -0.15392108837281626 16.374974984314736
-0.15767711883614197 0.010502525161983137 0.9874348703386749 77.69824846365097 0.0872382140339174 0.9961818971092752 0.0033349488658903073 -0.6769427955602736 -0.983629717021453 0.08666789969179813 -0.15799131291089055 16.205866357084066
-0.1626147557259315 0.010771091889624631 0.9866308452504926 78.68630036313154 0.085742446717913 0.9963120178502604 0.0032551371658760676 -0.6794443602076101 -0.9829571069232976 0.08512547601422306 -0.16293857518197022 16.05170154466335
-0.16750585722338138 0.010296099637344094 0.9858173147840926 79.67014833641218 0.08414384182009321 0.996446024536737 0.003890253036504573 -0.6852489611078694 -0.9822736898032101 0.08360209636839717 -0.1677768988961056 15.872798427454795
-0.17246013386619574 0.009466576659985656 0.9849710077729168 80.65490602044927 0.08330611450354992 0.9965114169605966 0.0050087077680603005 -0.694093678593311 -0.9814874393048405 0.08291790996838376 -0.17264711608741065 15.699114684292983
-0.17770464623512824 0.009286175882228062 0.9840400528657018 81.6406844636194 0.08317792198924316 0.9965188827810573 0.005616898997260166 -0.6945021755043177 -0.9805623345815386 0.08284855580080047 -0.1778584403443437 15.531062253930465
-0.1827313016051884 0.010057281690270608 0.983111449683441 82.62405769076219 0.0835144391536916 0.9964923198366574 0.005328692091094742 -0.6925311162232832 -0.979609416995629 0.08307772018754414 -0.18293026688310007 15.349498547839465
-0.18861229774246643 0.011534039206846028 0.9819838934931077 83.60845295828483 0.08360933990466606 0.9964890943818191 0.00435465943656594 -0.6921596507426333 -0.9784860139118041 0.0829243674541891 -0.18891445117118366 15.173524745148534
-0.1938401501840087 0.011880711675789545 0.9809611841794346 84.58893013516861 0.08358711390342688 0.9964905457717822 0.004448210511176762 -0.6968310762861211 -0.9774656978973404 0.08285795603038336 -0.19415295144944536 14.977043906142786
-0.20129708973234134 0.011813856354724945 0.9794589907001316 85.57456711909654 0.08327386624394778 0.9965136760363871 0.005094769203034336 -0.7013046594960254 -0.975984090477951 0.08258889919642348 -0.20157908835851077 14.808222304705403
-0.20760955450307814 0.012294140066987673 0.9781345137551622 86.55739354754981 0.08227545998019058 0.9965973994542064 0.0049368093097941846 -0.701832912800733 -0.9747456188996594 0.0815013958231789 -0.2079146481486866 14.623580510338977
-0.21231789412886773 0.012984044887978684 0.9771143875775399 87.53334200725138 0.08142657840285514 0.9966694114179955 0.004449345267615131 -0.7034291623533981 -0.9738022510562835 0.0805077569061125 -0.2126679969239844 14.405635340919705
-0.21835286741281024 0.01022805986244805 0.9758162798826707 88.52267109052576 0.08198089819458122 0.9966026021154107 0.007898467446437029 -0.7476287485388048 -0.9724202577197844 0.08172294811277235 -0.2184495413772797 14.211120836275082
-0.22332327553868372 0.009801465172870822 0.9746951553604538 89.50799635533234 0.0834576988278411 0.9964697563376338 0.009101494974920002 -0.7454423346056713 -0.9711650359794843 0.08337839039512643 -0.22335289768902378 14.039848159040389
-0.22600086558943916 0.009983995107966163 0.9740759357434663 90.48420990817895 0.08470514195181113 0.9963613379660639 0.00944050493347539 -0.7400839594159848 -0.9704373486628316 0.08464280269556025 -0.22602422054304894 13.823021613350138
-0.2293906749295159 0.01084133305508733 0.9732740537756932 91.45783662694815 0.0852810335326043 0.9963162709833001 0.009001860560044653 -0.7339751733683991 -0.9695911837341501 0.08506676008594856 -0.22947022193192698 13.594956578073097
-0.23245394806164663 0.011183016959253366 0.9725431106959955 92.43255002797405 0.08492183398153404 0.9963483924702916 0.008840980436507238 -0.7301210883536092 -0.9688928961158526 0.08464526539361181 -0.23255479978422094 13.371530820987283
-0.23629915380057823 0.01126787516115371 0.9716150188744945 93.40623242221942 0.08385502505273003 0.996438771178069 0.008837989960741564 -0.7301328977027728 -0.9680552900979029 0.08356321129835063 -0.23640250639739555 13.143619313810216
-0.24070101935242982 0.01095454459492248 0.9705374888356555 94.37783714001425 0.08262593209205982 0.9965377594912753 0.009243876569255679 -0.7430231140863216 -0.9670759921684634 0.08241657515832092 -0.24077278399053628 12.906598191205648
-0.24489072144784646 0.010589517638010275 0.9694928553965463 95.3484016776431 0.08197454893044875 0.9965860325324042 0.00982105335345493 -0.7532920963760282 -0.9660790381104442 0.08187882435352993 -0.2449227434234746 12.665609909852918
-0.24921925206989157 0.010660175367137061 0.9683884164212553 96.31931090943831 0.08181964667146767 0.9965961160460413 0.010085975436305461 -0.753782209125723 -0.9649846163624983 0.08174681732696047 -0.2492431504387485 12.425889365220378
-0.2629702266427687 0.012547601464191517 0.9647223525952674 97.34920037981486 0.0801983375668836 0.9967392191017507 0.008896952059033863 -0.727083299025943 -0.9614649689671263 0.07970876239114727 -0.2631190351288038 12.362499303383359
-0.268792989258618 0.012710854528048009 0.9631140966171059 98.31807999369964 0.07935051149767304 0.9968062361220883 0.008990214300749963 -0.7291326516968818 -0.9599238642988683 0.07884010277316074 -0.2689431407272612 12.11493350398222
-0.273105183391318 0.012078336477901425 0.9619083493726011 99.27788328699684 0.07866335955254038 0.9968528991447935 0.00981699192869112 -0.7297912780836224 -0.9587625538519432 0.07834801372432376 -0.2731958163602638 11.834260804425618
-0.27741794709103673 0.011304967710465689 0.9606828198405866 100.23596638142872 0.07767815088450265 0.9969210692401242 0.010699840199359186 -0.7209855878987806 -0.9576039826081328 0.07759239273403486 -0.27744194542795475 11.547905698317946
-0.28144714765705897 0.011484633283874477 0.9595080021938542 101.19538962963432 0.07768962620766569 0.9969184883309274 0.010855855732812333 -0.7114227838473784 -0.9564265915664498 0.07759916766508108 -0.2814721018542831 11.26609789816892
-0.2840842422757564 0.012636707304588 0.9587160460319356 102.14790421278391 0.07844418573048435 0.9968672944178889 0.01010480306781607 -0.7045179837827714 -0.9555849794841317 0.07807631490059093 -0.2841855661990124 10.961686833394943
-0.2879383346707846 0.014000928915058828 0.9575465990835806 103.10700025578386 0.07821070321667045 0.9968967482072263 0.00894199732789095 -0.7000007353415261 -0.954449894614362 0.07746513669628151 -0.2881398120136428 10.678641826150997
-0.2898375694885754 0.015628063137883643 0.956948246748754 104.05966348650308 0.07906174207905159 0.9968402413242555 0.0076664343749537405 -0.694825502610726 -0.9538047097033954 0.07788001617333083 -0.29015733461083 10.374692764897455
-0.29418248311782064 0.016390928547252694 0.9556087086710715 105.02134512080796 0.07912240359205663 0.996838474258464 0.007259579042436978 -0.6970698598646805 -0.9524685358984025 0.07774569891265076 -0.29454930728849926 10.100493293662877
-0.29748012231888576 0.016551262545310964 0.9545845339902055 105.9737843310637 0.07882138591817518 0.9968621793223955 0.00727904928836651 -0.6969181751235164 -0.9514687414450759 0.07740704841783184 -0.2978512764924145 9.795764672581223
-0.3011723832526727 0.01658188754933265 0.9534255275432933 106.92633615163842 0.07813004669898897 0.9969161417857194 0.007341801542495352 -0.6888357125859474 -0.9503635574708854 0.07670232885888716 -0.30153915397325143 9.49149548807761
-0.30458621630886634 0.017087019315190608 0.952331491974077 107.87544590900274 0.07953609077957746 0.996803370112335 0.007553250703788874 -0.6937115804174994 -0.9491581781231984 0.07804534005059993 -0.3049716016258482 9.176588407240176
-0.3073812936658449 0.01747960077950669 0.9514258793310708 108.82423984499287 0.08161258703919645 0.9966315635155071 0.00805681335303534 -0.6941957219377141 -0.9480802318058736 0.08012484109953125 -0.30777245474163817 8.86069305887723
-0.3100173714660968 0.017187856418546806 0.9505755135605946 109.77366682375329 0.08280478376111128 0.9965252642347523 0.008986964344703127 -0.6942075338746276 -0.94711804817326 0.0814983149125967 -0.31036337975167033 8.546706225034452
-0.3124925817071203 0.017041202500076885 0.949767331400365 110.72652043311678 0.08367872057896818 0.9964460278906331 0.009653249362105237 -0.6948206558196476 -0.9462273818170153 0.08249188395431024 -0.3128079778096827 8.24327637931998
-0.31513256945111606 0.017415568637734382 0.9488878551442012 111.67924784158559 0.08330982034667418 0.9964795597148769 0.009378747477690182 -0.6914970778263364 -0.9453840158924522 0.08200722553208203 -0.31547405195291084 7.939468134565776
-0.3183120334748805 0.018539533672837366 0.9478046924531872 112.63085896686934 0.08244137426989155 0.9965622302080086 0.008193969204976436 -0.6924721449400807 -0.9443944457447726 0.08074656038515922 -0.3187461746160848 7.632164836332109
-0.32118414429638636 0.02048071213576139 0.9467952713670525 113.58040264031628 0.08176385551092975 0.9966325810128311 0.006178219459588845 -0.6907097390056669 -0.9434804806590243 0.07939797789689046 -0.3217771646983344 7.318534858196459
-0.3240238840294133 0.021766268893145497 0.9457984733107604 114.52728590154427 0.08100918941977171 0.996701722071507 0.0048154386346771225 -0.6936875123612043 -0.9425741529492747 0.0781786848070756 -0.324718431004141 6.996972562109722
-0.32873597816276545 0.022272491194400713 0.9441591988628641 115.47903639988179 0.07911072212329329 0.9968576932751567 0.004029020137073834 -0.6966578230834067 -0.9411026247474282 0.07601759989718965 -0.3294649817497604 6.690099474222223
-0.3325857293396101 0.022544799380074636 0.9428035132839463 116.4238222332059 0.07815124551928163 0.9969345378461569 0.003729621060460697 -0.6986104367819745 -0.9398293012368908 0.07492168758364862 -0.33332810452494643 6.362424255593003
-0.33663401556346123 0.022545426130033387 0.9413656268030159 117.37205199628477 0.07813718333653295 0.9969343260916077 0.004065715251363583 -0.6977453285410415 -0.9383880434798018 0.07492431661942159 -0.3373636415401937 6.044839041811464
-0.3398368421374671 0.021651594312888985 0.9402351456894945 118.31281860120478 0.07796843852396244 0.9969421444540667 0.005223332792596384 -0.7044105783261626 -0.9372469489521785 0.07508374707642916 -0.3404858111651549 5.705849801453352
-0.34375830549201025 0.021136220840365948 0.9388202637213631 119.2537588373911 0.07727530949863708 0.9969926344180917 0.005849227125302954 -0.7020394598683539 -0.935873257416382 0.07455834684769233 -0.3443578066026493 5.367285628637673
-0.3475702817352023 0.02127235495714745 0.9374126018830181 120.1957062682114 0.07679258734264076 0.9970299412245898 0.005847634642645307 -0.7023103047321066 -0.9345040383988359 0.07401880312642241 -0.34817153674589335 5.031524345935737
-0.350923598892758 0.02150027962359009 0.9361572334369173 121.13241624108608 0.07581850813123966 0.997106350092343 0.005520908464998807 -0.7063366666214703 -0.9333296210690551 0.07291546188315047 -0.35153826797869253 4.681441211100222
-0.3541944965536636 0.02198891830882985 0.93491322917301 122.06890982279663 0.07540878635411369 0.9971395778725856 0.005116364009853459 -0.7110984580175704 -0.932126479374819 0.0723128599329972 -0.35483950842122186 4.330788939112136
-0.357408750484974 0.02261656310719613 0.9336741809378626 123.0089037894072 0.07610754122390695 0.9970871726345152 0.004981198305584761 -0.7185777573339595 -0.9308418916473511 0.07283997007774268 -0.3580889715049218 3.9896797673651334
-0.3601358155292582 0.022569368697494416 0.9326268374702036 123.9382537393298 0.07659565464829116 0.997047346644133 0.005449242047628869 -0.719622127426972 -0.9297501277558792 0.07339763038743465 -0.36080117487535124 3.6204812532750537
-0.3628681809459066 0.022125512201912497 0.9315777718294982 124.87117215346404 0.07740115102293063 0.9969790343227571 0.0064704668446665375 -0.719801957884405 -0.9286203449619936 0.07445311834077496 -0.3634845087373056 3.2603935232659262
-0.36567859080050097 0.022013214984732712 0.9304808362326419 125.8042868510351 0.07849866761565526 0.9968877414462143 0.0072656821312752735 -0.725666055858975 -0.927424998268175 0.07569841028913205 -0.36626851252458437 2.900862498755223
-0.3682307587416009 0.022681594436808842 0.929457720173645 126.73863394692987 0.07900068222033446 0.9968501799005811 0.006972161852743819 -0.7292844337642977 -0.9263719558175888 0.07599515843777963 -0.36886275953084524 2.5445152282537364
-0.3698606515832153 0.022935382278551738 0.9288041056380925 127.66295164381543 0.07847806851879392 0.9968937661763708 0.0066341329690396585 -0.732960146646318 -0.9257668665339006 0.07534445698542186 -0.37051170241919895 2.162909965953138
-0.372652195354436 0.023738684505132356 0.9276674060003864 128.59511794981242 0.07784198249458286 0.9969490801955112 0.005758233985966393 -0.7327203032354183 -0.9247004742395402 0.07435728851491191 -0.3733631296551359 1.8008797411225854
-0.3755746967334349 0.024699716040592304 0.926462935686638 129.52108321585803 0.07738372810673537 0.996989875566044 0.004790265452631155 -0.739776516150329 -0.9235558487703327 0.07349225841078708 -0.3763555262724208 1.4233369531134623
-0.3777158263919543 0.025163757138348366 0.9255795696857867 130.44424761290654 0.07602586006137045 0.9970981527532364 0.003916934772546965 -0.7457031209358516 -0.922795114364489 0.07184747109513089 -0.3785328490398981 1.0389769390772976
-0.38069404793395883 0.025454750298963585 0.9243506356112245 131.365904810983 0.07519058114897875 0.9971630130640797 0.0035074040892061737 -0.7541729173104408 -0.9216389848384962 0.07083770933749571 -0.38152798136136873 0.6510647305780204
-0.38360781726336773 0.025473648363228484 0.9231446992609024 132.2890091179816 0.0760631818579273 0.9970945975682594 0.004093392949472353 -0.7617930763933797 -0.9203583187542125 0.0717875806756118 -0.3844308889262931 0.26659024923164404
-0.385854165795818 0.02482292374641676 0.922225777776079 133.2055863593033 0.07703009527209764 0.9970141823600399 0.0053930135650316 -0.7672306745435462 -0.9193383094162797 0.07312005627473633 -0.38661418780225115 -0.13323051348218007
-0.3881439764531673 0.02431343547200182 0.9212779767250884 134.12220324389276 0.07682520767284991 0.9970261919553468 0.006054751939047767 -0.7684387614870394 -0.9183910610459711 0.07312748738038727 -0.38885759550288407 -0.5329956165923216
-0.39094828113617686 0.024189086263131494 0.9200947394602493 135.04077004538797 0.07553924181458362 0.9971254786113767 0.005882418729640371 -0.7715861304326088 -0.9173076171180226 0.07180298050769009 -0.3916517171767099 -0.9282488961003055
-0.3935416640342484 0.023808823116321227 0.918998421440957 135.9560893837058 0.07413294844156691 0.9972308533605364 0.005910250517235718 -0.7791288805716515 -0.9163128639414121 0.07045399241797595 -0.3942169077143356 -1.330906833642319
-0.39822080661826786 0.023570739232423338 0.9169867007914203 136.89676094032612 0.07331987833639325 0.9972891672868286 0.006205824125826296 -0.7810878757086015 -0.9143546273831783 0.0697046416272351 -0.39886950036144153 -1.6702206617927045
-0.4019075593631995 0.023552466595426265 0.9153772965526227 137.82124069798903 0.07264173535426527 0.9973386230020778 0.006232924918547247 -0.7813073629701878 -0.9127943317152202 0.06899965496718567 -0.4025488238747842 -2.051451768170533
-0.40549620088227356 0.02337892198287719 0.9137977112451979 138.73799721455387 0.07218876542136937 0.9973696988822655 0.006516586409893939 -0.790860481080888 -0.9112417973386535 0.06860837965159672 -0.40611731928668204 -2.4507838830287687
-0.4098705656105174 0.02287536254087072 0.9118568074181049 139.6619487282045 0.07148369861310182 0.997416430852964 0.007109451253488701 -0.8003886324420378 -0.9093383310290534 0.0680968520062287 -0.4104468521844647 -2.8331749346613506
-0.41410204940741435 0.022702640190976394 0.9099472967182983 140.58166521403268 0.07045201219121527 0.9974893665456434 0.0071747896540745966 -0.7979505152581208 -0.9074998659254924 0.06707871314158019 -0.41466183763216163 -3.2257507303650503
-0.4178714554446409 0.02325995750907064 0.9082083577578738 141.48770503020467 0.0699710154446574 0.9975268819930759 0.006646555409802777 -0.7940434150933445 -0.9058076527178491 0.06632566681043073 -0.4184655328697102 -3.6489245773295087
-0.42218505266043893 0.023592864713922704 0.906202603199027 142.4007285471364 0.0699390678526964 0.9975293459083051 0.006612929732352539 -0.8008741687782703 -0.9038076720729896 0.06617084544071977 -0.4227920423986973 -4.056774392982759
-0.4251736646164075 0.023702684128068103 0.9048013802386576 143.29790041649767 0.06983622421852623 0.9975360734463754 0.006684606202872631 -0.8018483928164031 -0.9024135729827831 0.06603003057937169 -0.4257813738976056 -4.4984548970795455
-0.4283605782090293 0.024242894200057298 0.9032826230572749 144.19845194299882 0.0692648208416914 0.9975798198949076 0.006073510699119612 -0.7982756225411115 -0.9009492769463734 0.06516736161030866 -0.42900304818329266 -4.933189469540107
-0.43250684181013493 0.024357444456801842 0.9013015847578194 145.10922617488765 0.06895477479119272 0.997600957286201 0.006129360093160376 -0.8097890966360216 -0.8989900282099448 0.06480003797213026 -0.43314880151962953 -5.345933552992043
-0.4365561668567109 0.024955489464782512 0.8993308271848289 146.01690033064807 0.06938018582300606 0.9975722649082363 0.0059971744194559605 -0.8081291841600395 -0.8969978277535231 0.06501384338296987 -0.4372277406272773 -5.765605954805902
-0.4399198967256647 0.025704496571297534 0.8976690722760233 146.91629275203226 0.07003866612143833 0.9975276483139464 0.00575986954521721 -0.8082492248377372 -0.8953016640846861 0.06540542565616682 -0.44063256868044287 -6.202748115157066
-0.44308672772381313 0.027294284969168116 0.8960631527537695 147.80695942748136 0.07157658888212899 0.9974225162278266 0.005011591139561216 -0.809592080253163 -0.8936167767219908 0.06635771341579864 -0.44389831068750896 -6.6574028590986325
-0.44574995764990777 0.02877342951671307 0.8946949564007568 148.69584959299132 0.07312183793042165 0.9973134993047416 0.004356710021187743 -0.8085389964212458 -0.8921660002896215 0.06736374290653906 -0.4466564161285929 -7.115522015606625
-0.44793965269597213 0.03031268143474418 0.8935497797475234 149.58724844886743 0.07505844072930246 0.9971718995267669 0.0037991143001684805 -0.8152451906545582 -0.8909075698510458 0.06877022712203042 -0.44894805695501816 -7.568690629000881
-0.4516660262949878 0.03267437331486026 0.8915885744105161 150.49326049640516 0.07671126462348549 0.9970506468017276 0.002321549508974849 -0.817594073195325 -0.888883109621709 0.0694434521084469 -0.45284039615354593 -7.991936064102916
-0.4541421265042212 0.03418208487744465 0.8902732805198946 151.38620863345838 0.07809401056467262 0.9969447799940128 0.0015592166670351639 -0.8210557048723809 -0.8875000025059983 0.07023311694721444 -0.455424038491305 -8.442081876015402
-0.4577928995810835 0.035354569975511896 0.8883556244404548 152.28884135476994 0.07900144199550843 0.9968739611410982 0.0010381529208673525 -0.8222121528282086 -0.8855418867878426 0.07065663437146856 -0.45915488319685965 -8.872492421112064
-0.46174382120183494 0.035838426023492465 0.8862890334434282 153.17941232167797 0.07802523977397707 0.9969513270571742 0.00033680432500054103 -0.8194217697274859 -0.8835749575107588 0.0693084316594928 -0.46313241709122427 -9.327321287038563
-0.46658173831801564 0.036663420451371644 0.8837178707420964 154.07998975797932 0.07801890969623884 0.9969518649982271 -0.00016913416986383083 -0.8221652904097381 -0.8810303804057763 0.06886778983939591 -0.46801997427961073 -9.762009669076132
-0.47010954047520254 0.037112402346520586 0.8818274715307206 154.96866533820977 0.07792721807658876 0.9969589646310504 -0.000414155319099137 -0.8324784313143759 -0.8791611732993192 0.06852366331315414 -0.47157198700633973 -10.220431865181764
-0.4731619076418994 0.03720175332918764 0.880189660644746 155.85007280073415 0.07681399143453754 0.9970450800613389 -0.0008479654319287608 -0.8394188427214594 -0.8776203164675321 0.06720965611214809 -0.47462136724837095 -10.692737604954
-0.47610617259826743 0.037546661575322236 0.8785858868763925 156.74046652906918 0.07724401084631471 0.9970119365822513 -0.0007490666752824141 -0.847539687851942 -0.8759887414814194 0.06750886250750936 -0.4775837918949288 -11.147859212400549
-0.47865348921291645 0.03806699005714981 0.877178283778326 157.62284276172468 0.07890202979077945 0.9968823535626159 -0.00020700327314995045 -0.8510950345004088 -0.874451432018493 0.06911206423953041 -0.4801647796510644 -11.618390292263527
-0.4811255329629105 0.03845025970032872 0.8758080834635705 158.50784479625617 0.08095011659300874 0.9967179001315378 0.0007114639530762502 -0.8642609595727356 -0.8729062378942719 0.07123906994308313 -0.48265898392023177 -12.08379133296023
-0.48298584954172036 0.03887189004006559 0.8747649085938322 159.3883383583626 0.08266477991252238 0.9965764860529128 0.001357058747102075 -0.8779868179167126 -0.871717387290442 0.07296768881595385 -0.48454567698451384 -12.557650737812882
-0.48557634966870716 0.03810653076111542 0.8733633270041543 160.2678736447977 0.08218637320146872 0.9966145270030924 0.0022101190899354688 -0.884266061688323 -0.8703223590730045 0.07285174589366364 -0.4870642816075126 -13.03345489333816
-0.487257654145998 0.0378574380318897 0.8724372715913737 161.13547662853347 0.08317261967292122 0.9965299854869084 0.0032098850767874358 -0.8932925930395792 -0.8692883835718042 0.07412693445114396 -0.48871556530971344 -13.530630029183063
-0.48970636154021496 0.03764992386268141 0.8710741430556749 162.01011149848208 0.08367083856041369 0.9964855466614048 0.003968131741632522 -0.8956087094865259 -0.8678633937674978 0.07482672335506904 -0.4911355120842944 -14.015418278641427
-0.49176540289306064 0.037263798349058325 0.8699299959479648 162.87347739440426 0.08256768718417572 0.9965774870323444 0.0039861476834248625 -0.8987760901766382 -0.8668041102524141 0.07378835729909337 -0.4931591150699935 -14.5199861249686
-0.4932791581611098 0.038667518162148876 0.8690112169374146 163.73932373689553 0.08217362170227142 0.9966153773198727 0.002299040212845444 -0.9053227687294666 -0.865981043684096 0.07254386761641646 -0.4947870443443852 -15.020252740251044
-0.4955416396186406 0.03977059820120028 0.8676732005327741 164.61279725886007 0.08200295725656807 0.996631420693414 0.0011516456942478506 -0.9145040513550912 -0.8647045729064026 0.0717224567715459 -0.49713367497023025 -15.507038004544402
-0.49920698868342844 0.038586012003583706 0.8656231871474344 165.48639094373715 0.08029835404550274 0.9967691076155316 0.001876283805877532 -0.9176376761290944 -0.8627540534748032 0.07044477114020868 -0.5006924978784851 -15.99370574317046
-0.5035653846531029 0.03636120192585455 0.8631916162554404 166.3508182629963 0.07829775593131508 0.996923216965098 0.0036825116538739544 -0.9257836842480098 -0.8604018623848335 0.06944035188899833 -0.5048630237343976 -16.496397247577764
-0.5092189218246973 0.03389756370092325 0.8599692115598292 167.21839525683743 0.07517902558828249 0.9971564362074251 0.005211126721201126 -0.9246973160692559 -0.8573471897471212 0.06730525169145334 -0.5103193111449542 -16.993699073997224
-0.5141922051421548 0.032431285715544086 0.8570616009820323 168.08083973723922 0.07352977737731459 0.9972726326745233 0.006377143347024525 -0.9250736600437589 -0.8545172602176552 0.06629862611896775 -0.5151744793415588 -17.49982881226897
-0.5189845765408686 0.03396607489419272 0.8541084913926198 168.94992833541616 0.07545025519397183 0.9971303395932216 0.006192322171185946 -0.9193411860526165 -0.85144716119314 0.06765642333872895 -0.5200580160685445 -17.99446042388801
-0.522669562378441 0.03541569920634967 0.8517994228765677 169.80890698625265 0.07768860489841702 0.9969582751838064 0.006219180932250902 -0.9193964835467434 -0.8489882267923766 0.06942568539276918 -0.5238311416627283 -18.506471199653696
-0.5279757506907329 0.03462987784311775 0.8485531086756605 170.67688349547325 0.07668004100499455 0.9970310273276649 0.007021528139531232 -0.9162093915921217 -0.845790623023232 0.0687742837586303 -0.5290636255682841 -19.003066162372342
-0.5326212873897255 0.03473513399591014 0.8456406061002494 171.54293915411694 0.0786716432349551 0.9968634517342982 0.00860413546459707 -0.92090837235061 -0.8426893477254955 0.07111068177613923 -0.5336833650839314 -19.502991808910895
-0.5370022150312267 0.034705657709879004 0.8428666195635466 172.40070500589948 0.07991260353567038 0.996752994066378 0.00987140394587081 -0.9198419299734542 -0.8397872330821091 0.07265663178703297 -0.5380319851176658 -20.017031669953614
-0.5417171000732925 0.03322281188964399 0.8399040589605025 173.2478272565808 0.07821092871929873 0.9968760116268258 0.011012178342997855 -0.9217554741960038 -0.8369143529161422 0.07165516180386815 -0.5426231691236689 -20.548419686141365
-0.5467086498345545 0.0327935149427911 0.8366804871477371 174.09684844137774 0.07771520464560139 0.9969068561253808 0.011707569222615979 -0.9223377793487431 -0.8337085816776559 0.07142342464420874 -0.5475661560479443 -21.076768851780727
-0.5521394756232989 0.03278832511409667 0.8331067909905908 174.95069719134207 0.07885556226132828 0.9968008854040608 0.013030547115567748 -0.9244753458948198 -0.8300143370803159 0.07288978387876813 -0.5529586599803169 -21.597343544815303
-0.5557804730646211 0.03298086709885778 0.8306746223193969 175.78550934140432 0.08025383051878358 0.9966743898897538 0.014123853049018672 -0.9198324627819289 -0.8274463054767519 0.07451458208495414 -0.5565790048228336 -22.147865891418633
-0.5587733592541442 0.03230045038387631 0.828691145055163 176.61307892670712 0.080229027790291 0.996659796547957 0.015249689990632332 -0.9173691437449842 -0.8254305761768591 0.07500620540984856 -0.5594983762821402 -22.709221701160505
-0.5615917598657671 0.03116946349058225 0.8268271644041328 177.44417203226593 0.07931742982183877 0.9967161432023318 0.01629954620004434 -0.910567551500093 -0.8236039342896109 0.07473549642291097 -0.5622198546806156 -23.265326146387473
-0.5634921930751858 0.030598486224474895 0.8255545293825765 178.26474138047254 0.07974169569437188 0.9966621416070202 0.017488209030523047 -0.9039348687696692 -0.8222638325447016 0.07568558732070242 -0.5640513111063713 -23.836834978322713
-0.5672328780117295 0.028940247775441 0.8230487981652277 179.09882382047388 0.07706263563673543 0.9968626994869787 0.01805847613322519 -0.8924524823453163 -0.8199440299747585 0.07366967103381535 -0.5676835097820959 -24.388461490498038
-0.5679164239401018 0.028653147214515534 0.8225873403923678 179.91048115036114 0.07374397901296578 0.997145951968514 0.016179494186838454 -0.874849627300373 -0.8197760431840024 0.06984946404597503 -0.5684085602751491 -24.97233431088077
-0.5704882560007595 0.028538815870606214 0.8208097744020321 180.7399181669395 0.07120634729146881 0.9973515996038427 0.014813604323856559 -0.866670140745828 -0.8182131787441561 0.06689785315210546 -0.5710095195117331 -25.530874115300957
-0.5735137697047268 0.027229390866112972 0.8187432541597722 181.5723808969019 0.06901554831258044 0.9975002436130654 0.01516964346942864 -0.8580184808998276 -0.8162835353295969 0.06520601402429174 -0.5739593763367544 -26.08489029090369
-0.5768252659454071 0.025336211561212137 0.8164745488689378 182.39795564780619 0.06777146334148122 0.9975573211084884 0.016923943376508873 -0.8491575725743203 -0.8140513751131205 0.06509583309692327 -0.5771333391772238 -26.64910246853117
-0.58131164529917 0.025298800254173547 0.81328761317585 183.24706810329354 0.06836431697177026 0.9975009849224562 0.017835505143224982 -0.8471360109788371 -0.8108039782860917 0.06596783901591809 -0.5815884739323967 -27.177357767246246
-0.584657076058465 0.025103458413042273 0.8108920518727942 184.07677370804436 0.06739669780018645 0.9975690521125581 0.017710770533314078 -0.8384813149980074 -0.8084762139608032 0.06500617388339355 -0.5849276953749453 -27.73552889043268
-0.5870974170035518 0.02210274445333047 0.8092144905001316 184.8919041649648 0.06481039100121705 0.997701741703456 0.01976987152615484 -0.831441738333726 -0.8069177381654369 0.06405234804066165 -0.5871806030042636 -28.31476885941221
-0.5901626398053146 0.019065577119352948 0.807059206221655 185.69969380566525 0.06352074099561761 0.9977182078075969 0.02287997536199772 -0.8298653591967081 -0.8047814448913369 0.06476790546485149 -0.5900270708876887 -28.90436675594519
-0.5936199784289902 0.017739786134970018 0.804549949473524 186.52072138504002 0.06274986819190241 0.9977334304483357 0.02429929644446379 -0.8228404615659816 -0.8022953167330978 0.06490995111446747 -0.5933876667023449 -29.474779053507643
-0.5957764786140277 0.01890372233707949 0.8029277905341617 187.3205646791273 0.0643408753149517 0.9976332092102 0.024253487268103658 -0.8032440362239913 -0.8005689472456277 0.06611073409636897 -0.5955826823735426 -30.074668613553772
-0.5966318633898461 0.01939672986293266 0.8022806157814008 188.11632199610477 0.06479995864069939 0.9976079243891234 0.024070616032620677 -0.7848045737792061 -0.7998946086504906 0.06634904721735344 -0.5964615821536416 -30.680003906799524
-0.5991973651909814 0.019226018951263156 0.8003704628129842 188.9278673350825 0.06512010134576107 0.9975694815135376 0.024789149915449272 -0.7739525600614979 -0.7979485509410374 0.0669737989671965 -0.5989930052204264 -31.2641923715821
-0.6022331509958145 0.017282676348977906 0.7981331599049548 189.7526379499659 0.06297577194619737 0.997678540425494 0.02591490154790809 -0.7599599134585083 -0.7958324471830934 0.06586986467781512 -0.601923480965723 -31.829492267161193
-0.6033866711316133 0.014737588680990033 0.7973125664258526 190.5371157245574 0.05646353656709918 0.9981093615368761 0.024281092454554117 -0.7453159524424274 -0.7954472918673142 0.05966997479738599 -0.6030780214604351 -32.44947563151305
-0.6059728360667914 0.011725941239773163 0.7953989088823357 191.33799268432327 0.043002552110884856 0.9989121640091078 0.018035218506943465 -0.7353955360536433 -0.7943221654096769 0.04513303553589026 -0.6058178824054271 -33.04823358059353
-0.6135227093549535 0.016319437202464572 0.7895084300215871 192.3870424470828 0.04027182644049214 0.9991320810989183 0.010642580236605938 -0.7235497039754307 -0.7886495198127634 0.03832441112842458 -0.6136474349418852 -33.2142286065266
-0.6178094119071655 0.020523763285443114 0.7860599886137983 193.31993551525895 0.04615205883600046 0.9988824200901892 0.010193051553205545 -0.9325452140672696 -0.784972303985382 0.04257565002875505 -0.6180661744510115 -32.92073949552044
-0.6240918507456262 0.01332212504093425 0.7812374049015396 194.15421788942567 0.04432042841640065 0.9988484135224589 0.018372436655352334 -1.176594375211603 -0.7800929825718752 0.046090864475098726 -0.6239635972987947 -32.426090906758006
-0.617967818870047 0.0027633950864579086 0.7861985363052975 194.9294958259787 0.0399225245668538 0.9988140468549771 0.02786919154539329 -1.1701862032797128 -0.7851891280915725 0.04860929389305078 -0.6173452596999619 -33.19672234786649
-0.6225537343003935 -0.002849097687522686 0.7825718692561094 195.7732675589613 0.036963568597386254 0.9987702185111642 0.03304156793660037 -1.1017020488568106 -0.7817036155124139 0.04949680047770343 -0.6216828164243314 -33.76085012729886
-0.6254672933402812 -0.007957632182743469 0.7802098057904847 194.84873579009349 0.030983387670429477 0.9989059884141417 0.03502650423367546 -0.9697941264524499 -0.7796349752608877 0.04608147567528574 -0.6245364704719345 -34.11842456926722
-0.628488098136682 -0.005325251093717232 0.7778009721010408 194.19593938083972 0.03386642127066979 0.9988409122565483 0.03420376460018936 -0.6697680222650002 -0.7770815761622791 0.047837994348597875 -0.6275792780883143 -34.814029139960276
-0.6194763301059356 0.0010867214044315817 0.7850145829696858 193.99445752975217 0.04166324990412188 0.9986351829281214 0.031495158763617526 -0.7452405372901669 -0.7839089552020099 0.0522167641156354 -0.6186761345804309 -35.84970444036125
-0.6221209995574714 0.005381349877172769 0.7829026139840836 194.77344919198285 0.04420479707574511 0.9986226345895237 0.02826251229052236 -0.7357579612679682 -0.7816721805367665 0.052190753577421645 -0.6215019930908635 -36.47666523051107
-0.6259924701548817 0.007300089394096314 0.7797949320200962 195.686933761853 0.04456596599406668 0.9986568409740038 0.026427043929283835 -0.8639421442139791 -0.7785546236356211 0.05129544493093682 -0.625476998254078 -36.09046741401706
-0.6726372010617052 0.008676099518827335 0.7399215641167738 196.72489926545344 0.041457531015720604 0.9988025445590337 0.025975952426840553 -0.8489752779512683 -0.7388101710655817 0.04814771312887342 -0.6721914376503942 -35.47661590964597
-0.6749344196233149 0.008130915902920262 0.7378329197144278 195.73584810385455 0.0417027556526222 0.9987613465455911 0.027141348850355525 -0.8811068339425646 -0.7366983163946523 0.04908829649741995 -0.67443749137208 -35.64024057414144
-0.6802018281074925 0.0072544980602738725 0.7329889803381202 196.60943001948561 0.04078688293605461 0.9987764591667635 0.02796452743502711 -1.0702435486467614 -0.7318892697803298 0.048917858417936236 -0.6796654617591046 -35.19172350007474
-0.6823894076370266 0.007424878080694995 0.7309511389486122 196.33029550070955 0.04058709529941711 0.9987907176760271 0.027745089283769443 -1.0381547737397183 -0.7298612087513231 0.048600138576912366 -0.6818655604225521 -36.15190213911381
-0.6872790352658132 0.007674759256410998 0.726352962239742 197.27442656417054 0.0408311155618925 0.9987713714942041 0.02808144379406885 -1.2432837216567252 -0.7252450259643723 0.04895758933959235 -0.6867479936337575 -35.89387923841133
-0.6912900836288339 0.007517563800291799 0.722538238788057 198.1760602358678 0.04142247580331147 0.9987137718752956 0.029240047280153617 -1.283012101568138 -0.7213890758632007 0.050142677442773745 -0.6907123229855582 -35.46317614959537
-0.6940710394817211 0.006963796272890222 0.7198728343910692 199.15178718722683 0.04254697761879135 0.9986021166444705 0.03136187699566134 -1.3199042401828676 -0.7186481384156421 0.05239578393968899 -0.6933970976122386 -35.24727327153182
-0.6890203065321294 0.007232910518974612 0.7247059418769752 200.1497155087431 0.044592472778807325 0.9984787013795093 0.032431377753059994 -1.3563809756195129 -0.7233688744740406 0.05466230782646135 -0.6882946342557406 -35.32339561669081
-0.6983362048274839 0.005809411637822734 0.7157463208173462 200.90146538087293 0.04252547627352657 0.9985373977864896 0.03338636083039213 -1.3646797367314405 -0.7145055135510536 0.05375235769907873 -0.6975618647452958 -34.50721477806631
-0.6989675720378218 0.007291236854685621 0.7151161941283948 200.55212801556618 0.040951455056848274 0.9987153342604559 0.029843918002743098 -1.1707173844181369 -0.7139799097791744 0.050144979590746264 -0.6983682191033356 -35.42391802581758
-0.7036323732840307 0.006275232107084286 0.7105364907791036 201.33077803292915 0.03626631064935741 0.9989748828942192 0.027091291190474365 -1.1479679685018491 -0.709638103527823 0.04483084661798123 -0.7031386472189881 -36.05376834445652
-0.7005539829822912 -0.0030692714741563515 0.7135928086102495 201.76916761156212 0.027289266148861013 0.9991440465010905 0.03108810535374066 -1.535610611361548 -0.7130774241838701 0.041252320105014215 -0.6998705831832407 -37.2151554456037
-0.7062116013216505 -0.0066621923365220714 0.7079694833479621 202.53299550938715 0.021278237667298982 0.999304304224021 0.03062913908553696 -1.5140359122364266 -0.707681009184564 0.03669499628857317 -0.7055785331817412 -37.86406365117498
-0.7059040179977136 -0.008440420629170619 0.7082572108170061 202.09245516325802 0.015716262354951525 0.9994961765432572 0.027575209391811285 -1.578851840596609 -0.7081331205869928 0.03059660724679392 -0.7054157151302427 -38.759453326993786
-0.7065058917936988 -0.00928701146982423 0.7076462225425559 202.80649001463118 0.013962646881881664 0.9995363506594989 0.027057867660720394 -1.5679989112476778 -0.7075694095654792 0.02899715724433205 -0.7060486495411668 -39.45947932038315
-0.7087396644744028 -0.009762406255459561 0.7054025683429379 203.5257004443487 0.014386893665956847 0.9994962914230597 0.028287465814322458 -1.5562313737629627 -0.7053234047522837 0.03019700077251649 -0.7082422155258675 -40.154171547862965
-0.7095570301579541 -0.010770968569457973 0.7045656869231561 204.23075883063493 0.015818612115847216 0.9993877067436733 0.03120870263808065 -1.53900705064121 -0.7044704340596212 0.03328960567053181 -0.7089521913994963 -40.86313255133099
-0.7102769537043292 -0.01102781406713541 0.7038359442039016 204.94706237218202 0.020246553791374536 0.9991435512647645 0.03608657680647703 -1.5185701476288629 -0.7036311008590153 0.03988171614834873 -0.7094453626749501 -41.5606353225253
-0.7099562127209411 -0.011417899311453332 0.7041532557577577 205.6779519430813 0.02421051661183825 0.9988818367852329 0.040606982477757694 -1.487361589218098 -0.703829543926883 0.04587709358573738 -0.7088859325588284 -42.24249023678498
-0.7076473451696345 -0.010237005352508877 0.7064916408534356 206.41856933666398 0.023980531600164806 0.9989710141007875 0.038494767055008865 -1.3943687572761814 -0.7061587420534708 0.044182764828138384 -0.706673697199492 -42.954226498790106
-0.7405065286687877 -0.005866517343244841 0.6720235598348933 207.45365446316706 0.014009474012120146 0.9996098576497602 0.024163342635726805 -1.1600282314377552 -0.6719031296524851 0.027307809573255754 -0.7401354388890623 -41.931923950873326
-0.7395730266988554 -0.00761805289267941 0.6730332112530685 208.13159395527856 0.008611845441618134 0.9997469946985017 0.020779381834059262 -1.1460989249398799 -0.6730212287124251 0.021163928308333562 -0.7393203053081766 -42.66691049440386
-0.7378861038962837 -0.009148121229541397 0.6748632524850732 208.80542214250897 0.00547022250410861 0.9997942326011314 0.01953379439003513 -1.1396855717408652 -0.6749030851481694 0.018105367587713674 -0.7376842287334023 -43.4057705266433
-0.7356106423234996 -0.009078661483274186 0.677343753795722 209.4793210389178 0.005361326112189084 0.9998008429050037 0.01922318154637712 -1.1312099991021485 -0.6773833767392923 0.017772237678984688 -0.7354154665800507 -44.14456148149981
-0.7332786759424723 -0.008961041370477901 0.6798691661971519 210.17768993304003 0.0059679898621653365 0.999789803313326 0.019614593743132295 -1.1159768081814052 -0.6799020271370418 0.01844041562057674 -0.7330710637903257 -44.860161481410564
-0.7299973082406338 -0.008560435043358393 0.6833964068630276 210.79964884047294 0.0055790298263587055 0.9998136010728762 0.018483439503682107 -1.1000508124474053 -0.6834272487892362 0.017305550021831515 -0.7298134786031396 -45.64305018659634
-0.7283639578385671 -0.011320239799785095 0.6850969253270757 211.47647293229102 0.0006511316120107859 0.9998516271009269 0.01721336141649675 -1.0875425729446269 -0.6851901348891128 0.012983680314396878 -0.7282485174005716 -46.37908937174754
-0.7267252159222382 -0.017422269178971758 0.6867073067031041 212.16276826728972 -0.007201757950098426 0.9998166143722205 0.017744641661668253 -1.0795691738616855 -0.6868905263760764 0.007949978737598635 -0.72671741592786 -47.10636926752694
-0.7261320151167602 -0.02306964968817416 0.6871681656521476 212.8577355116045 -0.015260962588674553 0.999731495278162 0.0174367534179854 -1.0746846170117166 -0.687385917548024 0.002174537228350048 -0.7262891103028472 -47.82539414264452
-0.7253586343674959 -0.025458052944806766 0.6879002391980833 213.62840096754996 -0.019808323541471547 0.9996740066892323 0.016109334821003213 -1.0653957113195625 -0.6880861006204068 -0.001941105395959862 -0.7256264536542497 -48.63143114497328
-0.7243227782170886 -0.025298261926973376 0.6889967422995205 214.31723204363146 -0.019216370520292764 0.9996791209752983 0.016504126456244824 -1.0553462334827448 -0.6891931834107935 -0.0012857019604690448 -0.7245764990051519 -49.35628338352648
-0.7238388241928299 -0.0251238286349411 0.6895115298715917 215.00535080599744 -0.01698017910180821 0.9996828055850007 0.018600046649787597 -1.0472438055963442 -0.6897601250498687 0.0017554066269324315 -0.7240358336703793 -50.081835637637575
-0.7228775655353339 -0.026827156429968187 0.6904551606900989 215.68999238702153 -0.017138584343622264 0.9996347309660802 0.020896735942990994 -1.0406907455923942 -0.6907635588046057 0.003272357599127346 -0.7230733002285017 -50.81068622423868
-0.7219800475156933 -0.028662233797694163 0.6913199601797729 216.3746192131635 -0.0197533643003492 0.9995882133670247 0.020813656491333304 -1.0250398121863928 -0.6916318497496 0.0013711496810540201 -0.7222489213287179 -51.53941198288067
-0.7210567478402006 -0.02842247906498256 0.6922928058834017 217.03837347620777 -0.021060784392666548 0.9995956749606478 0.01910314007524677 -1.0125946422577095 -0.6925558531662824 -0.0008057814651113897 -0.7213638062457464 -52.287259242407096
-0.720203170181277 -0.027060533748937122 0.6932352567303977 217.73387559267007 -0.020976896382856613 0.9996315180556924 0.017227824233403636 -1.0006539916066601 -0.6934460061742225 -0.00213439052115357 -0.720505434329347 -53.00568412564279
-0.7192225791279063 -0.025890952678083466 0.6942971555767912 218.43140446555657 -0.01953974922464783 0.999663910936825 0.01703711744197271 -0.9966142225488449 -0.694504917097668 -0.0013129127598363044 -0.7194867590075885 -53.722229517741
-0.7182507293290677 -0.02531944587273945 0.6953235329535158 219.13586417743187 -0.017570424454661025 0.9996790128608498 0.018252436276898886 -0.990403443760693 -0.6955624846142464 0.0008926960606070397 -0.7184650534932071 -54.43194629239239
-0.7180073758469 -0.025446852679209323 0.6955701732522539 219.8564037677808 -0.01698285812470174 0.9996744475006282 0.019041574100702268 -0.9848870298475849 -0.6958282767747824 0.0018592210839221326 -0.7182057870398951 -55.12533822142496
-0.7171239409715079 -0.025942015332638978 0.6964626803540688 220.55791707528803 -0.017148482267257417 0.9996612500973954 0.019578422041743676 -0.9837396653087852 -0.6967346574137254 0.002096877248720202 -0.7173258814962553 -55.83799366333077
-0.7164750792583309 -0.027035923910729655 0.6970886024172688 221.28338547196236 -0.01779364276588948 0.9996318838778333 0.020481284431801843 -0.9752329978482839 -0.6973857233116311 0.002270584319001467 -0.7166924008024368 -56.52619652517447
-0.7162583143005743 -0.027979826953133974 0.6972740899237341 222.0013965125231 -0.018208284523963097 0.9996050092712196 0.021407564424325856 -0.9602624736879247 -0.6975976530708748 0.002637180987329653 -0.7164848635571059 -57.222067258798575
-0.7157837402236855 -0.028036239616844878 0.6977589888346387 222.70610439777315 -0.018753072984510153 0.9996051128530082 0.02092703064852987 -0.9491613357817817 -0.6980701680239799 0.0018941030261662812 -0.7160268520723899 -57.9314779998811
-0.7154324903095252 -0.02710235856502812 0.698156009764095 223.41766182440833 -0.018876098094550205 0.9996323855482441 0.01946244290559532 -0.9379095560895951 -0.6984268356315031 0.0007456026698500718 -0.7156810737656973 -58.63401584461448
-0.7151602087908531 -0.026934935335264226 0.6984413969838185 224.1397962483399 -0.019266757196832483 0.9996371888038771 0.018822402275008365 -0.9291213680649245 -0.6986949748132874 4.332329036555176e-06 -0.7154196895192976 -59.325712795027904
-0.7135506576877131 -0.027997603150694824 0.7000439937112863 224.81907344500644 -0.019610436714414564 0.999607846886088 0.019989577675163312 -0.9321665894269209 -0.700329129542175 0.000535407861031043 -0.7138198818001074 -60.05968904374427
-0.7136826567471984 -0.029614214534255234 0.6998428850504795 225.53981421852356 -0.021077243823784404 0.9995613983636416 0.02080290109855708 -0.9200432516888991 -0.7001519943919688 9.591059751761047e-05 -0.7139938203864954 -60.75278774039685
-0.7136499772790805 -0.03061371956469827 0.6998332016302036 226.24600166367446 -0.022237436988909946 0.9995311432535153 0.02104732910578298 -0.910903818512704 -0.7001494171430342 -0.0005420707858715493 -0.7139961483324191 -61.460753682712316
-0.7136885995717541 -0.030701368103177223 0.6997899748052276 226.94537955844473 -0.02227903376689265 0.9995284715917059 0.021130052814993604 -0.9088624212317379 -0.7001087254817787 -0.0005103666760088193 -0.7140360719390391 -62.17550287107759
-0.7143002969537761 -0.030421918811542353 0.6991777975791069 227.66913528052496 -0.02212506500775718 0.9995369952143199 0.020887237642479645 -0.9036618997887412 -0.699489504760542 -0.0005495941728511412 -0.7146426594292381 -62.865539556590086
-0.7144515561169568 -0.030836640803741416 0.6990050611733789 228.37345990581224 -0.02201040409736674 0.9995244367070191 0.02159728077766371 -0.8978920640209447 -0.6993386276143538 4.482699696584471e-05 -0.7147905161073483 -63.57539411376495
-0.7149744080125715 -0.03250999990186093 0.6983943698179799 229.09004047364164 -0.02284255851665807 0.9994712352117022 0.023140170803377148 -0.8875666663714268 -0.69877737041742 0.0005915156611824378 -0.7153389662962135 -64.27282203138698
-0.7150826181173603 -0.033378682332236405 0.6982425888129312 229.7802058228056 -0.02327790329811541 0.9994424031316885 0.023937878778228425 -0.8755872991000224 -0.6986522657835322 0.000863937567898236 -0.7154608760284606 -64.99637464986823
-0.7154286532592228 -0.033638201991742576 0.6978755716189358 230.4931542771101 -0.02387819951176777 0.9994340340756297 0.023694790975902238 -0.8588462761269403 -0.6982776479909472 0.0002879202636424254 -0.7158269647185341 -65.69739122186314
-0.7154909271740069 -0.03339435955688412 0.697823437469296 231.19688838726526 -0.02402787318287676 0.9994422377816653 0.023192124704028438 -0.8494227168246898 -0.6982087040720601 -0.0001734582519310525 -0.7158942488037223 -66.40779215777752
-0.7156053686128734 -0.03266668926125386 0.697740527578226 231.90220661271084 -0.023414332115924485 0.9994663006281163 0.02277900261898025 -0.8365534398233496 -0.6981122584971537 -3.635187766815623e-05 -0.7159883191886169 -67.11656619133753
-0.7166095361545216 -0.03192099493039902 0.6967437281921192 232.6240188229989 -0.022525876563657746 0.9994902614141961 0.02262304628522255 -0.823669450950088 -0.6971107211752221 0.0005171274870970184 -0.7169633010145782 -67.80853655536616
-0.7166087630425383 -0.031977215374740485 0.696741945362499 233.331856913786 -0.022633489730515717 0.9994885095631834 0.022593016482694097 -0.8216806401296941 -0.6971080302745477 0.0004206519298812269 -0.716965980489096 -68.51490848114189
-0.7169215463333025 -0.032137029076219396 0.6964127423914782 234.04267675239407 -0.023242299339115428 0.9994834348605696 0.022195922164911033 -0.8177477689613144 -0.6967663108420893 -0.00027349858147557906 -0.7172981481044178 -69.21827160822357
-0.7168729525346381 -0.03257257939036317 0.6964425295716279 234.7414774322208 -0.02392956765991006 0.9994690421304452 0.022113561776934753 -0.8034314067864073 -0.6967930436764405 -0.0008129543105350478 -0.7172717709413967 -69.9334447990969
-0.7168239307636718 -0.033333851545448226 0.6964569668153686 235.44429107184 -0.023988323761988114 0.9994442660795323 0.023145611329950192 -0.7933439332694265 -0.6968414544267629 -0.00011550711279639911 -0.7172251906134481 -70.6447472667182
-0.7167094377329564 -0.034245213545831724 0.6965305788073548 236.15633715549052 -0.024013639460256746 0.9994131555052475 0.02442723322275538 -0.783894639888117 -0.6969583394898005 0.0007809943959288318 -0.7171111929564132 -71.34681641123102
-0.7165649946684122 -0.03413064679327372 0.696684797713665 236.84696002569265 -0.023454558600708907 0.9994163171937406 0.02483764497186402 -0.7786726247418316 -0.6971258796635669 0.001457352522641267 -0.7169472672567483 -72.07001274286394
-0.7162088484604623 -0.03334277112535061 0.6970890509831724 237.55222820312645 -0.022858111435974396 0.999442873688301 0.02431972399623976 -0.7674382344061721 -0.697511571322309 0.0014838623100519772 -0.7165719824442794 -72.7788643686668
-0.7158958342999202 -0.03286876956284152 0.6974330064023676 238.25222167611992 -0.02213118368380369 0.9994576295982625 0.024385597113417323 -0.754903963737071 -0.6978562639546717 0.0020225294185732255 -0.7162349783653232 -73.49290359040344
-0.7153245783751988 -0.03317874630125485 0.6980042395044745 238.92396784924196 -0.022035804270232363 0.999446435218919 0.02492481611488547 -0.7399677035463857 -0.6984448230909194 0.002448248776946627 -0.7156597202409936 -74.23353439424196
-0.7151835514815805 -0.03385501910794161 0.6981162692355717 239.6253987613626 -0.022656511365703038 0.9994242305072705 0.02525648367622745 -0.7293647159445698 -0.6985693739228244 0.0022461425049827674 -0.7155388072361395 -74.94619299754004
-0.7152988445912153 -0.033898377556931814 0.6979960336029705 240.3345798185407 -0.023327471946260878 0.9994243912681644 0.02463158928808454 -0.7096302407300302 -0.6984292319047553 0.0013364644657373568 -0.7156778757818786 -75.6509431313909
-0.7156745340911468 -0.03439665291400302 0.6975864330115177 241.03660654388747 -0.02357976710572243 0.9994071258421938 0.025087674246268638 -0.7033634746888547 -0.698035784066016 0.0015056839511053057 -0.7160612942194114 -76.3630661499556
-0.7157960809264008 -0.035799466857395254 0.6973911160196485 241.7385282739303 -0.02394198165099228 0.9993560300178328 0.026726518322100507 -0.6925674314597233 -0.6978988121819859 0.0024338117684594937 -0.716192239915545 -77.07523835221467
-0.7162300326653045 -0.0369408159001502 0.6968858704471537 242.45303535697576 -0.024438226148301788 0.9993131883090488 0.027855426299546866 -0.6759140585835162 -0.6974362432588221 0.0029202383868865457 -0.7166408855185291 -77.77466843323845
-0.7168504296997692 -0.037032886837211315 0.6962427929478031 243.16620497164746 -0.025183082736660513 0.9993120810719153 0.027224565517154718 -0.6622065523650227 -0.6967720386059794 0.001982401629753555 -0.7172898969737708 -78.47552590808546
-0.717052106365806 -0.03551388747378977 0.696114243894534 243.8661999002832 -0.0254454319263975 0.999369181602148 0.02477435888037031 -0.647247934982607 -0.6965549560159898 5.157861301770673e-05 -0.7175034429110468 -79.18951694424092
-0.7176443524350081 -0.03394934266949931 0.6955817892602175 244.5890470861168 -0.0250345793754231 0.9994231096430904 0.022950332172597003 -0.637341393412949 -0.6959596635248563 -0.0009434212451622033 -0.7180802578421995 -79.88053230891813
-0.7168743335846908 -0.03436136120824005 0.6963551440920225 245.23330262921814 -0.024714106181399575 0.9994094694782156 0.023873107735020004 -0.6218124575119185 -0.6967642376034793 -9.577677291623416e-05 -0.7173002077398618 -80.64518512918067
-0.7173258520006149 -0.0355089308203776 0.6958324064626371 245.95021904265084 -0.024165426214854843 0.9993675574900112 0.02608672482903146 -0.6062843634023207 -0.696318644176245 0.001897595437612649 -0.7177302730860027 -81.34217144892412
-0.7174002953749891 -0.0357940385694166 0.6957410459350294 246.64899996582105 -0.023677604132015258 0.9993549921558408 0.02699945769397562 -0.5926987376618841 -0.6962587071329478 0.002895937860578563 -0.7177850836326014 -82.05737831047004
-0.7173173449585531 -0.035051493683421156 0.6958643685461791 247.34129693286812 -0.02327791930859302 0.9993818628745865 0.026344461087402384 -0.574011159006707 -0.6963576416571249 0.002699064260836191 -0.7176898703185381 -82.77874899479677
-0.7174401620918069 -0.03435297207511464 0.6957725829085876 248.06273744558217 -0.023055193613649164 0.9994071048839461 0.025571405024523992 -0.5575441033734178 -0.6962385165050243 0.0023047813556832672 -0.7178068097460364 -83.4710295975749
-0.717708536145499 -0.03407770890528821 0.6955092859909568 248.77081134167602 -0.02266258084004328 0.9994158080222968 0.025582222436886168 -0.5482029752836167 -0.6959747585750158 0.0025985439977550266 -0.7180615454092618 -84.17710617292211
-0.7170273030844745 -0.03413043436551759 0.6962089916694738 249.4308800676059 -0.021770124108524993 0.9994097885821006 0.02657322303715686 -0.5430789901493569 -0.6967050368180946 0.00389717029447908 -0.7173471291752623 -84.92829392807273
-0.7168615277754926 -0.034933345108255735 0.6963398677333744 250.1217042641103 -0.02174067739077219 0.9993783217877532 0.02775451111596819 -0.5374180469934773 -0.6968765263244092 0.004757240822530322 -0.7171753451686543 -85.65129455170933
-0.7166247348130933 -0.03529366999330434 0.6965653927037049 250.82756247914799 -0.021981619273723944 0.9993656047450329 0.02802135733154027 -0.5210826705156356 -0.6971124714622216 0.004769162505152836 -0.7169459234982997 -86.35945935823733
-0.7164202443786014 -0.034950169380973124 0.6967930245810053 251.53075314043465 -0.021487904471569567 0.9993759839030966 0.02803413560537562 -0.5054554834774508 -0.6973380123053121 0.00511160033269312 -0.7167241925148838 -87.07028893536992
-0.7163313405135534 -0.03506315379173055 0.6968787454387113 252.25739710399378 -0.020820848614192346 0.9993659997528019 0.028880630205552277 -0.49146216822293576 -0.6974495701203337 0.006178493688791522 -0.7166072308836244 -87.75716060386279
-0.7159899774780124 -0.03606804590461971 0.6971782040595194 252.95542671712488 -0.021501885160514638 0.9993300088579872 0.02961760169969275 -0.46723595578867344 -0.6977793498560826 0.006215260293813842 -0.716285801516336 -88.47281960617357
-0.7157203799207371 -0.037737832958629904 0.6973666135754575 253.66306328263602 -0.023300638104953128 0.9992734160274992 0.03016156966467168 -0.4449561098440752 -0.6979981504488502 0.005338163010005874 -0.7160796645525273 -89.17904486087619
-0.7156813022854157 -0.03801913710420049 0.697391438700607 254.36291768953052 -0.023995573872782908 0.9992662862517627 0.02985132484711914 -0.42682778906300495 -0.6980146746262325 0.004629727255944153 -0.7160684880875345 -89.89310031722158
-0.7149267171564754 -0.036678066673146895 0.6982367138162991 255.05202652043155 -0.022926158892220688 0.9993158971247013 0.029019458856159447 -0.41084259312862437 -0.6988234257194815 0.0047389006083566314 -0.7152785209180473 -90.6175818463018
-0.7143267410336446 -0.03517617353916287 0.6989277100383088 255.7527291398841 -0.021337243282571666 0.99936633367312 0.028489527371449504 -0.3939985215841085 -0.6994869756423996 0.005437640654817897 -0.7146246588040153 -91.33083644714186
-0.7136031644443 -0.034813728118115284 0.6996845918194843 256.45793460383004 -0.020718648582588928 0.9993763519294535 0.02859448906852953 -0.37437846363536303 -0.7002437156419117 0.005908598708410188 -0.7138794206063861 -92.03956796724732
-0.7132001072548222 -0.03559673356871675 0.7000560545920212 257.1654062106874 -0.02075636919185019 0.9993442474988782 0.029668975864944342 -0.35778235398747565 -0.7006531097124167 0.006629294844916669 -0.7134712834446643 -92.74611482422563
-0.712815180237184 -0.035552280351324864 0.7004502510423213 257.8662271737645 -0.020504925418345303 0.9993438646223246 0.029856126260903712 -0.3440360203446629 -0.7010521142233416 0.006919219864965823 -0.7130764738367409 -93.45931967047797
-0.7134530707414896 -0.0356396258070851 0.6997960652374872 258.60748791370827 -0.02110898038316762 0.9993455659270588 0.029374322274934497 -0.32690073910945905 -0.7003849847024995 0.006185219014685815 -0.7137384789045755 -94.13031885751752
-0.7127613572313304 -0.03606945776862917 0.7004785805818964 259.3114714575357 -0.021932085407662484 0.9993346519878835 0.0291416706097823 -0.31140682616722515 -0.7010636428081414 0.00540810064025614 -0.7130782013075713 -94.84036612738741
-0.7122839526763582 -0.036733430911512904 0.7009295441149644 260.0232588702152 -0.02251946730142789 0.9993114760825673 0.02948639283029533 -0.3002489073554544 -0.7015300737332661 0.005218124486028523 -0.7126207454352167 -95.54267245186338
-0.7126174729998734 -0.03754332256437615 0.7005475259438871 260.7635139870972 -0.023253048953635308 0.9992824075069053 0.029899260217691005 -0.2832463725621666 -0.7011673358690015 0.005016869345774955 -0.7129791007682705 -96.21478351880887
-0.7121371313142436 -0.038358320974128605 0.7009916871230107 261.4779059405872 -0.024128489165729936 0.9992536020149252 0.030167115718594522 -0.2635136927200516 -0.7016256282477842 0.004569252919850097 -0.7125311219263718 -96.91425100711005
-0.7122444922216756 -0.03947239640809001 0.7008207425737979 262.2083030599953 -0.025895711165596007 0.9992155648649436 0.029961092684713447 -0.23554310762673342 -0.7014536302872159 0.0031913717170803874 -0.7127079483936227 -97.59670078045293
