0.9990467583056871 -0.0007422845714658998 0.04364657755784481 0.031093135040920913 0.0008481279437904638 0.9999967446122304 -0.0024065419033449534 -0.02798456635963937 -0.043644649132384604 0.002441265769341199 0.9990441355733762 0.9991246573867563
0.9960438652626862 -0.004911903235726865 0.0887270628341227 0.13128140366479357 0.005575454940942743 0.9999583033201531 -0.0072322834071946295 -0.04607276288210603 -0.08868783893392049 0.007698365260451184 0.9960297196356879 1.993928722502749
0.9909983932648154 -0.0044574530387607916 0.13379953534658157 0.28861016332356426 0.006002184868188891 0.9999198895124072 -0.011143981976969135 -0.07097633404922936 -0.13373914282423813 0.011846757780176426 0.9909457583575076 2.9811609512751445
0.9838044470067492 -0.002108278302516886 0.1792327124504431 0.4994050518471582 0.004566826533863448 0.999901047968819 -0.013305576510125667 -0.10973351215582161 -0.17918692515123325 0.013908610047605182 0.983716725699726 3.957922639771334
0.9743684564625725 -0.004607339573605692 0.22491083449402088 0.730939895302957 0.007781379462593855 0.9998822273619651 -0.013228058789344136 -0.1413943810748622 -0.22482339999297773 0.014639119773016037 0.9742895539765728 4.930233909676761
0.9628555418676191 -0.005503635187947937 0.2699609517958676 0.9993425412144226 0.009749586587098175 0.9998489305635203 -0.014389635588340815 -0.17213657152212503 -0.26984097364224274 0.016487148046358733 0.962763741991307 5.893050059002311
0.94949748922637 -0.00808535181670434 0.3136704401737889 1.3219160643008365 0.0141275960121981 0.9997557655151424 -0.016994715359421746 -0.20215268702120273 -0.3134564227827125 0.02056784882363144 0.9493798157802985 6.839118425987377
0.9344306849995637 -0.01020134825313044 0.35599891492118824 1.6660716250900325 0.017995851396351924 0.999665228612383 -0.018589783104503016 -0.23504696416366966 -0.3556900958190508 0.023777367330518332 0.9343014462897208 7.7774546752754
0.9172300858522233 -0.010042347795271654 0.3982312404348517 2.067358320027867 0.019286718172841225 0.9996293479907936 -0.019214295137275617 -0.2692688937748264 -0.39789067859104643 0.025304503280241263 0.9170837966097191 8.692767653424696
0.8977786981173972 -0.01057465295176049 0.44031986773433285 2.507458361466973 0.020585887480630238 0.9996266490960739 -0.017966180829256176 -0.29195605907539696 -0.4399654877865599 0.025194029687696337 0.8976612002447414 9.590429753422931
0.8759919345893454 -0.010390512628806355 0.4822138195673428 2.988278456009157 0.021243070269262535 0.9996289333160704 -0.017050737312806503 -0.3166832722801212 -0.48185772018299206 0.025180010418698683 0.8758876095569358 10.466900290099394
0.8521613575454656 -0.010422797629443568 0.5231752918437986 3.5176543729158327 0.022049341552122563 0.9996288485826403 -0.015999738074803874 -0.3416197448974229 -0.5228143525606257 0.02517002921969209 0.8520748924746541 11.314921109979228
