1.0 0.0 0.0 0.0 0.0 1.0 0.0 0.0 0.0 0.0 1.0 0.0
0.999999901627988 -0.00040254021998399804 -0.00018629381519407313 -0.007385037456407924 0.0004028459165353498 0.9999985677849255 0.0016438197179698853 -0.01841128896988417 0.0001856318448303604 -0.001643894603966761 0.9999986315747383 1.3106200911258183
0.9999983345064216 -0.0017264399665646519 -0.0005919370108656202 -0.011824430648605971 0.0017274296293679884 0.9999971043547552 0.0016754906685150963 -0.03640123693338359 0.000589042662772284 -0.0016765104075274172 0.9999984211695511 2.6253615054011226
0.9999950991241342 -0.003001389334303026 -0.0008907242991344412 -0.0008744268203300445 0.003001779162637339 0.9999953993233214 0.00043663949614385685 -0.047417355938791546 0.0008894096760732984 -0.0004393111138686764 0.9999995079779657 3.9418692623032223
0.9999949489564314 -0.00306765041129676 -0.0008316144410820052 0.007857009660877925 0.0030682175469898248 0.9999950607506344 0.0006815536803094528 -0.0784490539016876 0.0008295195651031997 -0.0006841018117725659 0.999999421950834 5.260942848536844
0.9999927376263731 -0.003681326223422869 -0.0009861702432850345 0.001272364075385386 0.003682890631198297 0.99999195525929 0.0015892555806205323 -0.09860551496799295 0.0009803117415564716 -0.0015928759960024698 0.9999982508659456 6.581498978611698
0.9999874747821567 -0.004909072506081841 -0.0009753388826177972 0.004240127608394646 0.004911854141297462 0.9999838172844469 0.0028703411156718846 -0.12064220098994144 0.0009612323863321142 -0.002875095886353873 0.9999954049174145 7.908540233222177
0.9999894655445898 -0.004479125115002088 -0.0010031141759800145 -0.01727251120272603 0.004482421250527313 0.9999844819983127 0.003308120659639044 -0.1343940083032812 0.0009882811233225043 -0.0033125821906885757 0.9999940250319755 9.238581206692643
0.9999925615193239 -0.0035562240245564205 -0.0014933776174726682 -0.012980107642805027 0.003558542658325537 0.9999924627115734 0.001552834244586375 -0.15407113258632907 0.0014878441350081029 -0.0015581369418156152 0.9999976792618575 10.569205021979846
0.9999984403999699 -0.0007310380641175943 -0.0016077254045789417 -0.016388440442143694 0.0007299034537034156 0.9999994842628485 -0.0007061975539453293 -0.17366888732358973 0.001608240832708006 0.0007050229682341951 0.9999984582508308 11.903757299917556
0.9999954618968234 0.0027357450790498343 -0.0012616991008303124 -0.03702376284669305 -0.002737815706342836 0.9999949035207023 -0.00164234520705952 -0.19494642479482657 0.0012571996327886891 0.001645792053542443 0.9999978554065004 13.24131922382698
0.9999870610610526 0.004914730513538407 -0.001312682161750307 -0.044850490099636924 -0.004917199591562631 0.999986135026404 -0.0018843840190646334 -0.21321655610661375 0.0013034027218091224 0.0018908143573244578 0.9999973629777287 14.579719393360563
0.999981388341462 0.005993199133827225 -0.001142162345869426 -0.05485193698746868 -0.005994567942745897 0.9999813138362513 -0.0011988050318578556 -0.23013409818091024 0.0011349563259583032 0.0012056294898918972 0.9999986291648962 15.929938901786945
0.9999937925759982 0.003425092483131043 -0.0008267714034087884 -0.05374248843837637 -0.003423923069884099 0.9999931418623896 0.0014117290810976716 -0.24641320489133714 0.0008316010359607024 -0.0014088895162150533 0.9999986617341289 17.281529977483764
0.9999994229667764 -0.0008710209376238173 -0.0006287993642191636 -0.06055428848631496 0.0008730293967513436 0.9999944958835779 0.0032009408338167624 -0.2672916630709967 0.0006260078167480074 -0.0032014879470971943 0.9999946792804142 18.633941123566547
0.9999951906085063 -0.0029352353501180635 -0.001001575407282626 -0.05240862135100467 0.002936195351940762 0.999995230129203 0.0009583713778862756 -0.29094766322314713 0.000998757584350555 -0.0009613075897586271 0.9999990391850413 19.985823756857258
0.9999906465780187 -0.004195863446545295 -0.0010495172289106468 -0.05527239112719722 0.004194756575026415 0.9999906458369406 -0.0010546354322559831 -0.3095472776100145 0.0010539325178151608 0.0010502230985091486 0.9999988931282331 21.34046199275114
0.9999984594118125 -0.001718272513643929 -0.00035876673511056937 -0.06567911593356549 0.001717277969445727 0.9999947324756076 -0.0027542653129835107 -0.3334320389058908 0.00036349742368080426 0.002753644967584509 0.9999961426470682 22.705012816204686
0.9999993993433884 0.0009684792152218618 0.0005131869756070138 -0.07461465859353171 -0.0009681470907449219 0.9999993220189166 -0.0006470339390888739 -0.35338668430226067 -0.0005138132665973143 0.0006465367099661966 0.9999996589930467 24.071424927943752
0.999998486408771 0.0013925692662538442 0.0010430393117227754 -0.08055135349382986 -0.00139546216901748 0.9999951678046806 0.0027779583553943724 -0.3708202415181888 -0.0010391657721242442 -0.0027794096726013 0.9999955974984939 25.448058460247196
0.9999985081147889 -0.0009246906921767505 0.0014590117615221959 -0.0725201352529386 0.0009178236220589401 0.9999885321880084 0.004700328953558541 -0.38488587866976537 -0.00146334138028297 -0.0046989828257477185 0.9999878890228661 26.819714091146892
0.9999865230538925 -0.005036876133992516 0.0012584074847510707 -0.08248277060750182 0.005033384457782402 0.999983516386719 0.002762606695330003 -0.39587751748374633 -0.0012723016493798752 -0.0027562354151531698 0.9999953921968086 28.194260993637634
0.9999859295042872 -0.005180855505588997 0.0011399691560815028 -0.07161349507310029 0.005180256178175923 0.9999864429541538 0.0005280661205317198 -0.4176084107742965 -0.0011426895357350743 -0.0005221533581159332 0.9999992108079362 29.569642048904015
0.9999838116142374 -0.005488131919556453 0.0015023040620069554 -0.06490141053422595 0.005491141623227948 0.9999829102089745 -0.002006652352556551 -0.4362592716624768 -0.0014912656151167766 0.0020148692324597865 0.9999968582094851 30.9494713001733
0.9999966258710924 -0.0016344653186897871 0.002019101174341251 -0.06025577648119513 0.0016404617178260028 0.9999942387525415 -0.002971758246869664 -0.454019119161337 -0.002014232306009502 0.0029750604779551705 0.9999935459208573 32.33506204915328
0.9999970709034427 -0.0007436271433459245 0.00230330267368727 -0.055938476434348024 0.0007557017564127817 0.9999859547427228 -0.0052458776330458565 -0.4775130945663873 -0.0022993693462098185 0.005247602877239787 0.9999835876476435 33.717614501721826
0.9999972745943516 0.0003854857529985112 0.002302651646046418 -0.0619921453361509 -0.0003745975784998745 0.9999887570444201 -0.004727098624980539 -0.5018985046293565 -0.0023044479866089953 0.0047262231739885 0.9999861760714427 35.110761406452404
0.999997798760184 0.0005908735422869128 0.0020132916438888545 -0.05136709526137094 -0.0005837943569733271 0.9999936519605288 -0.0035149996861715887 -0.5318053385153718 -0.00201535578374954 0.0035138166005136747 0.9999917956833259 36.507817564578986
0.9999963197734759 0.002164962212114339 0.001635046826270546 -0.04161221949042071 -0.002161602642317246 0.9999955548780036 -0.0020537035450010088 -0.5552047754241839 -0.0016394857488575146 0.002050161665366772 0.9999965544558765 37.90581944067537
0.9999866812002315 0.004878384525178863 0.001684869897316266 -0.05196339829307303 -0.004875328747583314 0.9999864719582128 -0.0018130279009272439 -0.5726353831345204 -0.0016936917515812495 0.0018047894589253329 0.9999969370669388 39.30154901227888
0.9999723637734085 0.007050113624796231 0.002359573541847135 -0.0836319948618518 -0.00704496886402042 0.9999728040764397 -0.0021816326930155306 -0.5916064514145625 -0.002374890129438555 0.0021649492787853904 0.9999948364324153 40.704016008063256
0.9999477587635625 0.009915113668386856 0.0024840017453762113 -0.08400757694240282 -0.009910683916521877 0.9999492870534983 -0.0017893198448837703 -0.6173726446917626 -0.0025016170839794747 0.001764608212456161 0.9999953140239315 42.11066940293154
0.9999385188431378 0.010793185362710237 0.0025427708347249404 -0.09948772389233106 -0.010788499072128107 0.9999400919322983 -0.0018495497283018381 -0.6353763162169376 -0.0025625810352924968 0.0018220033350537887 0.9999950567289242 43.51824539127512
0.9999536130984047 0.009390464894304576 0.0021426200117958807 -0.10395943685502695 -0.009386680279753853 0.9999543782974112 -0.0017696206269664481 -0.6670796760465815 -0.002159139822196466 0.0017494264507368306 0.9999961388037063 44.92771992726705
0.9999586632602704 0.008930137175476523 0.0017100937870191347 -0.11671290462789732 -0.008926066207839612 0.9999573448462049 -0.0023735690807185046 -0.6844875347287116 -0.0017312171401916503 0.0023582065547466057 0.9999957208653737 46.34078124330967
0.9999659877912175 0.008197632719877253 0.0009066854607366236 -0.11760364027341402 -0.008195813487146429 0.9999644290508136 -0.00199230378302654 -0.713925123953714 -0.0009229853837535629 0.0019848049954465804 0.9999976043206859 47.75641958920811
0.9999613873047377 0.00878719082011443 9.579705255521279e-05 -0.1242707824816765 -0.008787116139601465 0.9999611083188675 -0.0007539493688256643 -0.7425746200468705 -0.00010241842381905757 0.0007530784769817984 0.999999711191595 49.17889074734766
0.9999491577041032 0.01005934808093445 -0.0007010870424625802 -0.12889535209308245 -0.01006036185992371 0.9999483306289504 -0.0014578036981465138 -0.7568358898869884 0.0006863862629030245 0.0014647827694020022 0.9999986916418121 50.60152759466909
0.9999465863325221 0.01021440723413465 -0.00157808960181368 -0.14958188027331323 -0.010216133658424782 0.9999472200422505 -0.0010898361564614413 -0.7767820711262664 0.0015668742799908957 0.001105899918612458 0.999998160943489 52.0275240275834
0.9999459052264366 0.010062621083814727 -0.0026325420806158693 -0.16136550002055428 -0.010062921954744581 0.9999493624113921 -0.00010106820854302308 -0.800259546759016 0.0026313917639471194 0.0001275538067809748 0.9999965297476839 53.456261291849856
0.9999607879041801 0.008184082629903583 -0.0033828162170316473 -0.1689473455372041 -0.008181211264441081 0.9999661619884089 0.0008617774755316257 -0.8223489203383141 0.0033897546073258997 -0.0008340681492904061 0.9999939069284492 54.88371851933101
0.999970058946223 0.006758241319098928 -0.0037692685444196523 -0.18848378882150588 -0.006754426456250716 0.999976664394025 0.0010239094912058429 -0.8394081035469846 0.0037761004136848543 -0.0009984195870995807 0.9999923720829041 56.31558962565502
0.9999820257663841 0.004166317925176471 -0.004311605165740672 -0.19367411833583995 -0.004165079629598881 0.9999912821684113 0.00029613992581583746 -0.8579584704571638 0.004312801390974505 -0.00027817642408092824 0.9999906611374122 57.74450929078576
0.9999858694464956 0.0031122042256186413 -0.004309883083600793 -0.21325040314965418 -0.0031096957353781603 0.9999949916521695 0.0005886110857367002 -0.8825639884319995 0.004311693376115724 -0.0005752003432912086 0.999990539177644 59.17242624310173
0.9999902843781945 0.002384411439252249 -0.0037075236083303088 -0.22139279988484742 -0.0023797920963319116 0.9999963872252939 0.001249850366055494 -0.9094994415708488 0.003710490371393241 -0.0012410150876019774 0.9999923460420864 60.601818775642876
0.9999941783185848 0.0016144645226747886 -0.0030061326058081076 -0.23730378510533512 -0.001608925159396716 0.9999970051477556 0.0018441950413014122 -0.932193517680289 0.003009100990352463 -0.0018393476626034602 0.9999937810363652 62.0264665891744
0.9999970960819808 -0.00048136093307816715 -0.002361380794734246 -0.25726538513376085 0.00048422212769766524 0.9999991492133755 0.00121123963572624 -0.9365055781493007 0.0023607957422621065 -0.0012123795512183526 0.9999964783834427 63.45054269186314
0.9999954102241279 -0.0024322829804592104 -0.0018065243372639374 -0.2740447273461898 0.0024327646192727477 0.9999970058538096 0.00026446119223887 -0.9521944866021272 0.001805875683809423 -0.00026885482691278847 0.9999983332636594 64.87039375972839
0.99999731206617 -0.0021336408316323854 -0.0009074344253678248 -0.30814987164311536 0.0021334708647863417 0.9999977064328378 -0.00018823159140579664 -0.9683720510957244 0.0009078339627155698 0.0001862951005435346 0.9999995705657235 66.28758787670805
0.9999998986042404 -0.0003879090454809416 -0.00022873146098428636 -0.3046356288472142 0.0003878094986246156 0.9999998301473364 -0.0004350966444424895 -0.997253610941283 0.00022890020005799944 0.00043500789609237267 0.999999879186407 67.70115302748441
0.9999961339387928 0.0027802299344490485 4.9284677082360764e-05 -0.29406034694169586 -0.002780273308904182 0.9999957273130295 0.000903014956580145 -1.0203457579116308 -4.677387729048469e-05 -0.0009031484903412432 0.9999995910674206 69.11401244988987
0.9999831082610156 0.005765839296314201 0.0007336823884807226 -0.308924058790764 -0.005767420527717283 0.9999810102171184 0.002171650433855225 -1.0390402454468557 -0.0007211470686017582 -0.0021758452057710313 0.9999973728188217 70.52806884399956
0.9999506063859455 0.009847596986730864 0.001345221902433711 -0.30854583997727364 -0.00985107825286632 0.9999480805440764 0.0026062374167073283 -1.0593355248892289 -0.0013194868835126523 -0.0026193605714505187 0.9999956989430308 71.93787358217374
0.9999058722261545 0.013565764311725789 0.0020534668957190457 -0.3271336685864365 -0.013570317634092454 0.9999054547204681 0.002219932332869327 -1.0759852691944238 -0.0020231576713013837 -0.002247589573606693 0.9999954275766191 73.3378612985388
0.9998560397345755 0.016755972722534086 0.0026715509376832036 -0.32908050259695587 -0.0167600379905703 0.9998584055706082 0.0015066307957370601 -1.0962515171142493 -0.0026459275964359676 -0.0015511891959770568 0.9999952964285542 74.74041817838223
0.999828225072833 0.018208065393497348 0.003462181730421117 -0.34329912457211414 -0.018213087660692222 0.9998331129761768 0.0014246523191448611 -1.1167559238475955 -0.003435663774625883 -0.0014874646189498592 0.9999929918071598 76.1424651146776
0.999823943263903 0.018353356324772644 0.0039034328270688866 -0.3492960217830921 -0.018360793467970885 0.9998296625771185 0.0018780559498494636 -1.143190270872103 -0.003868299296334975 -0.0019493954294025752 0.9999906180149958 77.53864624295763
0.9998429972978474 0.017303595419044797 0.003816587484981386 -0.3371363381985645 -0.01730959850235327 0.9998489832006628 0.0015455071293017306 -1.1632703541061569 -0.0037892682860720295 -0.0016113280775203053 0.999991522497907 78.93276447673772
0.9998622963963301 0.016206088546125586 0.0035708457110744368 -0.32630591788275676 -0.016208469904574377 0.9998684299610646 0.0006389605204395284 -1.190762705819866 -0.00356002084399314 -0.0006967504785150366 0.9999934203735343 80.32306911308184
0.9998815601387661 0.014930488646768575 0.0037344615723470063 -0.3654557260588458 -0.014933252969821367 0.9998882382391582 0.0007134330593715195 -1.2053494592278668 -0.003723392298152374 -0.0007691162198248444 0.9999927723788975 81.7081081594439
0.999879677936148 0.01508700203742034 0.0036072177404996336 -0.3634368021544337 -0.015090299925290533 0.9998857399287987 0.0008887829891877718 -1.2296821825783288 -0.0035933965087747216 -0.0009431100465840999 0.999993098998673 83.09430307157936
0.9998847213537629 0.01490334918167684 0.0029041670882226952 -0.34717746287440043 -0.01490466676421749 0.999888825715112 0.0004325721912573052 -1.253269696549299 -0.0028973974451105195 -0.00047580796759821755 0.9999956893381201 84.48063821586388
0.9998783712788067 0.015442951965162315 0.0021812573075592223 -0.3415900002036395 -0.015444172790312044 0.9998805836885886 0.0005439571572746389 -1.2766731657935915 -0.002172596525606059 -0.0005775787112192453 0.9999974731103916 85.86254987903172
0.9998969037562568 0.014319606372111698 0.0010633588285686862 -0.3411647980337278 -0.014320996774627084 0.9998965889505409 0.0013116617143084288 -1.288624713169901 -0.0010444663860736452 -0.0013267548452667744 0.9999985744047578 87.24730231340033
0.9999264148624492 0.01213075851190853 9.776632525686918e-05 -0.3500636275894491 -0.012130949892565607 0.9999238191557742 0.0022794603820153942 -1.3104862311888847 -7.010729390364023e-05 -0.002280478646002484 0.9999973972476687 88.6262057753282
0.9999521934183475 0.009721640923571157 -0.0010490832133967264 -0.3626815072909995 -0.009718772311092767 0.999949111018639 0.002705704676687522 -1.3268231523900307 0.0010753337159329693 -0.0026953795253095232 0.9999957892844415 90.0035101141537
0.999964794195288 0.008226149000606012 -0.0016555490312439901 -0.37009508856876183 -0.008221755268808258 0.9999627066907022 0.002643476518407677 -1.3487874775503763 0.0016772329220622888 -0.0026297719337191683 0.9999951355828192 91.3723820107922
0.9999717595951934 0.0071981397392755905 -0.0021602769235637143 -0.36841691215501077 -0.007193363046173659 0.9999716834731245 0.002210832424693858 -1.3824073140879682 0.00217612963275757 -0.0021952303336997187 0.99999522270039 92.73823891837989
0.9999777560192527 0.006237679087570701 -0.002361953915763679 -0.37678088821808686 -0.0062333733072795 0.9999789052260559 0.0018259682663598238 -1.4047395638474343 0.0023732938949497604 -0.001811204709065279 0.9999955434968644 94.10036547541152
0.9999766621482522 0.006351612074651132 -0.002516382898750683 -0.3808834184993715 -0.0063482831857506585 0.9999789667436062 0.0013286726391128559 -1.4273600630281564 0.0025247691842021774 -0.0013126669195026902 0.9999959512148656 95.45790796327243
0.999978166014599 0.006180048766205799 -0.002339763091834367 -0.3886005318542785 -0.006177694725607976 0.9999804057839355 0.0010119960827447718 -1.4586093760364156 0.002345971431153755 -0.0009975196447254142 0.9999967506810217 96.81090616901461
0.9999720284434843 0.007129385926720953 -0.002261456816003107 -0.39781897568889246 -0.007128984645565899 0.9999745712688526 0.00018545510621485772 -1.4786320209794015 0.0022627214910503515 -0.00016932802782891675 0.9999974257064225 98.16266662044063
0.9999575037707088 0.00893044622195513 -0.0022886203112910935 -0.3895320265486197 -0.008930114308770573 0.9999601136893588 0.00015520565640093385 -1.4907426058135118 0.002289915082438583 -0.00013476141975650842 0.9999973690606762 99.5126188662899
0.9999528525716316 0.009451859485537301 -0.0022259798116668356 -0.3957826983556137 -0.009448521713307154 0.9999542288049413 0.0015052350470954232 -1.5097687326293956 0.002240105196068828 -0.001484131860549884 0.9999963896341478 100.85782578463214
0.9999362219707191 0.011063627295720779 -0.002268951737137392 -0.3967291497062459 -0.011057573287160422 0.9999353155452545 0.002663606279148559 -1.5301715796339534 0.0022982741183667894 -0.002638347299470806 0.9999938785110655 102.20309623354005
0.9999397329029878 0.010788689209528293 -0.0020334077409679113 -0.40314732278066034 -0.010786443627660446 0.9999412062114704 0.0011120945174615045 -1.5518469832566002 0.002045286231344018 -0.0010900942567832728 0.9999973142457648 103.5436558573876
0.9999365150062748 0.011101116597166491 -0.0019316229967676025 -0.4063071843850956 -0.011103450036588984 0.9999376329302679 -0.0012015186624810487 -1.5807927855595048 0.0019181643283358914 0.0012228900635104989 0.9999974125894034 104.88222950640443
0.9999458794923952 0.010202488667356515 -0.002036494825009866 -0.4203400849555037 -0.010207281741285499 0.9999451259086879 -0.0023572379834421245 -1.6050399662995503 0.0020123333803948986 0.0023778974849695206 0.9999951480471875 106.21838512308834
0.9999659065350738 0.008014802350691986 -0.0019871363231673644 -0.4253811584353124 -0.008017257652357113 0.9999671039049686 -0.0012307264699459137 -1.6291531548929878 0.0019772069247379676 0.0012466158941094267 0.9999972682970631 107.56302732750717
0.9999820503219232 0.005864338473668221 -0.0012282378548668248 -0.43045383511725416 -0.005863378714917197 0.9999825032590426 0.0007835597123543767 -1.6587691391816939 0.0012328114240751328 -0.0007763440240146473 0.9999989387324109 108.90408679119523
0.9999899184671289 0.004486914991017464 -0.00017480837299543753 -0.4349676875662089 -0.004486670163070666 0.9999889872730926 0.0013766348029546536 -1.6862284827872767 0.00018098329121339307 -0.0013758366168541759 0.999999037158862 110.24243671648479
0.9999934142997179 0.0035929566812627316 0.0005118783824724955 -0.4322236491773888 -0.0035929499035508828 0.9999935452344121 -1.4159828215746118e-05 -1.7098992809620632 -0.0005119259540666624 1.2320581578496208e-05 0.9999998688900014 111.57458681766592
0.9999855641608195 0.005273394953059406 0.0010309101006874967 -0.4407253987375516 -0.005270767668152322 0.9999828966800781 -0.0025348284965601518 -1.7220026984733048 -0.001044259620502593 0.0025293582165562246 0.9999962559274193 112.90326091737388
0.9999708157855849 0.007336655651361186 0.002130976528321118 -0.43937576432257536 -0.0073265370460689466 0.9999620306456907 -0.004717957381927716 -1.748333904225941 -0.0021655096452070292 0.004702207013568905 0.9999865998188062 114.22677502956556
0.9999409213171779 0.010313458767039253 0.0034331390319906814 -0.4451114908166584 -0.010297972600437522 0.9999368564828949 -0.004498311619422779 -1.7767279483592475 -0.0034793154029254475 0.004462691493412554 0.9999839892463084 115.55814762562862
0.9999205733297707 0.011606994600156491 0.004911690972941714 -0.45231180434943635 -0.011594265648381282 0.9999293723455228 -0.002612149452409731 -1.8002913480275917 -0.004941663276317417 0.002554994528153623 0.9999845258637876 116.8909641899112
0.999911317267158 0.011850518708821714 0.006076414023731643 -0.4549063858663189 -0.011847976454186702 0.9999297071037893 -0.00045420839878447224 -1.8231723431278093 -0.006081369500118556 0.00038217490806340387 0.9999814352713465 118.22528107361758
0.9999111307863783 0.01151614922062563 0.006716311237103729 -0.44503922213803815 -0.01151584737571665 0.9999336869352419 -8.361406145414063e-05 -1.8458682329832983 -0.006716828769930097 6.262615604041527e-06 0.9999774418315919 119.5590283955862
0.9998968602204508 0.012072634455089156 0.007779487039452643 -0.4337524481291708 -0.012066100986212129 0.999926809229662 -0.0008862227576367525 -1.8629135192879893 -0.0077896166962018384 0.0007922632765780297 0.9999693466254986 120.90223173589379
0.9998531140823098 0.014481384384475772 0.009167320558140048 -0.435454232538586 -0.014469186832469325 0.9998943420543217 -0.0013954784701713855 -1.8919579756360148 -0.00918656041800903 0.001262629820126917 0.9999570055125487 122.26633098560616
0.9998077393752239 0.016523385520692387 0.01055755730925291 -0.4443780035280614 -0.01650542926025245 0.9998621815859363 -0.001785676103116986 -1.9135185782604467 -0.01058560769811476 0.0016110757725849706 0.9999426730290675 123.62227093764211
0.999785646864483 0.017271136952767486 0.01141788737575384 -0.4286614518502008 -0.017238012576250954 0.9998469341871019 -0.00299317875719353 -1.9354802281740728 -0.011467835287780387 0.0027957154737644676 0.9999303339377209 124.98165433736054
0.9997606667644836 0.01802724071535464 0.012394667515720265 -0.4237501524289269 -0.017981865662837267 0.9998312333911844 -0.0037626111605032105 -1.9597126573774113 -0.012460405206824624 0.0035388313963971036 0.9999161039679426 126.33527893314228
0.999755187939203 0.017531201719924058 0.013498931620825053 -0.4044240362246116 -0.017478380779544937 0.9998391556903291 -0.004021063761461718 -1.9907911590589538 -0.013567254474417789 0.0037841398895699764 0.9999008000253438 127.69078377544857
0.9997514791020937 0.017059931724549202 0.014350566634432967 -0.3937345208241438 -0.017017657854519537 0.9998504981757382 -0.0030627795992405824 -2.0143913243598397 -0.014400672009392042 0.00281780540150135 0.99989233451327 129.04802162062654
0.9997663324397911 0.015427556066428965 0.015141698507961949 -0.3852680157659828 -0.015395553066105964 0.9998789994553879 -0.0022278675633634754 -2.033485157118719 -0.015174236905938259 0.001994232160095319 0.9998828759271827 130.4057104148164
0.9997759386029079 0.014598882962718527 0.015327922459187477 -0.3662467764157415 -0.0145702801446095 0.9998918951730799 -0.0019760829165956445 -2.053843293120408 -0.015355114040006753 0.0017523080284315253 0.9998805678126722 131.75438546176437
0.9998058978705732 0.01243639420734256 0.015280794558401162 -0.3429392639218193 -0.012408809544824163 0.9999212051286619 -0.0018986784150850354 -2.077910852103357 -0.01530320322340272 0.0017086934081929435 0.9998814391406312 133.10827213718835
0.9998288304924189 0.01089405236168188 0.014954241515449778 -0.3220317042799234 -0.010877843358516085 0.9999401560672446 -0.001164821051085552 -2.107478194904986 -0.014966036216348422 0.001001951772489483 0.9998875005982505 134.45994628783433
0.9998496597150206 0.009783745641265364 0.014315596005196426 -0.2927492058554728 -0.009761455391222576 0.9999510336806283 -0.0016261087562195113 -2.1341339338802827 -0.014330804457606124 0.0014861232347623656 0.9998962043538964 135.81303177607523
0.9998781475793842 0.00840388515885164 0.013155406016368425 -0.27928197841211844 -0.008379924333588095 0.9999631291301383 -0.0018754328632356817 -2.1498302709320587 -0.013170681887510778 0.001764963030206925 0.9999117051240674 137.15916348631296
0.9999067900534244 0.007034766610799616 0.011701421443060241 -0.24510259406083312 -0.0070216855318311995 0.9999746764529025 -0.001158613483347503 -2.1719803244692475 -0.011709275697010503 0.0010763417873981122 0.999930864785665 138.5106511768755
0.9999308130411966 0.005229896828478162 0.010536475213969571 -0.22734729758815267 -0.005220226211795876 0.9999859278978922 -0.0009451161241192753 -2.194774682667884 -0.010541269803434379 0.0008900479503171511 0.9999440431572044 139.8608098915423
0.9999441990051323 0.005023368550514491 0.009293258007271835 -0.2092275506562557 -0.005015178901617295 0.9999870149898455 -0.000904340799671424 -2.220503005267247 -0.009297680171354059 0.000857682985069859 0.9999564078115245 141.21115325399265
0.9999584716534955 0.004732221241720752 0.007788520432309192 -0.18023907944029835 -0.004720725110138756 0.9999877416453065 -0.001493758197709085 -2.2479606492987547 -0.007795493752136187 0.001456928700425542 0.9999685533235142 142.56013630063543
0.9999690963889314 0.004496412589776834 0.006448917810482034 -0.16667610245263784 -0.004484301284463153 0.9999881570025088 -0.0018912685464511124 -2.271876465009094 -0.006457345359667292 0.001862291209002696 0.9999774170261838 143.9078051204551
0.9999841233675241 0.002165665121550915 0.005202202174641227 -0.14242073975185482 -0.0021433371250209336 0.9999884847334438 -0.0042937753176273494 -2.29944582273586 -0.005211441149341471 0.004282557073882037 0.9999772500342472 145.2554933994516
0.9999863725158562 -0.003433691908115212 0.003932498246638705 -0.13180528189560806 0.0034523383226915676 0.9999827844956694 -0.004744688861490324 -2.326620272865194 -0.003916138746947694 0.0047582005177190185 0.9999810115122924 146.5988498835016
0.9999325522298707 -0.011256177003252502 0.0028617250617311543 -0.12222123525599643 0.011262884724056288 0.9999338366894894 -0.002338732804138022 -2.3543725348034306 -0.0028352105301203854 0.002370806341307821 0.999993170405949 147.9517236955744
0.9998407288745863 -0.017812971527531547 0.0011022381302174464 -0.09943828524482114 0.017813904432115314 0.9998409649196622 -0.0008424235285244986 -2.3814604856060417 -0.0010870567693599031 0.0008619245194943063 0.9999990376963882 149.30071803796216
0.9997726236270251 -0.021323682309501997 -4.0233049023026726e-05 -0.08660927226036508 0.021323338212472506 0.9997642257928745 -0.004099764901792903 -2.4088120217170217 0.0001276456474175324 0.004097974809207976 0.9999915951192047 150.64580812420868
0.9997888869299197 -0.020543284769938795 0.0003937287056128395 -0.08339219061124882 0.020545586998783248 0.9997630242413122 -0.007195430128907056 -2.437469643072051 -0.0002458176312735334 0.007202000466937208 0.9999740350443934 151.9894015016581
0.9998607614059536 -0.016685574222692668 0.0002222916241778914 -0.034363123570065615 0.016686921522087415 0.9998173103689842 -0.009321616632612998 -2.4816064117621432 -6.671448760386039e-05 0.00932402806670663 0.99995652807999 153.33396508369552
0.9998669558347247 -0.016311105836429377 0.00013585357428627388 -0.0028362526207453657 0.01631165927251998 0.9998212904775747 -0.009555986580871128 -2.516112583918324 2.003941253348364e-05 0.009556931209827929 0.9999543312893203 154.68050516492775
0.9998138349670671 -0.019279902716281768 0.0007620759130574742 0.006787919880982497 0.019284158798916484 0.9997957981724367 -0.006040130475225964 -2.548063877426861 -0.0006454671678070282 0.006053702007061483 0.9999814678603519 156.02901721142004
0.9997071671195072 -0.024170033633009205 0.0011787637884142018 0.01715147198846461 0.024173791157869863 0.9997023739022879 -0.00328503199152398 -2.5808814848039723 -0.001099013623826822 0.0033125652157891014 0.9999939095218254 157.3788305376054
0.9995993935632184 -0.028276909286268186 0.0012119361626163263 0.023411554347905837 0.028279028964318737 0.9995985028326022 -0.0017690832809626085 -2.611794786045522 -0.0011614253662240604 0.0018026469526587095 0.9999977007748977 158.72770153447556
0.9995522044388666 -0.02989033169948358 0.001399525740060284 0.022370050418611544 0.02989303593014213 0.9995511955197443 -0.0019529306001474563 -2.6356580360641413 -0.0013405238832131638 0.001993892159726408 0.9999971136907211 160.07440139510683
0.9996056434528047 -0.027976801871531346 0.0024199451120985745 0.016235554577069388 0.02797980741322488 0.9996077475024896 -0.0012171730023050305 -2.6577934935640837 -0.002384943274655358 0.00128440260034968 0.9999963311710378 161.42485825618527
0.9997112930514196 -0.023788451843490776 0.0033823223306874996 0.018103877810074456 0.023795873150290223 0.9997144806271949 -0.0021710931147333615 -2.6827414170078296 -0.0033297096681291437 0.002250951618199653 0.9999919230925506 162.77463716353577
0.999788494484407 -0.020116625517805943 0.0042764090519487475 0.013090893524223074 0.02013614213425953 0.9997867990734003 -0.004570796266826524 -2.7029323553176785 -0.004183548320758077 0.004655939898699821 0.999980409881667 164.12545737107826
0.9998305901754461 -0.01748780651499103 0.005741739519827002 -0.0034606758802023397 0.017516861912263627 0.9998338162340951 -0.005049699348680896 -2.729550970344504 -0.005652477170761816 0.0051494211383052565 0.999970766054575 165.47652028223376
0.9998677127837936 -0.014986646747507652 0.006321182782578544 -0.0008106988250190829 0.015013190367218392 0.9998785885002373 -0.004172813651518753 -2.7555138939113153 -0.006257878834157837 0.004267162762077966 0.9999713147258066 166.8348264846415
0.9998958080863574 -0.013035804697721072 0.006200061871745585 0.0024103248212988815 0.013063967524062046 0.9999044296722355 -0.004523745613008185 -2.7871766604764616 -0.006140498665486674 0.004604271682235676 0.999970547045469 168.1957510388554
0.9999175061574954 -0.011524836449296177 0.005670892750886094 -0.0048011901719625 0.011565012618670581 0.9999078905334225 -0.007103585864235347 -2.8033276455313225 -0.005588502742690621 0.007168583808365055 0.9999586891683458 169.5560762128996
0.9999590771068165 -0.007237640678705649 0.005427768334195105 0.002295587565198179 0.007290676134131269 0.9999252447864581 -0.009815848422260043 -2.845146558450029 -0.005356318996376961 0.00985501883039935 0.9999370922466376 170.91530072253795
0.9999842605742687 -0.0020999688280105558 0.005202762213884649 0.000544313479786146 0.0021577949853027996 0.9999356875682343 -0.011133941271788106 -2.875149674439758 -0.005179046681990839 0.011144992524161297 0.9999244804569499 172.27967862934335
0.9999811117467071 0.0026581267700579747 0.00554170658678757 -0.007937182556370825 -0.002602328546853528 0.9999460932222506 -0.010051792660614126 -2.90954802826744 -0.00556812679040021 0.010037181458559313 0.9999341233063371 173.64840127731847
0.9999675625267006 0.005294012697041151 0.006070199664975742 -0.014623738662693073 -0.00524428961078478 0.9999528060606216 -0.008178207503275954 -2.9349278986587377 -0.006113208722701811 0.008146108337850094 0.9999481334539606 175.02472813605803
0.9999587557338067 0.0065862432232689574 0.006253657449933809 -0.014541186762526909 -0.00654900726903057 0.9999608163670963 -0.0059561929317681565 -2.973348283188625 -0.006292641344249062 0.005914992024863825 0.9999627070717476 176.40400152579974
0.9999790068083383 0.003466900499167685 0.005474170579924234 -0.0019678214271320327 -0.003438064623645842 0.9999802122863868 -0.005268277452509214 -2.995845008857785 -0.005492326852334127 0.00524934630233637 0.9999711389380918 177.7804929848726
0.9999914030000445 0.0012812155314125347 0.003943654747121016 -0.017082031933356473 -0.0012597170338317179 0.9999843601988742 -0.005449079797831822 -3.012442020361467 -0.003950574514813696 0.0054440650630326595 0.9999773773024027 179.15597247440823
0.9999971007323025 0.001231400893057741 0.002069342608136605 -0.02329700759195921 -0.0012112385754356907 0.9999520599815189 -0.009716513769368844 -3.0506607579708467 -0.0020812083275464827 0.009713979131001686 0.9999506523730755 180.53687086717878
0.9999962810491716 0.0027058732251608996 0.00034079013453616877 -0.00901248857594732 -0.002700800430252467 0.9998969857755609 -0.014096932786393008 -3.0721252648375152 -0.0003788995412880751 0.014095959954451263 0.9999005752314075 181.91619721081491
0.9999697973122521 0.007766801825284657 -0.0002850485930240395 -0.026241742245660733 -0.007770148249756916 0.999862167616476 -0.014672101603357746 -3.1137839539900685 0.00017105399858361202 0.014673873336280688 0.9998923182932449 183.30411902531554
0.9999385794046427 0.011072304942409445 -0.0004914076590942468 -0.0422275852387068 -0.011078059144740984 0.9998423331829747 -0.013877513495264233 -3.1415025320701266 0.0003376741191511174 0.013882104973235 0.9999035819206272 184.69810766571712
0.9999185948262904 0.01275171516490604 -0.0004443883099780416 -0.04467427197915303 -0.012755736529678572 0.9998615461973928 -0.010685486481427748 -3.1588139900081087 0.0003080685027173509 0.010690285127743606 0.9999428098134834 186.09369651469729
0.9999079066238316 0.013571104400961575 -5.827937140840345e-05 -0.05550920317139034 -0.013571088008520618 0.9998686472705265 -0.00886079994542387 -3.1871284617041775 -6.197912488122072e-05 0.008860774838919916 0.999960740643272 187.49303748897694
0.9999137655200256 0.013132418894785211 -3.3129068034000384e-05 -0.05764559075443327 -0.013132257966235695 0.9998811322227849 -0.008078689596114127 -3.209508105555607 -7.296760584155216e-05 0.008078427993985643 0.9999673663059578 188.89466699488642
0.9999337023529322 0.011514479636556527 8.75068972407411e-05 -0.05850149518456789 -0.011513499760079399 0.9999055982704159 -0.0074989246400078745 -3.2414629158227135 -0.0001738448515015159 0.00749741996830843 0.9999718788404929 190.2990818016347
0.9999634685803219 0.00854352936851703 0.00026383847501225746 -0.06955089245503523 -0.008541479162174627 0.9999391410911923 -0.0069826390090741135 -3.270965978655551 -0.00032347879953412774 0.006980130352521629 0.9999755862728484 191.7070270044328
0.9999809058681717 0.006135288125797521 0.0007390119647331554 -0.07078602178902275 -0.006129874631020075 0.9999558824445666 -0.007117429417736384 -3.30188591392449 -0.000782646841524453 0.007112763465906298 0.9999743977021605 193.11552189927897
0.9999933008090964 0.0034039902860528532 0.0013458034997927907 -0.07016110403322771 -0.0033954814272718387 0.9999745469972537 -0.0062750349412892415 -3.3267900839146956 -0.0013671294030372007 0.006270423252844086 0.9999794061626592 194.5340892161176
0.999997772477623 -0.0009314303316734144 0.0018940637077231798 -0.07644030090014661 0.0009404924461192021 0.999988089286992 -0.00478923356183963 -3.3549470434959208 -0.0018895803106687857 0.004791004246324436 0.9999867377943371 195.95362223263
0.9999915779038187 -0.0033571213668063264 0.0023609018529165754 -0.08050293642015131 0.0033688916216009267 0.9999818285583598 -0.004999312184814967 -3.3846129368954805 -0.002344075654171164 0.0050072237025987855 0.999984716393265 197.37557508762112
0.9999947340132642 -0.001836669741046689 0.002675554148768869 -0.0957812217557221 0.0018615447634809986 0.9999547929959183 -0.00932451690889342 -3.4121023589660346 -0.0026583071369249323 0.009329448469926274 0.9999529462901801 198.79586004641288
0.9999778674538976 0.005919601060081929 0.0030369270067719285 -0.08912346734837688 -0.005875182151496367 0.9998785863037445 -0.014432424810570693 -3.4466645098183712 -0.003121992479446802 0.014414262884917782 0.9998912351793277 200.21955517247665
0.9998764237969935 0.015219064327438872 0.003939189755785902 -0.08352760038000184 -0.015160691219830952 0.9997806964594335 -0.014446883014258696 -3.4856470953406724 -0.0041581939194503 0.01438537688376688 0.9998878788920481 201.65288393895486
0.9997120441252454 0.02344191380235225 0.005128889568537029 -0.08844023990020307 -0.02338528822856445 0.9996678086975431 -0.010835153359309777 -3.5205485567635244 -0.0053811825271151085 0.010712092752393534 0.9999281443901221 203.0906156626167
0.9996897655115213 0.024218566215929313 0.005816681353129073 -0.08416370315155176 -0.024167290086014214 0.9996698139904117 -0.00872955246703665 -3.550147226616219 -0.006026178010782181 0.008586270833193565 0.9999449790522278 204.52822128236483
0.9997305785620759 0.02256626498246825 0.005434516784206659 -0.07734781599137475 -0.022520873484016466 0.9997121373142668 -0.008273618558897031 -3.587986890400173 -0.005619657058373203 0.008148999403744344 0.9999510054313976 205.96580813996346
0.9998038581230771 0.01938171762444715 0.004073610700092504 -0.061892463083753305 -0.01934689769102798 0.9997773757371384 -0.008420006763317538 -3.6163758316913177 -0.004235898008995539 0.008339543517939682 0.9999562536341121 207.41356247214273
0.9998412757897802 0.017550309334573962 0.0030675510306022204 -0.04622512809086503 -0.01752192188231015 0.9998055375126637 -0.009048171780226653 -3.6547182219490915 -0.0032257527206538948 0.008992986226778863 0.9999543593175185 208.86274168267408
0.9998371437610397 0.01786551920165804 0.00255130935423374 -0.05174277892933233 -0.01784104440813622 0.9997974568289343 -0.009313562842579592 -3.7006593291435474 -0.0027171842397464875 0.009266528047276111 0.9999533730968434 210.31749542324903
0.9998101110583706 0.019339086358888754 0.002396156140946234 -0.05892110842950568 -0.019316326642139968 0.999771250022747 -0.009182981705756854 -3.7349526008237617 -0.0025731984965229895 0.009134953024375825 0.9999549646272768 211.77919312788396
0.9997827180316833 0.02072682834996893 0.00221705023178275 -0.048977260313441046 -0.020707549499562408 0.9997503603667723 -0.008391325296538535 -3.7698304862811383 -0.0023904223272259413 0.00834359233544382 0.9999623344646718 213.23952150129855
0.9998040888567786 0.01971741927225058 0.0017341518124140292 -0.05098824219321882 -0.019701217034105937 0.9997662054869753 -0.008910466516987873 -3.804313862321136 -0.0019094377814621421 0.008874555956079609 0.9999587973031387 214.70846999314898
0.9998083113147213 0.019538608445549353 0.0012583346201943207 -0.042966063977293835 -0.019525316194658117 0.9997610609288923 -0.00982766899292695 -3.8457726361264566 -0.001450052931274107 0.009801215758640538 0.9999509155534324 216.18041040125846
0.999818679282369 0.01901489321725311 0.001020976980630905 -0.042728841850751965 -0.019003740788002498 0.9997693722553368 -0.010003006359696951 -3.8914964792177495 -0.001210947612793435 0.009981790225515055 0.9999494474571059 217.6550512663413
0.9998069716607203 0.019639334090118126 0.0005621166386713512 -0.04145473529707688 -0.01963256031257794 0.999754926801593 -0.010229805057495359 -3.9252669703214673 -0.0007628854381495569 0.01021679462640269 0.9999475161794087 219.135387156376
0.9997928279961102 0.020350287675323056 0.0004085083488704698 -0.045391100586572 -0.02034482318788048 0.9997369384510184 -0.010589715106569478 -3.9632863396991374 -0.0006239046348495953 0.010579210183941822 0.9999438439506937 220.61255478512558
0.9997895672589253 0.020513880752853268 4.3550747372852856e-05 -0.03730887503528175 -0.020512219384788234 0.999731482874355 -0.010780120859874214 -4.00571104550051 -0.00026468116707190694 0.010776959047008218 0.9999418918605107 222.09841048793632
0.9997794387052001 0.020996743166479263 -0.00045904108212497 -0.04932215951793677 -0.02100050947871173 0.9997196168757211 -0.010939206346703222 -4.046553149973113 0.00022922466864558618 0.010946433677783753 0.9999400597264756 223.58218024889803
0.9997817741926436 0.020871903142047604 -0.0008761571995153231 -0.04659811183838362 -0.020880375843675043 0.9997198888944612 -0.011142425834303488 -4.083126883975814 0.0006433481453727427 0.011158288761054087 0.9999375373967553 225.07150816565772
0.9997700810361191 0.021402499990743822 -0.0013107475644344208 -0.041900708255074304 -0.021415914017139152 0.9997072761066726 -0.011257030078454114 -4.116842620286575 0.0010694352911545118 0.011282512730900357 0.9999357785451192 226.56155693055
0.9997886122346311 0.020512263485352886 -0.001406375717057911 -0.051517833404635435 -0.02052688609131515 0.9997252167148369 -0.011319806176190663 -4.1556017636255715 0.0011737944216292917 0.011346281821804468 0.999934939931331 228.0524458491109
0.9998135543257456 0.019214447052201683 -0.0019135336414599464 -0.02708820410072128 -0.01923553642669519 0.9997466229702535 -0.01169119317909904 -4.191325883359182 0.0016884089836729343 0.011725821252768085 0.9999298247332413 229.54296103414464
0.9998339761685685 0.018114267349649736 -0.0019731744309805558 -0.027093551113317453 -0.01813625420346934 0.9997663389737248 -0.011761961509126206 -4.216583210683673 0.001759654061685637 0.011795794736279508 0.9999288788929548 231.03724108280613
0.9998584372665064 0.016712569325674515 -0.0019481923706968565 -0.02973084412549046 -0.016732911558318134 0.9998001407438595 -0.010940212033599272 -4.2608753830509025 0.0017649639543699464 0.010971262237916404 0.9999382562474272 232.53350963394325
0.9998571755559195 0.016785572989192192 -0.0019680012100306474 -0.03541560061418975 -0.016805917929523607 0.9998001988422067 -0.010822361924729703 -4.3006750971543655 0.001785948455107582 0.010853890293725294 0.9999394998966717 234.02894341587037
0.9998529931017894 0.017014993283048983 -0.002117118081217559 -0.037322842202769324 -0.017037593078389264 0.9997925797750354 -0.011158756600728455 -4.339467114385776 0.001926812779500529 0.011193186782899538 0.9999354979008168 235.52999946962626
0.9998452580137989 0.017519386150598913 -0.001590954501269108 -0.054992202704444895 -0.017536636052081573 0.9997793110108462 -0.01156700785226493 -4.385682285328935 0.001387956517957806 0.011593117940559781 0.9999318342732765 237.03516920393852
0.999827025861525 0.018569060089320275 -0.001052788818019032 -0.06738965507557239 -0.01857935747218905 0.9997690328763701 -0.010802239460782416 -4.427093907407959 0.0008519582247676616 0.010819931092510924 0.9999410998945565 238.5402153717039
0.999823092654502 0.018801914427420716 -0.000520968952902803 -0.07061869527401178 -0.018805697496840097 0.9997862589199104 -0.008589657536075187 -4.468892569115455 0.00035935559448219996 0.008597935147095413 0.9999629725018631 240.0503747539619
0.999829084231353 0.018487447643100063 -0.00012885936749944144 -0.06995491857534814 -0.018487883721384536 0.9997958304318076 -0.008154483838748852 -4.507209658349823 -2.1922534687147667e-05 0.008155472445878519 0.9999667433412901 241.56108116366397
0.999819973004884 0.01896753640855593 0.0005041260773893225 -0.07670286156453246 -0.018961676678065593 0.9997720144121736 -0.00981702682999607 -4.546438337633499 -0.000690215957730738 0.009805700424470603 0.9999516847533764 243.07699700422754
0.9998148856237782 0.019180286812836435 0.0015202246173853463 -0.10155628248578744 -0.019162919671252054 0.9997589442633386 -0.010716150200863481 -4.595401945839723 -0.0017253969929020994 0.010685034545178478 0.9999414248054651 244.59101046615052
0.9997838293799 0.020713954142808452 0.001796277882541902 -0.09323757948832687 -0.02069425214457765 0.999732078964427 -0.01036909917210467 -4.633474646594552 -0.002010581666664415 0.010329685050083836 0.9999446260509259 246.11185383894406
0.9997905546181376 0.020423184533039394 0.0013192535331917605 -0.08490024767647054 -0.020409767309909118 0.9997466698522958 -0.009488810125588713 -4.666608304938502 -0.0015127110466929797 0.009459897080493447 0.9999541099733097 247.6363238187067
0.99978020613808 0.02093453975890276 0.001133340010735913 -0.08475330693924374 -0.020923449411491983 0.9997401744123527 -0.009043944420594549 -4.707232432676254 -0.0013223763540516533 0.009018243234742823 0.9999584604421002 249.15651140855894
0.9997789564631959 0.020996113097170307 0.001096105913057072 -0.09776669299295045 -0.02098550095959541 0.9997398877142811 -0.008931162438944646 -4.74719510770395 -0.0012833404990997197 0.008906185931521208 0.999959515625165 250.68440772180892
0.999747733748428 0.02242216852731578 0.001309665382457881 -0.10312016017252326 -0.02241002356462493 0.9997114450379008 -0.008649711212801172 -4.785253994460205 -0.0015032327545389434 0.008618179550493812 0.9999617329040743 252.21181923628248
0.9997103627749266 0.024001135817336625 0.0017708867556425986 -0.09984220775404357 -0.02398468011254252 0.9996736624338465 -0.008792255455705566 -4.821408503016546 -0.0019813329661017517 0.00874723473888376 0.9999597792931966 253.74448737150493
0.9997051189075409 0.024218403624021674 0.0017731767995467394 -0.10142323231110634 -0.02420241582453267 0.9996705833677617 -0.008542120194364764 -4.854800149581456 -0.0019794692002889657 0.008496686122397035 0.9999619432891538 255.27579435317114
0.9997411627637827 0.022688423389694092 0.0016860960259428438 -0.10615563304087748 -0.022673497838136922 0.9997076435561949 -0.008398804147234788 -4.888669624789183 -0.0018761587093642296 0.00835840052938283 0.9999633079113882 256.8101490546129
0.9997885907143492 0.020501886592740496 0.001564136679787684 -0.11710945938986189 -0.02048915167250838 0.999759925761408 -0.0077643741077027635 -4.9170265656662195 -0.0017229454882848076 0.007730684813250577 0.9999686334936515 258.3482857859944
0.9998375213189797 0.017951887905359634 0.0016311601242210683 -0.1155212288425408 -0.017939970438319686 0.9998142207562806 -0.0070485058120919285 -4.950259250652906 -0.0017573910747656213 0.007018097615755878 0.999973828598761 259.8872606331984
0.9998591711888998 0.01673057121853504 0.0013136879943378553 -0.12151217895122901 -0.016719607524700725 0.9998285726777089 -0.007954871556140504 -4.9853030264347105 -0.0014465523374268105 0.007931786933361704 0.9999674965929528 261.42195867283283
0.999873158512875 0.015889565951035786 0.00109021987385631 -0.12178885295137228 -0.015879110016475562 0.9998333320649245 -0.009008993119893815 -5.023963744743959 -0.0012331871594919842 0.008990538684490023 0.999958823884059 262.9595748114282
0.9999045024452217 0.013730642680000637 0.0015669848009194289 -0.11983323259707176 -0.013719026762620991 0.9998799858376524 -0.007197376326281396 -5.056985592002437 -0.0016656213431206022 0.007175191488021118 0.9999728707983281 264.49770075282623
0.9999341890668706 0.011343114460163149 0.0017179317571008657 -0.11458020260405592 -0.011333497541691233 0.9999206042976192 -0.00550789747147549 -5.090163981829267 -0.0017802720721559406 0.0054880648162575485 0.9999833557494444 266.04357589940923
0.9999450637873254 0.010363900919177127 0.0015681087645854556 -0.10149836853269452 -0.010353472807424888 0.9999251566315767 -0.0065181850343893205 -5.1183611540063385 -0.0016355452259124786 0.006501591578536928 0.9999775268968589 267.58469212740323
0.9999503153919357 0.009798528114215152 0.0018318281474590655 -0.09109200636600764 -0.009784289526668507 0.9999230480333287 -0.0076266434422826495 -5.145272793455548 -0.001906417064866584 0.007608341378534656 0.9999692388845973 269.12445361416434
0.9999442259885515 0.010286233948697945 0.0023954755912051514 -0.09047671673663701 -0.010267056666358316 0.9999162047857812 -0.007884856004333534 -5.182510493466552 -0.0024763803353269843 0.007859821750646786 0.9999660447947626 270.6639592812457
0.9999177636302831 0.012376149096597181 0.0033610876440512364 -0.09540129891378293 -0.012349544035130512 0.999893129216148 -0.007824251303712778 -5.22189885948704 -0.003457562542683897 0.007782099965823723 0.99996374143335 272.2053814572452
0.9998814511948401 0.014712090592099224 0.004542900715321493 -0.09678804466014372 -0.014675128084781884 0.999859786763926 -0.008065198577323308 -5.2728041139976245 -0.004660919672623666 0.007997574807794856 0.9999571563947113 273.7515591591382
0.9998813421184493 0.014467626005435332 0.0052905085931419 -0.10658768019059961 -0.01442339556267654 0.999861486325325 -0.008305048088623625 -5.292180566939335 -0.0054099301150589175 0.008227755531044658 0.9999515171722425 275.29416245986147
0.9998409095716188 0.016579191101953765 0.0065792073536196675 -0.0907030102550318 -0.016522436323729715 0.9998266043579815 -0.00858896477559235 -5.346733348286963 -0.006720464636118895 0.008478893818946103 0.9999414701444679 276.84029989727725
0.9998376978988391 0.016496653390414347 0.007241428537604426 -0.08663623423304864 -0.01642895224322148 0.9998216802440975 -0.009311135379708605 -5.380876934735577 -0.007393739820865272 0.009190655079255334 0.9999304298153315 278.3822227092128
0.9998427797108801 0.015707336476650444 0.008227723915445836 -0.0840917537035421 -0.01562645337245449 0.9998298304498145 -0.00980428975976292 -5.419128323601136 -0.00838032308553907 0.009674178182366147 0.999918086875858 279.93250850944474
0.9998519652169818 0.01474384987500649 0.00886941613645496 -0.06810380872235564 -0.014658255709199887 0.9998460978481654 -0.009639302742439572 -5.45021949875937 -0.009010171546760119 0.009507865620630239 0.9999142049696244 281.48331930522176
0.9998612617059751 0.013608017654489067 0.009606206079915124 -0.06745908364131953 -0.013523912186463836 0.9998701163457555 -0.008766654886439053 -5.485920425992475 -0.009724255185231283 0.008635525128225975 0.9999154297073579 283.03743018679444
0.9998721328731605 0.012604991953839316 0.009840329339990243 -0.05491766369574158 -0.012521590697281183 0.9998855451183027 -0.008491550499402792 -5.527909754567266 -0.009946238991980159 0.008367248132916255 0.9999155271764684 284.58792243340486
0.9998748158019874 0.012334354855510245 0.00991041952890558 -0.03151229947430266 -0.012224835648088583 0.9998643650548585 -0.011036525124390791 -5.563782592535281 -0.010045203746952227 0.010913990275899808 0.9998899832971314 286.13272061403893
0.9998948889487808 0.010941582239947857 0.009512772056072767 -0.0061153942241667925 -0.010815909648365814 0.9998548586334227 -0.013163501267373213 -5.609829869061866 -0.009655420891019029 0.01305922835485333 0.9998681060030823 287.6868797771369
0.9998976746389067 0.011445024836018903 0.008582054428215741 0.012855384470906363 -0.01133035563980756 0.9998474458783205 -0.013293156572984795 -5.655509299575706 -0.008732885707566942 0.01319455861714661 0.999874812329081 289.24033446980127
0.9999162151717372 0.010388814686351715 0.007722380853057557 0.024960835841135197 -0.010284345865247879 0.9998566968783769 -0.013446856048342021 -5.692529719139978 -0.007860971107375029 0.013366309770221413 0.9998797662201058 290.79699858860283
0.9999206011556968 0.010750487155156157 0.006574071064077513 0.045380696956007355 -0.01065783408907031 0.9998456133825777 -0.013969966791157258 -5.7426827249167545 -0.006723240064029334 0.013898792233248476 0.9998808037048698 292.35538243850175
0.9999187879098532 0.011121659666523032 0.006223043560092444 0.039832370265859215 -0.011032476646465051 0.9998385015892133 -0.014186444194405373 -5.79581771917057 -0.006379815352655356 0.014116636500874058 0.9998800020652308 293.91735498541914
0.9999242244295153 0.011028898164690952 0.005468894248763321 0.051791281433456175 -0.010953232930093464 0.9998464618910056 -0.013677694704005337 -5.842974857289831 -0.005618904467100106 0.01361675619630959 0.9998915000455187 295.4862176097186
0.9999331962254085 0.010543916854186701 0.004735916364289806 0.04800787328753063 -0.010479982995618272 0.9998562621801983 -0.013327600513705757 -5.900648435833772 -0.004875760745678979 0.013277077856718916 0.9998999680771748 297.05729301062036
0.9999388118399931 0.010275152139940512 0.004098026906079613 0.04396225125147472 -0.01022493671209942 0.9998746111818757 -0.012091839526113179 -5.938171630233147 -0.004221758550111581 0.012049197582942485 0.9999184934745179 298.6350759004364
0.9999176288904685 0.012304498781911082 0.0036516768460530193 0.04851481461641466 -0.01226431405663655 0.9998661392940215 -0.010830055123933464 -5.9788345892242845 -0.003784446430092658 0.010784377728603438 0.9999346854481158 300.2213970937673
0.999913257262891 0.01257463719090969 0.003918730589238674 0.07480081532948207 -0.012530837929888334 0.9998608924472591 -0.011007899679063083 -6.013612202701524 -0.004056605808914488 0.01095783984581062 0.9999317325173865 301.8055404997644
0.9998994718459965 0.01328661992556532 0.004950952741595049 0.07529600898216254 -0.01323064518705056 0.9998500558610119 -0.0111721001904072 -6.060026024522026 -0.005098649824249103 0.011105472780736977 0.9999253333345863 303.39718792674006
0.9999127327710624 0.012021475663683025 0.005478226462289691 0.0743308104533867 -0.011958049363602855 0.999862744939745 -0.011467185224574974 -6.097164066886702 -0.005615327036094484 0.01140067561263581 0.999919243088086 304.9935968657271
0.9999315538778212 0.01013201575337206 0.005850625287803283 0.06924128517451579 -0.01005896111603809 0.999872720116134 -0.012383895543322749 -6.139173627995961 -0.005975354445628956 0.01232419670142097 0.9999062002582599 306.5925891333251
0.9999447484334216 0.008234077842365699 0.006534526953474045 0.04296500338025276 -0.008140836528055678 0.999866465813378 -0.014169591472136908 -6.188883301837071 -0.00665032788990828 0.01411561206429403 0.9998782539064467 308.19502643326
0.9999510959154294 0.007735652428890804 0.00616161172338681 0.05099898659619253 -0.007640954931586088 0.9998545617793312 -0.01524700287905792 -6.229828599285998 -0.006278661104395834 0.015199176640855483 0.9998647725788593 309.8024256527159
0.999958444007924 0.00814689496810783 0.00409125404110511 0.03991019109200732 -0.00807959504234971 0.9998360410502065 -0.016205281885864627 -6.278339207901652 -0.004222605972841739 0.016171552783431607 0.9998603154838024 311.41640676085353
0.9999551077058821 0.00924773411244403 0.0020644579680275544 0.03753281943636074 -0.009214619260950492 0.9998372259331273 -0.015511686891604698 -6.320817450562004 -0.0022075698838170906 0.015491967342238988 0.9998775552951837 313.02786909683846
0.9999399551682548 0.010841353228768672 0.0015972220497208396 0.043654091207540414 -0.010820921250808913 0.9998659350028927 -0.012289006634949967 -6.368017406792886 -0.001730237379911355 0.012270985329594277 0.9999232116505987 314.6515052966235
0.9999530371555136 0.009392965064349348 0.002386564636141648 0.028115592875662072 -0.009370318432046667 0.9999125747559612 -0.009329521819761141 -6.401607891713079 -0.0024739878626658194 0.009306720808279578 0.9999536310908873 316.27864421233875
0.9999625640562747 0.008320140654607497 0.002376077752673309 0.037034716649680915 -0.008299442019566828 0.9999286444634935 -0.008592161751454636 -6.446829468927749 -0.002447396200669565 0.008572119976228632 0.9999602637159879 317.90732683869936
0.9999714342337899 0.007055073070676046 0.002712316423860612 0.03578853030154066 -0.007028505155588777 0.9999284161775363 -0.009683110861731842 -6.4912859162800665 -0.0027804373205640425 0.009663770726282194 0.9999494390736234 319.53551840575267
0.9999750554908232 0.006496083443571429 0.0027729579905960773 0.059053366614522596 -0.006468700368485334 0.9999313261640135 -0.009772352399454268 -6.536666173103113 -0.0028362495775604876 0.009754171198544702 0.9999484045852371 321.16497591982403
0.9999750131960781 0.006504773934665095 0.0027678330081134066 0.07093804208562104 -0.006478401361187063 0.999934523732102 -0.009432844982130248 -6.579851630770207 -0.002829010304907184 0.009414678152355058 0.9999516791005354 322.7963735068648
0.9999710686831125 0.0068041894074793025 0.0034007062883574276 0.06689600918917556 -0.006771605732091998 0.9999319184343176 -0.009502833896977814 -6.622068248358944 -0.003465133844691556 0.009479530725283736 0.9999490643751134 324.4221609903224
0.9999590285798594 0.008316536233236088 0.0035744071821695385 0.07786348919329693 -0.008278780041291683 0.9999111151281174 -0.010451011638694283 -6.666715094640859 -0.003661005688412048 0.010420991715066476 0.9999389981238965 326.05047608028883
0.9999508082727564 0.008971228281624034 0.004230614350061813 0.08074692400440064 -0.008923389835653436 0.9998975269104554 -0.011194140976226091 -6.702327749545787 -0.00433060602005285 0.011155838896006706 0.9999283939913015 327.6800999492255
0.9999584260236802 0.007605886966100621 0.0050295832532803115 0.08082754155856242 -0.007558587102263661 0.9999276507919698 -0.009357400422640905 -6.742699959710192 -0.0051003906968260715 0.00931899485518945 0.9999435695826174 329.30663662869654
0.9999628974614785 0.006860636689804015 0.005209161607589761 0.08918455962854314 -0.006816193930723468 0.9999406259505683 -0.008502004109855152 -6.788416129935081 -0.005267181479903583 0.008466182008186473 0.9999502890451406 330.93302047569154
0.9999683755163113 0.006065369423802083 0.00514385662911563 0.09499226381877311 -0.006014037940904298 0.9999325452155469 -0.009936617452803179 -6.82231871792277 -0.005203778907049386 0.009905367863476677 0.9999374002269212 332.5515676855137
0.999957934876133 0.007602662854691395 0.005131081345663014 0.09451278789785805 -0.007552078474665548 0.9999233931623698 -0.009806830138476077 -6.869290525487011 -0.005205246292963236 0.00976766728396935 0.999938747167474 334.17132204784986
0.9999441536243251 0.009401127448173405 0.004827881029406034 0.10729537486302776 -0.009343487613625637 0.9998864177166646 -0.011825857472057095 -6.912935229896115 -0.004938509060933419 0.011780087794179845 0.9999184170020146 335.78421692994925
0.9999332621676366 0.010847855373551308 0.003974323160219951 0.11355102344946776 -0.010787896162703757 0.9998321342393118 -0.014809613055215047 -6.957145525766087 -0.004134308548000301 0.014765750108172243 0.9998824331473032 337.3914468333599
0.9999212868051469 0.012188171068221447 0.0029780328993724414 0.1239905483319832 -0.012144165431825081 0.9998229506121904 -0.014373123359159228 -7.003746641330466 -0.003152687726756429 0.014335826280508375 0.9998922665192239 339.00263159984144
0.9999134763999452 0.01299878513580391 0.002017745962273212 0.12388346800732587 -0.012976190769387618 0.9998571138941148 -0.010833755971369293 -7.051474544675097 -0.0021582833204951656 0.010806635939270079 0.9999392773727727 340.61000389711614
0.9998994743519328 0.014147788354570411 0.0009387626970461249 0.11733977496091864 -0.014139875107582828 0.9998683466365119 -0.007959480278853497 -7.100215127213566 -0.0010512481481767197 0.007945406159648474 0.9999678821833665 342.2270454914952
0.9998948525765234 0.01448878834663388 -0.0005990018509312996 0.11828871193841453 -0.014493692579978606 0.9998525451453151 -0.009209823116228344 -7.139834998470492 0.0004654743473598576 0.009217536475739418 0.9999574092704892 343.83338719124146
0.9998984084497285 0.014039254274854725 -0.0024641670203483204 0.11311029554418216 -0.014065264710370623 0.9998419258360434 -0.010876197363910467 -7.176131366552944 0.0023110837988716965 0.010909751595591159 0.9999378161724835 345.4328457808636
0.999902576142577 0.013235732982331687 -0.0044332376268983184 0.12650333807502073 -0.01327806681647375 0.9998651804684154 -0.009659908305973464 -7.216972691409879 0.004304783972906792 0.009717832025867387 0.9999435146925361 347.03536229801654
0.9999175339521229 0.011677544162451968 -0.005344179772189336 0.11089361837665479 -0.011727247488591426 0.999887372273781 -0.009365598420508074 -7.25125714636824 0.005234210680210222 0.009427498595432493 0.9999418609643197 348.634911547709
0.9999195255922979 0.011103780714966234 -0.006135828640569438 0.10696237480702601 -0.011165530385426257 0.9998864226461236 -0.010122881958662792 -7.296312038544598 0.006022729487916551 0.010190577106859128 0.999929936979458 350.2326425914889
0.9999228306322204 0.0106144341805747 -0.0064549645601379695 0.09538317079122086 -0.010687109222824797 0.999878695503084 -0.011330488758652951 -7.327753426599583 0.0063339148167473845 0.011398599303282613 0.9999149731137221 351.82733118904923
0.9999228229243824 0.01075156864389648 -0.006225107760389666 0.07400516727269171 -0.010823087268857064 0.9998744743915853 -0.011571354377131485 -7.37129175740507 0.00609991613906247 0.011637836218388601 0.9999136721693771 353.4255641168939
0.9999319043123833 0.009993626558369271 -0.006026123664594791 0.04456812897754506 -0.010064388374807784 0.999879386455688 -0.01182880499616583 -7.410105185739089 0.005907184172698148 0.01188864875451118 0.9999118787202901 355.01681265507926
0.9999313009982449 0.009847058177499687 -0.006358359002504295 0.05134703641625699 -0.009926781581458457 0.9998709505556211 -0.012630963638297339 -7.455880221106845 0.006233160626024135 0.012693213944738683 0.9999000100151823 356.6095531427744
0.9999346149993855 0.00929511490092462 -0.006660823147918902 0.039398006142554225 -0.009383617739654538 0.999866434695594 -0.013381348483504578 -7.4977478301478895 0.006535552321364532 0.013442976162277418 0.9998882802332236 358.20048282908067
0.9999422537084544 0.008458604103195742 -0.006628820791144906 0.02689085571586892 -0.008545325732844838 0.999876819166326 -0.013165253584698954 -7.543829971108942 0.006516644579482898 0.013221138773012309 0.9998913615153239 359.7909391725951
0.9999391070256385 0.00883233419741766 -0.006616049681827431 0.01605020606391553 -0.008924544067312636 0.9998616071055532 -0.014039912730879279 -7.591222010096318 0.0064911288662209575 0.014098103025770463 0.999879547114109 361.38188642834047
0.9999526056318002 0.0069965188297307955 -0.006770170931188939 0.003184755925269501 -0.0070993812985537435 0.9998578873560792 -0.015290646716724995 -7.637175186963332 0.006662227506626248 0.015337986051081533 0.9998601706781531 362.9669565406185
0.9999602207790569 0.00557222388312352 -0.006964709649024533 -0.004287584860247949 -0.005666633364866233 0.9998913227893528 -0.013609991802587155 -7.681786947895476 0.006888114822435924 0.013648916863790128 0.9998831236412768 364.5645148132739
0.999967080549444 0.0041404752476056255 -0.0069781288426424525 -0.022282380975116613 -0.004230811062365988 0.9999067937734099 -0.012980909195195935 -7.727145322443004 0.006923731304370716 0.013010005015499732 0.9998913949596326 366.16141772787637
0.9999689543708463 0.003508373333140863 -0.0070556084805312065 -0.026065672018500595 -0.003605704615204628 0.999897862501966 -0.013829803260616015 -7.781081817731064 0.007006367725372207 0.013854814345734198 0.9998794702016541 367.75821657415037
0.9999651576075504 0.0044453096873382355 -0.007065606321414798 -0.03309829206303384 -0.0045468678973393266 0.9998856431601538 -0.014423127071816833 -7.829757437533694 0.0070006830545106405 0.014454750914121281 0.999871016988081 369.3636099298242
0.9999613690005988 0.005575208449538363 -0.006795407065887504 -0.04460884679976035 -0.005666578330292269 0.9998927929772924 -0.013501571837993984 -7.880405602404328 0.006719404473135064 0.013539556965205625 0.9998857584747923 370.95197815701016
0.9999541087226794 0.007106518659335653 -0.0064247833562706734 -0.051508008825291024 -0.0071866603127165385 0.9998955696831171 -0.01253800788102773 -7.934933420798134 0.006335010827151859 0.012583605231395486 0.9999007553338474 372.59186390392034
0.9999493101629511 0.008059607313074351 -0.006034884803866375 -0.06260784348250222 -0.008136835933152701 0.9998838937264681 -0.012883748188873752 -7.983457563283393 0.005930346164758166 0.012932199981302187 0.999898789477219 374.2015102373454
0.9999525804348712 0.008051396928379969 -0.005478310792820361 -0.08985416605445817 -0.008125918047328099 0.9998728650052943 -0.013719449041159515 -8.035078844618434 0.005367153577938079 0.013763314775392598 0.9998908764604578 375.7567469703149
0.9999521814902794 0.008078010864175183 -0.005511848447500996 -0.09337952586933922 -0.008154369525212778 0.999869099148016 -0.013974649426070383 -8.08002546739506 0.005398239571956791 0.014018926828169024 0.9998871579833938 377.3627175006281
0.999952476972527 0.00823037065872044 -0.005225399059088962 -0.11676322277686306 -0.008303770207472277 0.9998649227234665 -0.014183924264402703 -8.125155227776256 0.005107954272324419 0.014226640714409393 0.9998857492219463 378.967915228313
0.9999424685752989 0.009537687839691918 -0.004908365329578783 -0.13551945473168264 -0.009606863572624382 0.9998520506525636 -0.01426832078980277 -8.169277540460932 0.004771552350441972 0.014314653909065642 0.999886155005473 380.5817807095619
0.9999249278875381 0.01128772940684486 -0.0047671536516184386 -0.1335200387297974 -0.011352795391558278 0.9998396364888045 -0.013849741612489272 -8.212166348268331 0.004610057038444381 0.01390282240313645 0.999892723697561 382.1947531245404
0.9999017372588429 0.013269720266391167 -0.004519994557278584 -0.13388027984238926 -0.013334467887400996 0.9998043628543662 -0.014609174635643308 -8.264322482186504 0.004325250617707676 0.014668010820372956 0.9998830639958182 383.81495784516784
0.9998820559951601 0.014935614661115537 -0.003577920287571407 -0.16557187935621023 -0.014988661454889548 0.9997707675100284 -0.015288965308341841 -8.319468491838416 0.0033487500175827956 0.015340790302446615 0.9998767154135625 385.42453739668224
0.9998573398821232 0.016668673721749766 -0.002730421249576005 -0.18646112303080917 -0.016708508590172914 0.9997436188209388 -0.015281438659550804 -8.373177949957457 0.002474999905942106 0.015324879874613739 0.999879503956498 387.0405730351817
0.9998358025049779 0.017982484356666113 -0.0022356845902670288 -0.20179726443202767 -0.018012902930624273 0.9997336916607878 -0.014425015989754708 -8.422751104747002 0.0019756915844367155 0.014462918607771632 0.9998934546380962 388.65802521576796
0.9998193962897596 0.018920240586746958 -0.0017886584130616166 -0.23209817973712815 -0.018943535955761398 0.9997217716109744 -0.014054245355316304 -8.47731878161847 0.001522251054125436 0.01408559062142102 0.99989963440766 390.2773608178666
0.9997980385584927 0.020026013303223036 -0.0016854927375058114 -0.23046836055923478 -0.020048443217203865 0.9996931072763404 -0.014551673056449435 -8.530646248676197 0.0013935634738366674 0.014582525685023622 0.9998926982059066 391.906800060393
0.9997941649936211 0.02023555029544976 -0.0014663386193369305 -0.24385409393037794 -0.0202545616030458 0.9996914339738531 -0.014380179886557326 -8.57593384337155 0.001174895303704514 0.01440691998803505 0.9998955246811949 393.52850088723216
