1.0 0.0 0.0 0.0 0.0 1.0 0.0 0.0 0.0 0.0 1.0 0.0
0.9999999999 -9.999949999495864e-06 -1.0000049999504138e-05 -0.4964903332472847 1.0000049999504138e-05 0.9999999999 9.999949999495864e-06 -0.4964903332472847 9.999949999495864e-06 -1.0000049999504138e-05 0.9999999999 0.4964903332472847
0.999999999799998 2.0000000825053945e-10 -2.0000099996999987e-05 -0.9923468659370471 2.0000000825053945e-10 0.999999999800002 1.9999899997000014e-05 -0.0006387591067309053 2.0000099996999987e-05 -1.9999899997000014e-05 0.9999999996 0.9923220735736118
0.999999999499994 1.0000449997512293e-05 -3.000004999049582e-05 -1.4888440392514373 -9.999549997487709e-06 0.999999999500006 2.999994999050418e-05 0.4958633789969419 3.000034998850406e-05 -2.9999649988495944e-05 0.9999999990999999 1.488784492748255
0.9999999989999879 2.000079999001619e-05 -3.999989997699165e-05 -1.9847600388177722 -1.9999199989983815e-05 0.9999999990000119 4.0000099977008344e-05 0.9917942557618636 4.0000699971008005e-05 -3.9999299970991996e-05 0.9999999983999999 1.9846558608337588
0.9999999982999799 3.000124997451983e-05 -4.999964995348752e-05 -2.4812559100991693 -2.9998749974480176e-05 0.99999999830002 5.0000349953512473e-05 1.4883149515551344 5.000114994151172e-05 -4.999884994148828e-05 0.9999999974999998 2.481097118926706
0.9999999973999698 4.000179994802308e-05 -5.999929991698351e-05 -2.9771532512837364 -3.999819994797692e-05 0.99999999740003 6.000069991701648e-05 1.9842470053714807 6.000169989701506e-05 -5.9998299896984935e-05 0.9999999963999997 2.976929995308478
0.9999999962999577 5.000244990752578e-05 -6.999884986447972e-05 -3.4737085279447006 -4.999754990747422e-05 0.999999996300042 7.000114986452027e-05 2.480846972023726 7.000234983451787e-05 -6.999764983448212e-05 0.9999999950999997 3.4734107911276864
0.9999999949999437 6.000319985002773e-05 -7.99982997929763e-05 -3.969633462864016 -5.9996799849972265e-05 0.999999995000056 8.000169979302371e-05 2.976826458999949 8.000309975101994e-05 -7.999689975098003e-05 0.9999999935999997 3.9692514219488015
0.9999999934999277 7.000404977252871e-05 -8.999764969947338e-05 -4.4660550042839455 -6.999594977247128e-05 0.999999993500072 9.000234969952662e-05 3.4733125359319876 9.000394964352106e-05 -8.99960496434789e-05 0.9999999918999997 4.4655786472137615
0.9999999935998557 8.00048996810206e-05 -7.999689971897304e-05 -4.96263974350476 -7.999689971897304e-05 0.9999999918000879 0.0001000015996620258 3.969976730250555 8.000489968102059e-05 -9.999519951798683e-05 0.9999999918000877 4.962069038991022
0.9999999934997676 9.000564958151185e-05 -6.999604973047446e-05 -5.4583697601824595 -8.999794963947445e-05 0.9999999899001019 0.0001100007495965258 4.465805896253457 7.000594971251783e-05 -0.0001099944493804954 0.9999999915001937 5.45771478402688
0.9999999931996636 0.00010000629947100221 -5.999509973697788e-05 -5.954839070383303 -9.999909953097518e-05 0.9999999878001139 0.00011999979950002687 4.962394364997783 6.0007099741012484e-05 -0.00011999379922800481 0.9999999910003177 5.954109625402359
0.9999999946996756 9.000684947749874e-05 -4.999414973149055e-05 -5.458378416842848 -9.000034964747259e-05 0.9999999875001179 0.00012999884937953625 5.458850044863279 5.000584989351238e-05 -0.00012999434919950265 0.9999999903004416 6.450515669033651
0.9999999941995416 0.00010000729935898794 -3.999319971599612e-05 -4.962353980194799 -0.00010000169949497104 0.9999999852001239 0.00013999789923303758 5.95486950954556 4.0007199936002675e-05 -0.00013999389903301265 0.9999999894005656 6.946470662957324
0.9999999954995435 9.000764933748541e-05 -2.9992249692511327e-05 -4.468472088860825 -9.000314961946519e-05 0.9999999847001739 0.00014999694905854763 6.448746447705893 3.0005750106502128e-05 -0.00014999424898651503 0.9999999883006896 7.440268595277596
0.9999999965995395 8.00078992949826e-05 -1.9991399654026865e-05 -3.9701761867686196 -8.000469974095686e-05 0.9999999840002479 0.00015999609886305707 5.950430613926026 2.0004200286001028e-05 -0.0001599944989130203 0.9999999870007956 7.938709014378283
0.9999999974995295 7.000804923447942e-05 -9.99064960354299e-06 -3.467798519184073 -7.00063498624456e-05 0.9999999831003459 0.00016999534864356613 5.448052948701683 1.0002550477499838e-05 -0.00016999464880952837 0.9999999855008836 8.44122232919217
0.9999999967993515 8.000809910896546e-05 1.0100448947289787e-08 -2.9590560545247504 -8.000809963093828e-05 0.9999999806003239 0.00017999459839006785 5.956810651505512 4.300576981901858e-09 -0.00017999459862203651 0.9999999838009717 8.949842693273602
0.9999999958991654 9.000804896744919e-05 1.0010950493434416e-05 -2.4443553044304887 -9.000994936542796e-05 0.9999999779002919 0.00018999374809257178 6.471516522137376 -9.993849305539058e-06 -0.00018999464839854454 0.9999999819010776 9.464399329067318
0.9999999947989714 0.00010000789880693064 2.0011900526918133e-05 -1.9239894119338128 -0.00010001189906291406 0.99999997500025 0.0001999927977480782 6.991877182445642 -1.9991899167063596e-05 -0.00019999479813605244 0.9999999798012017 9.984598711612627
0.9999999934987693 0.00011000764862440983 3.001295054639816e-05 -1.4010486529876869 -0.00011001394872039599 0.999999971900198 0.00020999174735358736 7.5148022230351526 -2.9989849004592297e-05 -0.00020999504783156015 0.9999999775013437 10.507351225120956
0.9999999941987093 0.00010000729855091276 4.001400055986732e-05 -0.874132025239657 -0.00010001609891886836 0.999999970800436 0.00021999069691710642 8.04170301005832 -3.999199871608822e-05 -0.00021999469768508155 0.9999999750014857 11.034062371319504
0.9999999946986353 9.00068484614162e-05 5.001495057533499e-05 -0.34612996295473564 -9.001834911933365e-05 0.999999969500706 0.00022998974644662605 7.513743192530131 -4.999424839758377e-05 -0.00022999424749060732 0.9999999723016098 11.562185865982444
0.9999999949985473 8.000629835892031e-05 6.0015800589800895e-05 0.1838485991613238 -8.002069932479121e-05 0.999999968001008 0.00023998889593914653 6.983828232237718 -5.9996598046078276e-05 -0.00023999369724513758 0.9999999694017158 12.09227570879209
0.9999999934983252 9.000564813939462e-05 7.001665059227191e-05 0.7198026853577149 -9.002314887326158e-05 0.999999964700904 0.00024998804538366095 7.519787632408328 -6.999414778462115e-05 -0.00024999434687763856 0.9999999663018219 12.627983272730953
0.9999999917981012 0.00010000489789486676 8.001760057173838e-05 1.2600674586073675 -0.00010002569837872499 0.999999961200784 0.000259987094769179 8.060046955889952 -7.999159748416913e-05 -0.0002599950964531379 0.9999999630019459 13.167977938992882
0.9999999898978752 0.000110004047622337 9.001865052520002e-05 1.8010275360335117 -0.00011002834783818066 0.9999999575006481 0.0002699860440927009 8.600990756468683 -8.998894714172298e-05 -0.0002699959459686354 0.999999959502088 13.708645932928015
0.9999999877976472 0.00012000309731880557 0.0001000198004496565 2.3458508630016337 -0.0001200310972486278 0.9999999536004961 0.000279984893351227 9.145786793338766 -9.998619675428351e-05 -0.0002799968954211307 0.9999999558022481 14.253153308025201
0.9999999878974691 0.0001100020472363218 0.00011002095035410076 2.8923376175637396 -0.00011003394756405417 0.9999999519009781 0.00028998374255376447 9.692246171513037 -0.00010998904625676352 -0.00028999584508368476 0.9999999519024082 14.799306756619032
0.999999987797291 0.00010000319756185496 0.00012001990020660468 3.440179516309587 -0.00010003679785746547 0.999999955801164 0.0002799826926612808 9.144508361481908 -0.00011999189573723745 -0.0002799946956511963 0.9999999536024562 15.347236282842468
0.9999999874971349 9.000444787938827e-05 0.00013001895004510373 3.9902689338114623 -9.003954810287556e-05 0.9999999595013679 0.0002699817427027924 8.594534453585174 -0.0001299946452217171 -0.00026999344617471274 0.9999999551024642 15.897391682638174
0.9999999869970009 8.000579819192132e-05 0.00014001809986659817 4.544253289930587 -8.004219830328361e-05 0.9999999630015898 0.0002599808926812997 8.040677496321022 -0.00013999729470720164 -0.0002599920966572344 0.9999999564024322 16.451420328648258
0.9999999862968669 7.000434814044955e-05 0.00015001884978404505 5.10400779740429 -7.004484848769152e-05 0.9999999611022198 0.00026998014186683893 8.6004151526409 -0.00014999994416469502 -0.0002699906462148107 0.9999999523025324 17.010822242692136
0.9999999839966389 8.000279779991562e-05 0.00016001959967149642 5.667900719220612 -8.004759787913094e-05 0.9999999576019599 0.00027997939099837384 9.16429109670907 -0.00015999719375225707 -0.00027999219570228024 0.9999999480026325 17.574343053825594
0.999999981496419 9.000114742738076e-05 0.000170020449518942 6.233997824823302 -9.005044722655866e-05 0.9999999539016801 0.00028997854006591233 9.730359837164544 -0.00016999434327982565 -0.0002899938451177465 0.9999999435027446 18.140043963458062
0.999999980596213 7.999939740791917e-05 0.00018002129933237523 6.799882251629726 -8.00533974789381e-05 0.9999999518024181 0.00029997768907546346 9.164645146255097 -0.00017999729262130633 -0.00029999209457134084 0.9999999388028566 18.705945329437462
0.9999999794960069 7.000124781645457e-05 0.00019002054912986433 7.36575043691095 -7.005634771529857e-05 0.9999999555027399 0.0002899769389899658 8.598963659633279 -0.00019000024192677924 -0.0002899902451898857 0.9999999399027807 19.271813475739954
0.9999999781958269 6.0003198229989716e-05 0.0002000198988963474 7.934665621400248 -6.0059197908654514e-05 0.9999999590030838 0.0002799762888394627 8.030247545923121 -0.00020000309122325717 -0.00027998829576943857 0.9999999408026568 19.840705867393083
0.9999999754956028 7.000114779645476e-05 0.00021002054868678885 8.519469214693357 -7.006204724107097e-05 0.9999999555027179 0.0002899756378060118 7.445654424963617 -0.0002100002407138253 -0.00028999034516987945 0.9999999359027468 20.425474337101015
0.9999999725953929 7.999899732791997e-05 0.0002200212984282236 9.131543558391417 -8.0064996530473e-05 0.99999995180233 0.00029997488670756403 8.057685856557967 -0.00021999729013340074 -0.0002999924944913158 0.9999999308028449 21.037059131541195
0.9999999694951969 8.999674682138601e-05 0.00023002214811765147 9.734502043712535 -9.00680457738597e-05 0.9999999479019201 0.0003099740355411196 8.660590012365438 -0.0002299942394789844 -0.000309994743730747 0.999999925502951 21.639511257425866
0.9999999661950149 9.999439627385351e-05 0.00024002309775207216 10.338573600017753 -0.00010007119496823018 0.9999999438014884 0.00031997308430367876 9.26459506045307 -0.00023999108874757719 -0.0003199970928851724 0.9999999200030651 22.243051374797375
0.9999999626948468 0.00010999194568232322 0.0002500241473284854 10.936031537715262 -0.0001100744441105835 0.9999999395010346 0.0003299720329922418 9.861975272278382 -0.00024998783793618004 -0.00032999954195159133 0.9999999143031872 22.839959812520064
0.9999999589946929 0.00011998939504379586 0.0002600252968438909 11.535126272115624 -0.00012007779319791867 0.9999999350005588 0.0003399708816038091 10.460980089687586 -0.00025998448704179394 -0.0003400020909270029 0.9999999084033174 23.438479597623175
0.999999955094553 0.00012998674435527217 0.0002700265462952883 12.12724822597439 -0.00013008124222723468 0.9999999303000611 0.00034996963013538094 11.053001334672814 -0.0002699810360614199 -0.0003500047398084065 0.9999999023034556 24.03000962965432
0.999999953594135 0.0001199839945398646 0.0002800277956926721 12.718847501608167 -0.00012008479262552626 0.9999999280012012 0.0003599683785969671 11.644499988891075 -0.0002799845850868533 -0.0003600019889720818 0.9999998960035938 24.620999769767984
0.9999999518936769 0.00010998114472846763 0.0002900289450460534 13.30332232931685 -0.00011008844303579052 0.9999999255023894 0.00036996722699856086 12.228887089422775 -0.00028998823402027915 -0.0003699991380357686 0.9999998895037241 25.204861110427835
0.9999999499931788 9.997819492408214e-05 0.0003000299943524318 13.885138515499214 -0.00010009219346102636 0.9999999228036255 0.00037996617533716257 12.810627576940158 -0.0002999919828586964 -0.00037999618699646786 0.9999998828038464 25.78605496629093
0.9999999478926407 8.997514512970901e-05 0.00031003094360880707 14.464496838770259 -9.009604390423265e-05 0.9999999199049097 0.0003899652236097725 13.389922101781588 -0.0003099958315991039 -0.0003899931358511804 0.9999998759039608 26.36478200363692
0.9999999455920627 7.997199534834918e-05 0.0003200317928121789 15.042723848345306 -8.009999436840824e-05 0.9999999168062419 0.000399964371813391 13.968096995457728 -0.00031999978023850055 -0.00039998998459690716 0.9999998688040671 26.942367398117113
0.9999999414920369 8.996874446184164e-05 0.00033003264195155264 15.618608354569204 -9.010404315168035e-05 0.9999999119055822 0.00040996351993700833 14.543929595552997 -0.0003299957289741984 -0.0004099932332262487 0.9999998615041734 27.517595624537243
0.9999999389914189 7.997209538134659e-05 0.0003400317916500248 16.189442006481446 -8.010809363881538e-05 0.9999999168062739 0.0003999626697325192 13.973421205934224 -0.00033999977750857506 -0.00039998988462992065 0.9999998622041115 28.088326468537346
0.9999999362908429 6.99755463188542e-05 0.00035003104128848174 16.755383600285867 -7.011204406994085e-05 0.9999999215069975 0.0003899619194400184 13.407813386967927 -0.0003500037260149645 -0.00038998643598760836 0.9999998627039757 28.654143505982468
0.9999999333902669 5.9971996656536115e-05 0.000360031690374848 17.32368804035913 -6.011599448705217e-05 0.9999999182085217 0.0003999612674986573 13.976066603084012 -0.0003600076744513615 -0.00039998288452039205 0.9999998552040721 29.22178326840853
0.999999929090245 6.996834564903562e-05 0.00037003233938921623 17.89146564473315 -7.012004325530256e-05 0.9999999135077321 0.0004099606154772957 14.5437930303265 -0.00037000362311806034 -0.0004099865330906753 0.9999998475041685 29.788879791353914
0.9999999245902532 7.996459459054532e-05 0.000380033088322574 18.45670384638635 -8.012419196852421e-05 0.9999999086069085 0.0004199598633669387 15.108968983834867 -0.00037999947166977513 -0.00041999028154194565 0.999999839604269 30.35341737192844
0.9999999214895452 6.996074502526457e-05 0.00039003383717991694 19.018167490577515 -7.012844249457373e-05 0.9999999051085767 0.00042995911117259787 15.670370794870381 -0.0003900037199091297 -0.00042998642988177675 0.9999998315043694 30.914168243793583
0.9999999181887912 5.995679548500293e-05 0.00040003448596625705 19.575419497086408 -6.013279304958397e-05 0.999999901410295 0.00043995845889926863 15.113508691595836 -0.00040000806802746797 -0.000439982478096627 0.999999823204466 31.471258595079043
0.9999999146880373 4.996084666248057e-05 0.0004100339355426846 20.13292654765662 -5.0137143592559383e-05 0.9999999063112266 0.0004299579085107319 14.556408429273967 -0.0004100124160657964 -0.00042997842976040914 0.999999823504168 32.028587195317755
0.9999999107732768 4.499477624947409e-05 0.00042003440944830513 20.687701908576663 -4.5179573139983284e-05 0.999999902198127 0.00043995743096986997 15.111142078639393 -0.0004200145725817897 -0.0004399763686891837 0.9999998150042592 32.58263469669519
0.9999999060230037 5.499052498711171e-05 0.0004300349084590469 21.24440374696922 -5.518402170925745e-05 0.9999998972467372 0.0004499569281493659 15.667799257026994 -0.00043001012090365047 -0.0004499806169194484 0.9999998063043508 33.13858806207475
0.9999999010727681 6.498617367075714e-05 0.0004400355073782732 21.800942750767334 -6.518857022248884e-05 0.9999998920953079 0.00045995632523336235 16.22428248866686 -0.0004400055690945305 -0.00045998496501669663 0.9999997974044444 33.69435657619428
0.9999998959225701 7.498172229741168e-05 0.0004500362062029839 22.351895559303784 -7.519321867667609e-05 0.9999998867438392 0.0004699556222188594 16.775169071633353 -0.0004500009171514312 -0.000469989412977927 0.9999997883045402 34.244524617226176
0.9999998920720515 6.498627371575035e-05 0.0004600355053032311 22.896598908666768 -6.519786933494407e-05 0.9999998920953473 0.0004599549213689776 16.23089032728691 -0.000460005564906612 -0.0004599848650617178 0.9999997884043791 34.78902368690875
0.9999998880215855 5.4990925167084524e-05 0.00047003490431795893 23.431901733959258 -5.520241993418778e-05 0.999999897246895 0.0004499543204205741 15.696015461991635 -0.0004700101126158113 -0.00044998021709953344 0.9999997883041261 35.32410435856156
0.9999998837711719 4.4995676654412804e-05 0.0004800344032441677 23.96157274752723 -4.5206870477405855e-05 0.9999999021984821 0.00043995381937664925 15.166778476072892 -0.00048001456027602774 -0.0004399754690943752 0.9999997880037811 35.85353438227752
0.9999998784208928 5.499082511909271e-05 0.0004900349019878911 24.489087668505565 -5.5211319010565086e-05 0.9999998972468555 0.00044995331628317435 14.639701079409743 -0.0004900101083308811 -0.0004499803170515108 0.9999997787038788 36.380798751070415
0.9999998728706573 6.498587352378312e-05 0.0005000355006280963 25.009622692763983 -6.521586748767645e-05 0.9999998920951894 0.0004599527130941979 15.16015272634351 -0.0005000055562427565 -0.0004599852648696272 0.9999997692039726 36.90055074430929
0.9999998671204653 7.498082186548552e-05 0.000510036199161783 25.52105976679198 -7.522051590573857e-05 0.9999998867434838 0.00046995200980672015 14.6491398415596 -0.0005100009040086553 -0.0004699903125457229 0.9999997595040624 37.411744902598755
0.9999998618238417 7.691187629301207e-05 0.0005200354383431863 26.02432428592331 -7.715106953862874e-05 0.9999998912462736 0.0004599512490586771 14.146291757495051 -0.0005200000060735485 -0.00045999130679461676 0.999999759003966 37.9147633305663
0.9999998557543907 8.690662452267711e-05 0.0005300362560238356 26.51967330990366 -8.715571793236787e-05 0.9999998857752314 0.0004699504264100931 13.651351658311889 -0.0005299953536750288 -0.0004699965543122099 0.9999997491040499 38.40986318791752
0.999999849484984 9.690127268197165e-05 0.0005400371735897726 27.008135608726775 -9.716046626166937e-05 0.9999998801041508 0.0004799495036588149 13.16329259909723 -0.0005399906011235356 -0.00048000190168277903 0.9999997390041279 38.89807978421865
0.9999998430156217 0.00010689582076789726 0.000550038191037997 27.488296469815893 -0.00010716531452353183 0.9999998742330319 0.0004899484808018427 12.68352812454212 -0.00054998574841607 -0.0004900073489033227 0.9999997287041998 39.377999118510694
0.9999998363463037 0.00011689026877745559 0.0005600393083655086 27.961435811218553 -0.00011717026271495381 0.9999998681618748 0.0004999473578361769 12.21077937320799 -0.0005599807955496337 -0.0005000128959708391 0.9999997182042658 39.85090046502672
0.9999998294770301 0.00012688461670764831 0.0005700405255693069 28.42772958309489 -0.00012717531083293382 0.9999998618906795 0.0005099461347588177 12.67693143255366 -0.0005699757425212281 -0.0005100185428823267 0.9999997075043259 40.31637550171429
0.9999998224078009 0.0001368788645554771 0.0005800418426463916 28.887954329669093 -0.00013718045887447033 0.9999998554194459 0.0005199448115667656 13.137007115234262 -0.0005799705893278548 -0.0005200242896347837 0.99999969660438 40.7757737894675
0.999999815138616 0.00014687301231794368 0.0005900432595937622 29.338013878405963 -0.0001471857068365618 0.999999848748174 0.0005299433882570209 13.58691190008667 -0.0005899653359665153 -0.0005300301362252085 0.9999996855044282 41.22500716060289
0.9999998106069504 0.0001368789646144629 0.0006000418389628595 29.77480561675858 -0.00013719095774225007 0.9999998554194841 0.0005199419678526138 13.150485102634537 -0.000599970583089938 -0.0005200241896938117 0.9999996848050202 41.66157045767727
0.9999998058753585 0.0001268850169435916 0.0006100405182256173 30.198534383896803 -0.0001271961085685204 0.9999998618908325 0.0005099406473304847 12.727118815087897 -0.0006099757301454008 -0.0005100181431184385 0.9999996839055003 42.08506067874148
0.9999998009438403 0.00011689116930832793 0.0006200392973790362 30.611880699520785 -0.00011720115931837126 0.9999998681622191 0.0004999394266936342 12.314134342849401 -0.0006199807771299017 -0.000500011996502091 0.9999996828058685 42.49815777223513
0.9999997958123958 0.00010689742171167004 0.0006300381764201164 31.015014260333597 -0.00010720610999480111 0.9999998742336441 0.0004899383059450625 11.911361726692114 -0.0006299857240404395 -0.0004900057498477709 0.9999996815061247 42.90103215635895
0.999999788343066 0.00011689106924534453 0.0006400392932836027 31.407686221702427 -0.00011721105808447706 0.9999998681621808 0.000499937182571447 12.30389081319595 -0.0006399807707100155 -0.0005000120964390605 0.999999670206203 43.29296760618278
0.9999997806737886 0.00012688461669165804 0.0006500405100073708 31.788716311242197 -0.00012721610610070392 0.9999998618906792 0.0005099359590861361 12.68477465198188 -0.0006499757172016271 -0.0005100185428663167 0.9999996587062673 43.6732678048982
0.9999997753422685 0.00011689116931032663 0.0006600392889087752 32.154695566194235 -0.00011722115680367209 0.999999868162219 0.0004999347382493112 12.319130375609483 -0.0006599807639341345 -0.0005000119965040922 0.9999996572066376 44.038997143192105
0.9999997698108261 0.00010689782197159844 0.0006700381676898383 32.509299644156314 -0.00010722610743321573 0.9999998742337971 0.000489933617300764 11.964857937221305 -0.0006699857105846812 -0.0004900053501078976 0.9999996555068921 44.39334490079247
0.9999997640794615 9.69045746784715e-05 0.0006800371463475607 32.85383718834496 -9.723095799233339e-05 0.9999998801054135 0.0004799325962434949 11.62064948963166 -0.0006799905571502657 -0.00047999860368073505 0.9999996536070306 44.73761963243403
0.9999997562100733 0.00010689772190361831 0.0006900381629607455 33.19131990184362 -0.00010723580608512813 0.9999998742337588 0.0004899315726816162 11.95799592579329 -0.0006899857036078137 -0.0004900054500398639 0.9999996419071291 45.07444239748949
0.9999997481407435 0.00011689076903840615 0.0007000392794252085 33.52198341781668 -0.00011724075410746997 0.9999998681620659 0.0004999304490110403 12.288519313399975 -0.0006999807498783996 -0.0005000123962319574 0.9999996300072075 45.40444609701791
0.9999997422092176 0.00010688372118802615 0.0007100403957496554 33.84365685632531 -0.00010724580474410917 0.9999998642351998 0.0005099293252404865 12.610056435266747 -0.0007099857962069208 -0.0005100053426390451 0.9999996179072861 45.72546802252478
0.9999997360776101 9.687657338729923e-05 0.0007200414119428082 34.157856565704975 -9.725095541027855e-05 0.9999998601083955 0.0005199283013786578 12.924129274621434 -0.000719990942342406 -0.0005199981888731714 0.9999996056073848 46.03902507780501
0.9999997297459208 8.686932563922754e-05 0.0007300423280016669 34.46506874634696 -8.725620610897659e-05 0.9999998557816528 0.0005299273774225545 13.231223546579054 -0.0007299961882818538 -0.0005299909349313383 0.9999995931075035 46.34560275781468
0.9999997232141499 7.686197794681323e-05 0.0007400431439232311 34.76111383977062 -7.72615568432017e-05 0.999999851254972 0.000539926553369177 13.52716093400829 -0.0007400015340222625 -0.0005399835808105483 0.9999995804076424 46.641030499141536
0.9999997156609739 7.81798561191641e-05 0.0007500439163269418 35.05102818460846 -7.859233488345245e-05 0.9999998457024316 0.000549925772584677 13.816972317460218 -0.000750000807478827 -0.0005499845639219314 0.9999995675077901 46.93033284657675
0.9999997072787697 8.817230279080084e-05 0.0007600447452026891 35.332904432975646 -8.859788256234324e-05 0.9999998393172269 0.0005599249350589339 14.098745271699519 -0.0007599952532052841 -0.0005599921095120678 0.9999995544079263 47.21160403105386
