1.0 0.0 0.0 0.0 0.0 1.0 0.0 0.0 0.0 0.0 1.0 0.0
0.9999998573222317 -0.0004620405824331595 -0.0002680932979617412 -0.011139298539309091 0.000462480254965588 0.9999985445452193 0.001642260471679236 -0.016367787888661937 0.00026733411677924864 -0.0016423842252219693 0.9999986155523051 1.2281525141314233
0.9999987209406158 -0.0014548158952112198 -0.0006645508583258955 -0.012264624318969628 0.0014559551594327295 0.9999974659080325 0.0017170824345352107 -0.0341083703760322 0.0006620511354737753 -0.0017180477945356889 0.9999983049985984 2.43327556738881
0.9999959744325635 -0.002732454176123777 -0.0007647305689220487 -0.015211707537533137 0.002733058623403923 0.9999959527579284 0.0007904798061274784 -0.056508526427493815 0.0007625675240249385 -0.0007925666774736782 0.9999993951642338 3.695838320537078
0.9999948078426106 -0.003136839571073651 -0.0007379195927392475 -0.017671425099004837 0.003137389892283563 0.9999948002682956 0.0007458022762859836 -0.07191628970253204 0.0007355762936629061 -0.0007481135454347586 0.9999994496266683 4.953515216462605
0.9999928548750872 -0.0036487210768607866 -0.0009884499359695464 -0.016663824637090312 0.0036501207339185307 0.9999923330195548 0.0014179283252435846 -0.08453640569498586 0.0009832687325774 -0.0014215261555743154 0.9999985062218787 6.167650336713638
0.9999867498928354 -0.005084941100903948 -0.0008021301415509075 -0.025866669396979194 0.00508704237458269 0.9999835768650601 0.0026396969597690797 -0.10519990444603136 0.0007886942644946335 -0.0026437424535214844 0.9999961942863567 7.417660499401811
0.999988936057649 -0.004611102871112043 -0.0009303185491727118 -0.0313107433082983 0.00461405914882693 0.9999842319508881 0.0032009854362827074 -0.125504083090892 0.0009155438067284042 -0.003205242565577522 0.9999944440843829 8.683950737574659
0.9999924819607021 -0.0037611535146965403 -0.0009432636500992722 -0.048124067961369046 0.003762478886745401 0.9999919316313994 0.001407275640831282 -0.14315397164833424 0.0009379630597777193 -0.001410814070445858 0.999998564913449 9.966345332328144
0.9999993230621163 -0.0009121090715280412 -0.0007224488568795596 -0.07111302615411637 0.000911477022177662 0.9999992020392953 -0.0008747173318612135 -0.15955506439056774 0.0007232461180070811 0.0008740582441991546 0.9999993564684123 11.249375258611765
0.9999964174631214 0.002631746151926793 -0.0004888487642337223 -0.08323855503705473 -0.002632678063909349 0.9999946997646154 -0.0019155805616833063 -0.17585576530348487 0.000483804851448185 0.0019168606804634497 0.9999980457870893 12.472532275105873
0.9999865534587666 0.005178141671013161 -0.0002824012962559276 -0.0992151402737853 -0.005178676179609163 0.9999847357412404 -0.0019260315543077396 -0.20316996515846422 0.000272423721358317 0.0019274681207110246 0.9999981053241849 13.764655390742666
0.9999803253820977 0.006271769437339491 0.00011728955177816412 -0.1088886066498398 -0.006271651235864465 0.9999798504760938 -0.0009823607199587396 -0.2273761740284831 -0.00012344832838947386 0.0009816057932245344 0.9999995106051686 15.039559048499347
0.9999922447485956 0.0038942905879638936 0.0005873188925644734 -0.11034103065704819 -0.0038953446103645343 0.999990785359524 0.001804296652032933 -0.2501179227447801 -0.0005802870251621659 -0.0018065704687415423 0.9999981997834344 16.310979097944315
0.9999996679243734 -0.00012513813580277778 0.0008052897553165825 -0.11914562571899896 0.00012216148957529 0.9999931646910367 0.003695354891632749 -0.2738539558467928 -0.0008057466807346059 -0.003695255289099447 0.9999928479047411 17.540300901866523
0.9999968378443397 -0.0024585641001571607 0.0005289271093958134 -0.12692323868702282 0.0024577974907089 0.9999959353531446 0.0014451673549420187 -0.2931930915724932 -0.0005324779960715406 -0.0014438627893756809 0.9999988158630134 18.81591264757863
0.9999936303543492 -0.0035150229772155754 0.0006195677518259397 -0.1349441228327885 0.0035153552274826347 0.9999936774758402 -0.0005359906429335498 -0.31086855677659264 -0.0006176798151683927 0.00053816522959821 0.9999996644248593 20.10133792796596
0.9999984040178768 -0.001355879112758484 0.0011634231952797004 -0.14231018109743718 0.0013583478214333885 0.9999968222297811 -0.0021237753023869853 -0.3361656236003949 -0.0011605399156154087 0.0021253522462422584 0.9999970680081685 21.4251529011581
0.999996901596075 0.0014005174633921692 0.0020579963763116167 -0.15015743978959545 -0.0014002896632323743 0.9999990133077115 -0.00011212699190264307 -0.3544256722161611 -0.0020581513815127565 0.00010924485343520108 0.9999978760369708 22.712741805502016
0.9999945867556528 0.0021371522263548153 0.002501807297355682 -0.1491780886595271 -0.00214556042565444 0.9999920433536438 0.0033630045887770997 -0.371864396849831 -0.0024946001386156515 -0.0033683541627413487 0.9999912155416081 23.98180042405884
0.9999961820299221 -2.622356062879569e-05 0.002763193424999066 -0.13893944497894187 1.1741099464398965e-05 0.9999862653238157 0.005241090141721635 -0.3834307402090308 -0.002763292913477317 -0.005241037688467457 0.99998244771407 25.229782674139965
0.9999893976881286 -0.003905185738834708 0.002440089276947675 -0.1422196893828771 0.0038970640315407756 0.9999868805985083 0.003324383070402781 -0.3988154967832641 -0.0024530395977938593 -0.003314838640101742 0.9999914971846121 26.602062255947335
0.9999870582955774 -0.004454175453660871 0.0024583657957673423 -0.14720575041210895 0.0044512242249214705 0.9999893676509477 0.0012046526292220916 -0.42024262452597955 -0.0024637053917355048 -0.0011936943015799892 0.9999962526178073 27.87617126004623
0.9999832587841623 -0.004909418894463456 0.0030626389807031206 -0.15953789585461547 0.004913669350837289 0.9999869730679881 -0.0013818638982631916 -0.4360502327165476 -0.003055814935181765 0.001396889559473578 0.9999943553313894 29.18989607137673
0.999991970540117 -0.0012543330321778301 0.0038059826508300915 -0.16424334829906323 0.0012631535727414688 0.9999965202222968 -0.002316028140830488 -0.4559695051426847 -0.0038030643362561545 0.002320817084958641 0.9999900752056057 30.480730868012287
0.9999911521037524 -0.0001236919976541739 0.004204808497388724 -0.17409563870095937 0.0001422705221787691 0.9999902287566576 -0.0044183877496283466 -0.4865162044877546 -0.0042042208919746684 0.004418946876492548 0.9999813985445903 31.85159084757495
0.999990002074094 0.0008314171471997951 0.004393688357280266 -0.183605850592928 -0.0008146157499501701 0.9999923551850813 -0.0038243917913491302 -0.5101615518491991 -0.0043968344332590776 0.003820774387627168 0.9999830346211109 33.17011967816366
0.999990714378296 0.0008055689909306178 0.004233463804737867 -0.1864923458572886 -0.0007944542402805749 0.9999962352237058 -0.0026264768939571986 -0.5344104464486528 -0.004235563675035036 0.002623089212215615 0.9999875896246613 34.44493082878776
0.9999915216619488 0.0017493820127109502 0.003727769680883572 -0.18745003229625662 -0.0017458494774493989 0.9999980241156693 -0.0009506704787261657 -0.5589020349618405 -0.003729425401077539 0.0009441542938710664 0.9999925999520435 35.78863096198026
0.9999814084239584 0.004715761668766446 0.003865798535846244 -0.19531493793013685 -0.004712829959187464 0.9999886003076427 -0.000767130065313126 -0.5771026870983031 -0.003869372069489346 0.0007488969520002762 0.9999922335264129 37.140261577366246
0.9999655050506612 0.007147491414269572 0.004231084406969234 -0.20895647633342762 -0.007142576906758753 0.9999738005569231 -0.0011754977132415164 -0.597242359465784 -0.004239375414727194 0.001145236318731713 0.9999903580184502 38.51878027678749
0.9999488803091083 0.009174679914125515 0.0042499431800680125 -0.21739092240618263 -0.009172507263688305 0.9999577909871262 -0.0005304287363656377 -0.622086535193012 -0.004254630308035195 0.0004914189863231864 0.999990828272101 39.81278478041949
0.999943250047977 0.009904314259482568 0.003924441684909265 -0.2192210156072313 -0.009902942254358678 0.9999508966243045 -0.0003688833912850962 -0.6499618098451861 -0.003927902518607383 0.00032999893778410603 0.9999922313110768 41.05988027719581
0.9999529372536186 0.00908816711424148 0.0033953639516453166 -0.22419298736596596 -0.009085902611782567 0.9999584899197208 -0.0006817706365653334 -0.6652598069672696 -0.003401419055293968 0.0006508886043705834 0.9999940033282378 42.34629060302374
0.9999613897048018 0.008318962328772758 0.002830894808003471 -0.234320018108359 -0.00831591446657871 0.9999648316892195 -0.0010867158487102117 -0.6860418066188015 -0.002839835598422774 0.0010631324112033078 0.9999954025310572 43.61576435424992
0.9999661817022792 0.007893259358480183 0.0023090925629417366 -0.2424608634362341 -0.007891369122366914 0.9999685210384708 -0.0008265745629371106 -0.712237718038344 -0.0023155442425103526 0.0008083247078406386 0.9999969924284916 44.93234466072753
0.9999655533630709 0.008187644079797657 0.0013618266079684902 -0.24677099270386205 -0.008188125641858866 0.9999664160384371 0.00034841601079069326 -0.7352407656633103 -0.0013589281661481674 -0.0003595548163992751 0.9999990120167991 46.23266398358622
0.9999611370262067 0.008810066610917731 0.000327358468972222 -0.2516924919755236 -0.008810047286654462 0.9999611889545964 -6.0426128380199247e-05 -0.7571508263915906 -0.0003278781220640844 5.7539736449900146e-05 0.9999999445925569 47.58075779176559
0.9999559989375357 0.009349664570066536 -0.0007641735812873642 -0.2568650919869768 -0.009349504835542899 0.9999562698804487 0.00021233489941955202 -0.776531385512927 0.0007661254239711971 -0.0002051809118648453 0.9999996854762652 48.907444882154365
0.9999557995702011 0.00918863303628107 -0.00199196607511019 -0.2644065867213788 -0.009186231033686385 0.9999570715988951 0.0012116595057623256 -0.7983118726343783 0.002003014057754715 -0.0011933072893140755 0.9999972819725056 50.087496532100246
0.9999654317615868 0.007897493907450976 -0.0026009367245533243 -0.2714190261643828 -0.007892173572926596 0.9999667560289626 0.0020494958424137144 -0.8180754623761521 0.0026170361400167787 -0.0020288979508703542 0.9999945173324443 51.35051748570122
0.9999728136799277 0.0066682613058447375 -0.003147410396741437 -0.2800530638968238 -0.006661399258648351 0.9999754239553494 0.0021856910202506475 -0.8407596826177507 0.003161907804699653 -0.002164665442071386 0.9999926582543294 52.69443531751295
0.9999833061203335 0.00448772423983962 -0.003639754359090008 -0.28284480430972914 -0.004482483619103919 0.9999889071238722 0.001446709994492135 -0.8615008579163296 0.003646206419255862 -0.0014303707039973021 0.9999923295797818 54.02690812826595
0.9999864445753155 0.003565621325804815 -0.003794339228425793 -0.28946687408626215 -0.0035590307319991092 0.9999921488300682 0.001742291155811024 -0.8828186028088412 0.0038005217889244265 -0.001728763368392807 0.9999912836676875 55.405729289981636
0.9999903364475587 0.002859363186946735 -0.0033393193412969454 -0.2913244867177174 -0.0028516685497789354 0.9999932734326272 0.0023067457556473162 -0.9063584559368555 0.0033458927030355326 -0.002297200832345413 0.9999917639012619 56.76778395349024
0.9999949390490612 0.001288221319119788 -0.002909013938967501 -0.30192841837515483 -0.0012798226382500703 0.9999950132224967 0.0028871411730747834 -0.9184854524543498 0.0029127187091724624 -0.0028834035395007927 0.9999916009916039 58.10488489341241
0.9999970756631466 -0.0008776762813886869 -0.0022535193586880773 -0.3258710748401295 0.0008833539608992514 0.9999964353565316 0.0025197142714507375 -0.9377183246551524 0.002251299832242863 -0.0025216975582087854 0.9999942863289228 59.46407385452894
0.9999932339803397 -0.0031844018531665586 -0.0018416238429273112 -0.3448107295992584 0.0031876256602846416 0.9999933878183076 0.0017502463579826427 -0.9579785174845006 0.0018360381780297968 -0.001756104923199559 0.9999967725244462 60.838748559025994
0.9999958396721842 -0.0025500669521767616 -0.0013482569719961415 -0.34742201716544113 0.0025519732532269315 0.9999957439022439 0.0014140756389397031 -0.9854066535847771 0.0013446452461277451 -0.0014175104716523572 0.9999980912947916 62.17577945692598
0.9999992517848838 -0.0010562361327823518 -0.000617085816005334 -0.3625116978536764 0.0010570109516850523 0.9999986517964021 0.0012566356775760494 -1.0124104876180433 0.0006157576800394261 -0.0012572870038077702 0.9999990200354553 63.57453651697764
0.9999983963134732 0.0017901710223408513 -5.1557661599463624e-05 -0.3840036806509171 -0.0017900312515286647 0.99999503300503 0.0025941768227592966 -1.0310124811978827 5.620142568754692e-05 -0.002594080372687239 0.9999966337885449 64.89310268594168
0.9999843741173893 0.005568429813069442 0.000494075368681523 -0.37871922283810544 -0.005570319390679427 0.9999768442796647 0.003909276962455052 -1.061557425790355 -0.00047229539362535395 -0.003911968034158662 0.9999922366914467 66.1626259615322
0.9999552266155813 0.00938192972615219 0.0012345682624763563 -0.39301734624394336 -0.009387135459009151 0.9999467773928387 0.0042806622795077565 -1.0745725531854882 -0.0011943416828471586 -0.004292059679283088 0.9999900758365833 67.4708835597874
0.9999075909801396 0.013476431278956737 0.0017875402869057804 -0.400665685969588 -0.01348341486200624 0.9999012766126885 0.003954055130505698 -1.090904895757482 -0.00173407726263441 -0.00397779188741738 0.9999905850295537 68.85256726100387
0.9998637956818084 0.01627367062602923 0.00274913243086225 -0.43443292454890237 -0.016282753705179287 0.9998619332982611 0.003314554697164533 -1.1033638245489952 -0.0026948128958014235 -0.0033588666867763886 0.9999907279560339 70.22172917109239
0.9998305015651073 0.01814067861654689 0.003143870130419951 -0.4253876827684728 -0.018150467123987553 0.9998304190450812 0.0031134699803572973 -1.1252380426424158 -0.0030868565316253364 -0.0031700049635126778 0.9999902111447322 71.45426936678817
0.9998224217651178 0.018498571412126047 0.003595523806775784 -0.43132319550258735 -0.01851139062207869 0.9998222925352275 0.0035653564813296836 -1.1546702561431983 -0.0035289308538761447 -0.003631281497297092 0.9999871801386843 72.81165179611378
0.9998433867672404 0.017308008400302173 0.003692530707982547 -0.43505311025512966 -0.01731982181948312 0.9998449065450126 0.0031916497515353972 -1.1698006562428385 -0.003636716919927172 -0.0032551038708750826 0.9999880892234845 74.15441762371
0.999865045714695 0.01608106934549546 0.0033599950380540917 -0.42662223541868177 -0.016088344877410777 0.9998682634093677 0.0021496478411713498 -1.1844592500635767 -0.0033249837677611733 -0.0022034144959417606 0.9999920446921089 75.54458562111245
0.9998782702102698 0.015344385341640409 0.0028274723350881427 -0.4223117345856787 -0.015350705512150436 0.9998796902643252 0.0022272936934403472 -1.209191499274291 -0.00279295570993793 -0.002270426260606913 0.9999935222605189 76.86084496970052
0.9998868974819205 0.014830343921187665 0.0025006285526984547 -0.43604111747306845 -0.014836640421611254 0.9998867592117373 0.002518502342568644 -1.22888130436291 -0.0024629951236436014 -0.002555318420276172 0.9999937019815641 78.21263558013663
0.9998878659860246 0.014816427969255003 0.0021746071243485287 -0.4476069970666169 -0.014820637042420197 0.9998883010856039 0.0019323741361177565 -1.248140395600261 -0.0021457333408962773 -0.001964386514149062 0.9999957684980743 79.51929436075419
0.9998886115468404 0.014808289502539183 0.0018652240992421032 -0.47700943755373243 -0.014812480611860426 0.9998877496286452 0.0022535662154126272 -1.2661516880019659 -0.0018316432662135495 -0.00228094378996446 0.9999957211800327 80.87473938356555
0.9998975556366783 0.014277500807009368 0.001015481413578104 -0.49216440778393333 -0.01428056268243901 0.9998933001243173 0.0030747188448842933 -1.2913351876716403 -0.0009714737610485849 -0.003088905503249166 0.9999947574370203 82.24215539388838
0.9999237378167946 0.012348545705606555 0.00017880001766106704 -0.5076871530878049 -0.012349175552371043 0.999915327057872 0.004103239930333227 -1.3194273801618832 -0.00012811583231698342 -0.004105135041104685 0.9999915656907458 83.59150403546182
0.9999446463121426 0.010451645669315614 -0.0012113688482561795 -0.5037317206912467 -0.010446061828463117 0.9999351879074441 0.0045276679185410635 -1.3402129084762362 0.001258611917698934 -0.004514763261538315 0.9999890163440467 84.89615971647696
0.9999553646486787 0.009251174050447437 -0.0019195022834160088 -0.5030830148782878 -0.009242463294382101 0.9999471695580902 0.004498329136071521 -1.36855888442719 0.001961015701035873 -0.004480387422172084 0.9999880402014659 86.13062561925082
0.9999652678460607 0.007933027807370504 -0.0025554199974811955 -0.503586912516285 -0.007922853069305472 0.9999607431167048 0.0039674456177873 -1.3892042601199819 0.0025867935360664443 -0.003947061602684783 0.9999888645399546 87.27910075580412
0.9999724223959178 0.00687875156283925 -0.0027995043448598204 -0.513029827783429 -0.006868720543973512 0.9999700119972942 0.003577119542359574 -1.407015838593926 0.0028240265099581194 -0.0035577918809664173 0.9999896834423865 88.57365933178869
0.9999667708405087 0.0075833279771370925 -0.0029917138226223383 -0.5147950238088549 -0.007574884123288108 0.9999673233332602 0.00282372028254692 -1.4262491756579507 0.003013029260404679 -0.002800964567158697 0.9999915380902835 89.76641736427942
0.9999670812305013 0.007530577333306473 -0.003021069409795833 -0.5170083299196421 -0.0075234700030150465 0.9999689202699144 0.0023570942568366324 -1.452123487746343 0.0030387257963566646 -0.0023342877391122874 0.9999926585961955 91.0261187344208
0.9999574236483386 0.008807921097330564 -0.002751620707900795 -0.5310331361325448 -0.008803928112245871 0.9999601789818733 0.0014598973713045647 -1.471168871676323 0.002764369796419056 -0.0014356101432959631 0.9999951486298054 92.26887509029227
0.9999438381118485 0.010308312111139872 -0.0024615693295744565 -0.5357453130838516 -0.010303829869822685 0.9999452456663488 0.0018266798513834604 -1.4970908512846988 0.002480264534020955 -0.001801213670009035 0.999995301947543 93.54212211172772
0.9999384199163277 0.010864458432832626 -0.002262723624061276 -0.5434740040854097 -0.010857193853552232 0.999935943550883 0.0031984584774622906 -1.5189862368096787 0.0022973282011978353 -0.0031736946870979717 0.9999923249431321 94.93338687288993
0.9999245097694425 0.012090390880272625 -0.002190253570266741 -0.5547706966908561 -0.012080557719337805 0.9999171322984691 0.004448444806438072 -1.5395244342470016 0.0022438555055064877 -0.004421649507638211 0.9999877069884927 96.26307723474318
0.9999351608104502 0.011154906623178997 -0.0022895923669971284 -0.5583945128378494 -0.011147958305199508 0.9999332827838031 0.0030253936657537207 -1.5574816288408737 0.0023231875956077033 -0.002999673221436965 0.999992802354078 97.4968019297143
0.9999335990464261 0.011342905053103826 -0.002033716552801448 -0.5761950690012054 -0.011341651800190741 0.9999354849999084 0.0006267155987856625 -1.5796487192912387 0.0020406941231098682 -0.0006036082792699113 0.9999977356097077 98.8710758449478
0.9999418026782113 0.010573406412797607 -0.0021434396371805297 -0.5876586071993203 -0.010574504070452222 0.999943962652607 -0.0005014162601725685 -1.6046772885189777 0.0021380178466078857 0.0005240528902574727 0.9999975771211936 100.12339217773031
0.9999649199259536 0.008074655381198156 -0.0022268493337622157 -0.5890644621138507 -0.0080731323666554 0.9999671722438344 0.0006920754729979878 -1.6252134954779855 0.0022323645022372138 -0.0006740735455068763 0.9999972810830969 101.37634221363601
0.9999813586786555 0.005888462254350275 -0.0016150255317843782 -0.5945949644614353 -0.0058840765230594025 0.9999790246245693 0.002707019461673208 -1.6525540496768043 0.0016309318379390423 -0.002697466065437602 0.9999950318567427 102.68049064853416
0.9999904653893867 0.00432563608934013 -0.0005983333011933524 -0.6020446584867293 -0.004323665897312415 0.9999853527102501 0.0032558068378006158 -1.6723134092901843 0.0006124079727892803 -0.003253188801660329 0.9999945208445381 103.92277428547735
0.999993232871187 0.0036617952289313914 0.0003542139641091294 -0.6097891085923675 -0.003662433291210631 0.9999916410750351 0.001817790539566714 -1.6966768204863698 -0.0003475546265365603 -0.0018190755233580842 0.9999982850835414 105.22197191726434
0.9999843450619003 0.005493037122476118 0.001065914768002224 -0.6159809409978954 -0.0054924988651154985 0.9999847874640673 -0.0005072441831266174 -1.7170367898443544 -0.0010686848638639178 0.0005013817065970378 0.9999993032642812 106.56334128268804
0.9999692445091514 0.007510621488182449 0.0022584509420232536 -0.6256145653304919 -0.007504921805329498 0.9999686581337313 -0.002521685730086983 -1.7426323728184674 -0.002277319584987007 0.002504658676683811 0.9999942702337963 107.81236280754895
0.9999402875869603 0.010391652134112844 0.0033815420195668394 -0.6309873017362218 -0.010383399151527703 0.9999430919210426 -0.002449069506157639 -1.7651129966489754 -0.0034067994608671663 0.0024138113657711804 0.9999912835780747 109.0630236693889
0.9999223008972357 0.011514775981096197 0.00477515470770127 -0.6255443725134945 -0.011512202437715759 0.9999335721667215 -0.0005660820909561214 -1.7853323210062344 -0.004781355812985083 0.0005110655592193913 0.9999884386574602 110.28464586960882
0.9999170568360607 0.011453862018480119 0.005889693809617241 -0.6314829444049888 -0.011463546223632565 0.9999329901977594 0.001613140461049579 -1.807502714857807 -0.005870822454142855 -0.0016805234393051567 0.9999813544685138 111.58470828009118
0.9999200988263823 0.010791376128976788 0.006583476610421548 -0.6233616638113451 -0.010805726861455749 0.9999393090221217 0.002148147890208411 -1.830765139037716 -0.006559895580924649 -0.0022191155007215964 0.9999760213606942 112.8644918442616
0.9999033427060535 0.011713566591382622 0.007489833307163731 -0.6111878865179509 -0.011724617882185468 0.9999302370568625 0.0014333021050847343 -1.8531171257391184 -0.007472521714695454 -0.0015209789995093105 0.9999709235983355 114.12445692547294
0.9998651464980844 0.013993719324225032 0.008594453899960882 -0.606584157932559 -0.014000903697244698 0.9999016811689677 0.0007763318448804885 -1.8738296570005402 -0.00858274513336067 -0.0008965572751960015 0.9999627656423162 115.43342390295581
0.9998127540440689 0.016542008899769742 0.010040856157399228 -0.6127306925915343 -0.016547549819852084 0.9998629699260492 0.0004690049261788355 -1.9036049851353187 -0.010031721974474881 -0.0006350686744013415 0.9999494793448354 116.77477463424403
0.9997933241061993 0.01709824802713297 0.010998135618294448 -0.6022962820356197 -0.01709097462985054 0.999853653583633 -0.0007549845449449381 -1.9182686491951073 -0.011009434993566427 0.0005668596510116702 0.9999392336593561 118.02591059714591
0.999757562385095 0.018549916300848703 0.011862422140679396 -0.5885911506278082 -0.018532152970653075 0.9998269756641845 -0.0016056277535547166 -1.9410730675541825 -0.01189015391340645 0.0013854022672784463 0.9999283498833681 119.20428085876975
0.9997601992394128 0.01767576775978688 0.01292715169213215 -0.5845952338780672 -0.017652663304603397 0.9998423758064169 -0.0018992156366614836 -1.963246780255566 -0.012958684154791093 0.0016705615469987782 0.999914637221146 120.43215493921261
0.9997543441124604 0.01738420831733842 0.01374920832059704 -0.5701456336176585 -0.017372630908436285 0.9998486225923885 -0.000961038720940655 -1.9815853941655734 -0.013763833898410982 0.000721942714684 0.9999050133263337 121.66620281445911
0.9997591650762354 0.016256009458643784 0.014742930595674279 -0.5609872769762752 -0.016254685255490623 0.9998678618967457 -0.00020965036504006992 -2.0016110553441053 -0.014744390571106438 -3.004182266558449e-05 0.9998912951137126 122.89850786880454
0.9997679200917101 0.01535141480799327 0.015114232328790696 -0.5557918799430559 -0.015355197935334807 0.9998820929816377 0.00013427965883000212 -2.022475336365599 -0.01511038887197936 -0.00036633052426807817 0.9998857644501628 124.13741113919323
0.9998004590628244 0.013347246954372179 0.014862471413069879 -0.5206534395010798 -0.013353207584312816 0.9999107963780112 0.0003018839217366997 -2.048910596093306 -0.014857116307533516 -0.0005002853495304407 0.9998895017998715 125.38368879383069
0.9998248325521575 0.011742372328283889 0.014574666519482667 -0.5097010190465835 -0.011756736637504683 0.9999304819072126 0.0009002757614088977 -2.0641321412778235 -0.014563081943274965 -0.0010714685782501848 0.9998933786156408 126.56528105563281
0.9998515034155891 0.01007533466208325 0.013980656244730914 -0.5027584878434695 -0.01008324755116688 0.9999490399446159 0.0004956134214031038 -2.081652387197077 -0.013974950318631075 -0.0006365102423459567 0.9999021430211583 127.81721711297394
0.9998784068893961 0.008812340144134833 0.012865228233791335 -0.49207028603826036 -0.008816103498364529 0.9999611095938598 0.00023583664541598136 -2.09933939441679 -0.012862649627102724 -0.00034922915294363296 0.9999172117148354 129.0731404074867
0.9999019988788393 0.007473086316451433 0.011838311493140203 -0.48044372743342956 -0.007488334146184305 0.999971187988498 0.001244204399281931 -2.1256432296138725 -0.011828672360702525 -0.001332731698042898 0.9999291506583884 130.3364492690708
0.9999222448553421 0.0058769523159123834 0.010998439658889478 -0.47704973500751985 -0.005893141221305515 0.9999815983330852 0.0014400978279836428 -2.150563227832675 -0.010989773883001347 -0.001504801211092323 0.9999384783292007 131.62857091892403
0.9999386902469359 0.005384704242613923 0.00967577942401899 -0.4713015311884412 -0.005399281403090475 0.9999843269701301 0.0014810720531590028 -2.1702162431677503 -0.009667652640271165 -0.0015332235049014184 0.9999520917114543 132.8637057887685
0.9999550949819492 0.0048079091882714435 0.00816651877353532 -0.45481840529113665 -0.0048160592944332305 0.9999879238669712 0.0009786179527397434 -2.1936941871576376 -0.008161715047321801 -0.0010179044465251374 0.9999661745669328 134.12759955866
0.9999616265493649 0.004672969306034026 0.007410046330049842 -0.4556216631119924 -0.0046781766998333155 0.999988822265451 0.000685570508042058 -2.2153973178946065 -0.007406759852578128 -0.0007202097064216995 0.9999723102198713 135.3632777149981
0.9999772917217694 0.002237537812307338 0.0063568439758953975 -0.44951757978149115 -0.0022268316794826167 0.9999960912528876 -0.0016907689427893564 -2.240287116730785 -0.006360602288041574 0.0016765749267909594 0.9999783656835031 136.66146759839455
0.9999803957868519 -0.003228404345477409 0.005365207111851048 -0.4494356415289642 0.0032403485875893497 0.9999922879690385 -0.0022190411168881343 -2.2578069604593995 -0.0053580017732234655 0.0022363827556203205 0.9999831450625406 137.99113292600285
0.9999281839958776 -0.011255006589411682 0.004117241476821154 -0.44610041019390134 0.011254460347179892 0.9999366544152931 0.0001558173434340407 -2.280069033085963 -0.004118734392979839 -0.00010946882231419259 0.9999915119857661 139.21696758390962
0.9998394690040232 -0.017751655575956208 0.002432066213178321 -0.4288160729386431 0.01774777805285709 0.9998412047624042 0.0016067462309399376 -2.3050908759688236 -0.0024602024183360805 -0.0015633245270056408 0.9999957517012187 140.5467924115185
0.9997835178765042 -0.020760336472454472 0.001387736297761894 -0.4202142073617325 0.02076281610839633 0.9997828146263112 -0.001796954406734064 -2.3287348382204938 -0.0013501295236262893 0.0018253787117858526 0.9999974225680931 141.85575364433984
0.9997942036334891 -0.020232807667193715 0.0014777938893110413 -0.4153581951273679 0.02023970868899191 0.9997835638528519 -0.004814524054884655 -2.359273011317457 -0.0013800627020840771 0.0048434433611499175 0.999987318161259 143.20399446163677
0.9998567853768292 -0.01681877844602671 0.0018808050128892155 -0.41519747344481495 0.016831588588807705 0.9998337210154049 -0.0070162629701602365 -2.385196762977434 -0.001762487302127549 0.007046915074895825 0.9999736169651869 144.40165217737842
0.9998523494488598 -0.016991528299768254 0.0025626680692123357 -0.41134513630657377 0.017009298912426907 0.9998302655463398 -0.0070798197747567885 -2.412508616733395 -0.002441936138087942 0.00712236362266784 0.999971654040416 145.59941944125782
0.9997948313349625 -0.02005466632989319 0.0028470325410769343 -0.4016029004737635 0.020065360519114714 0.9997915294626651 -0.0037787460806922176 -2.435629542558774 -0.002770657526879946 0.0038350975347498906 0.9999888076792505 146.83502226181858
0.9996748505331691 -0.02530383845698319 0.0031478517799517157 -0.39567997680507366 0.025306860650775736 0.999679303111666 -0.0009239773674791494 -2.463263349409545 -0.00312346209963667 0.0010033391830754856 0.999994618633019 148.1112535288951
0.9995798269625866 -0.02884709243384657 0.0028310400134521517 -0.38170158391162484 0.028846898049630466 0.9995838356471692 0.00010947970862582555 -2.4816905038277803 -0.0028330200067918257 -2.776698556144477e-05 0.9999959866052648 149.3512281855805
0.9995336433953176 -0.030419766450998278 0.002670866890721307 -0.37582722269979635 0.03042029767480196 0.9995371830857669 -0.00015848768377847174 -2.5005056745973047 -0.002664809610023054 0.0002396623378660831 0.9999964206694478 150.62518647776335
0.9995902667734539 -0.028415427734284154 0.0034441310155405957 -0.37487831141057215 0.02841387096527464 0.999596119354985 0.0005001072111614434 -2.51879045543023 -0.0034569507580029884 -0.0004020412063569727 0.9999939439088249 151.89071621148955
0.9996965609819737 -0.024217717816919716 0.004504231849518558 -0.37080346963943445 0.024219941916042997 0.9997065574041134 -0.00043988271041299303 -2.5429295285429814 -0.004492257160679146 0.0005488414666071871 0.9999897591468864 153.08811887162187
0.9997758817572696 -0.020491221028738668 0.005319409480811811 -0.3789689858308698 0.020506350451613326 0.9997857867194591 -0.002805399242028586 -2.5601505909389526 -0.0052607839367144246 0.00291385217588963 0.9999819166454308 154.46903494902907
0.9998183849540145 -0.017925618539904493 0.006470649728345658 -0.4042501740494653 0.017947777069215826 0.9998332030879307 -0.0033827948802575168 -2.579423888426469 -0.00640893175332994 0.0034983142926273006 0.9999733433401573 155.9015354408389
0.9998478834698159 -0.01602475771837829 0.00688600471940823 -0.4043610591622437 0.016039383019765846 0.9998692098797496 -0.0020739640280869514 -2.607134043233981 -0.006851869326956522 0.002184095811045972 0.99997414047175 157.19329439691649
0.9998762101122299 -0.014267676179257196 0.006633088876750331 -0.40768242216140865 0.014285478961372264 0.9998944606921059 -0.0026443464384159933 -2.624314427916301 -0.00659466014645227 0.0027387759466650685 0.9999745044569225 158.46522439265186
0.9999009075756865 -0.012586419414794875 0.006305321215653473 -0.42014063191298096 0.012619193134281304 0.9999069302415391 -0.0051852501946355305 -2.6419116841350654 -0.006239470647210845 0.005264304441817267 0.9999666774971991 159.74376151518078
0.9999390279974782 -0.00934083827606541 0.005889739192722543 -0.43841738636004457 0.009388166729069402 0.9999234466899757 -0.008059968058622335 -2.6602633572314276 -0.005814001455546621 0.008114770479761745 0.9999501727021886 161.03319857423907
0.9999740717638145 -0.004226797861689543 0.00583009261793679 -0.45223117319510253 0.004280850516343695 0.9999476817682342 -0.009290212332891516 -2.6924976290761524 -0.005790519748176976 0.00931492920906595 0.9999398491783779 162.31540455158202
0.999978945636102 8.503498868034885e-05 0.006488532465812015 -0.4703586089353374 -3.260687786536126e-05 0.999967357380308 -0.00807979644758073 -2.719477240390035 -0.006489007728514101 0.008079414761820636 0.9999463064764061 163.6075126421548
0.9999715331223689 0.002815710516114667 0.0070003370767519205 -0.4783398189309265 -0.0027723819725370877 0.9999769892720959 -0.006191512296078907 -2.74389176929812 -0.007017609500183229 0.006171928434742931 0.999956329274584 164.82858926772857
0.9999688807674564 0.003887527417399927 0.006864737959957073 -0.47447494275488783 -0.0038599977418851375 0.9999844738751431 -0.004019008097178908 -2.7730534432388274 -0.006880255381347211 0.003992385155707448 0.9999683609728143 166.14911450998014
0.9999814712610192 0.0007858975716752955 0.006036513865912495 -0.4652698121377259 -0.0007672701328895696 0.9999949393372057 -0.003087490327222421 -2.7981435322966317 -0.006038909768302393 0.0030828014831241197 0.999977013687728 167.36345594263665
0.999988113290062 -0.0016781933017484714 0.004577875688935399 -0.48456026874456937 0.001691923943025011 0.9999940772976349 -0.002997125793519321 -2.8186030873404175 -0.004572818819109335 0.003004835585040847 0.9999850300335276 168.68986608441048
0.9999953591408397 -0.0018195775142612232 0.002443529097798644 -0.47812225169345096 0.001837094746302844 0.999972494173134 -0.00718581798084638 -2.848571785784593 -0.002430386733691105 0.0071902736269453685 0.9999711961779174 169.95749234472154
0.9999996676819347 -3.069000595192677e-05 0.0008146742556772934 -0.4732272339120045 4.0142491267759935e-05 0.9999326554377093 -0.011605299559733894 -2.8730468670070115 -0.0008142632250838555 0.01160532840613758 0.9999323243739981 171.2551922419348
0.9999867979677669 0.0051324375441852395 0.00024894783917838 -0.482300979211872 -0.005128992273782566 0.9999113887208628 -0.012284467614452035 -2.9116907986975935 -0.0003119750423869294 0.012283028582971084 0.9999245120909895 172.5547481160239
0.9999625127292033 0.008657011733539326 -0.00017112610039755807 -0.4850894912675622 -0.008658394975327806 0.9998983276688458 -0.011329895034660713 -2.947008598520687 7.302566735289808e-05 0.011330951985185458 0.9999358000363633 173.77497938362444
0.9999416711808633 0.010800645236428841 1.7277101119436525e-05 -0.4974389291825974 -0.010800169111249577 0.9999102684241382 -0.007925367318679068 -2.9799188093183884 -0.00010287463159562569 0.007924718445748475 0.9999685936340033 175.183112166222
0.9999343144538155 0.011461410037780543 5.3457674572293356e-05 -0.4928353502940102 -0.01146087883089757 0.9999161146142812 -0.006034234922760534 -3.0014826936368584 -0.00012261403096898053 0.0060332258888131434 0.999981792409829 176.24262434158868
0.9999396904068767 0.010982510420223949 3.7240190600089527e-06 -0.49435090136702553 -0.010982341735570446 0.9999260998493457 -0.005213732835454857 -3.022276069735189 -6.098361904840236e-05 0.005213377498899119 0.9999864083956603 177.53287040431195
0.9999581011809177 0.009146577563546164 0.0003687838483495529 -0.5235421181634968 -0.009144781853687035 0.9999475689642492 -0.0046078506200532355 -3.0473050157342985 -0.0004109105757282592 0.0046042851087095835 0.9999893157984923 178.81357573864608
0.9999790671417141 0.006464919408860088 0.0002647554027878677 -0.5211815976629265 -0.006463794517012992 0.9999709099451369 -0.00404952144539456 -3.0741816271651743 -0.0002909275308279024 0.0040477253528152825 0.9999917656064174 180.19102305412127
0.9999923689958797 0.003855644662935667 0.0006292489496851436 -0.5233147473759368 -0.0038530698956298795 0.9999844039835367 -0.004042974408813809 -3.099545517172631 -0.0006448274086101938 0.004040519016674713 0.9999916291668092 181.4315992948501
0.9999992881915312 0.0004371329804843801 0.0011101942116718694 -0.5339174975250476 -0.000433923817591855 0.9999957320218229 -0.002889229699974725 -3.1303885671659555 -0.001111452450977533 0.002888745903686115 0.9999952098988041 182.83960806442528
0.9999910370315438 -0.0038865998655668614 0.0016793445334129017 -0.5366213054586778 0.0038889275957095753 0.9999914788899854 -0.0013850594122022993 -3.1513069138551297 -0.0016739470518084012 0.0013915778472573322 0.9999976307033747 184.01047555706018
0.9999781476940649 -0.006372725136220086 0.001758553008705265 -0.5293473476925754 0.006375717236650009 0.9999782279598333 -0.0017011278699539804 -3.171185510776951 -0.0017476739010820214 0.0017123027331166607 0.9999970068231633 185.25578645659624
0.9999871129088023 -0.004611049093233293 0.0021242039867645085 -0.5463546045626385 0.004623570145231622 0.9999717417409637 -0.0059277583162075645 -3.1986934511589813 -0.0020968107758494274 0.0059375033307812975 0.9999801745228589 186.54927715446198
0.9999934724280661 0.002570836365494061 0.0025388780277214914 -0.5589503215002752 -0.002543078175789455 0.9999376140243905 -0.010876617700407695 -3.2327164338160808 -0.0025666816416567905 0.01087009013720014 0.9999376246975408 187.89593792569346
0.9999260740683664 0.011598312924585776 0.0036504158018420365 -0.5668026881197028 -0.011558247731325763 0.9998747499017648 -0.01081163346884295 -3.273018452274101 -0.003775355295102052 0.010768641798606425 0.9999348894034098 189.2533141909188
0.999797553880069 0.019531489664015113 0.004834476903903166 -0.5810610040643479 -0.019496433129998478 0.9997840352260747 -0.007195276386254296 -3.308557618564415 -0.00497396729355962 0.007099564674792757 0.9999624272095383 190.61784110473923
0.9997774912189749 0.02035642048964709 0.005530298069781171 -0.5865711862293251 -0.0203278491367768 0.9997799781925019 -0.0051743361770315984 -3.334477291004048 -0.005634412246578475 0.005060765776952464 0.9999713206129397 191.995791226953
0.9998195160254625 0.018325007183034724 0.0050129319116706305 -0.5841983867119263 -0.018301663924315464 0.9998216344713997 -0.004663511610384723 -3.365647933394144 -0.005097496661179028 0.004570924926151234 0.9999765608118567 193.48028455895536
0.9998813508180785 0.014921598888699513 0.0038249408908992305 -0.5860856136253118 -0.014903842847190546 0.9998782146976487 -0.00462938888288669 -3.3991221024538727 -0.00389355295332679 0.004571833291745307 0.99998196913032 194.88735472594595
0.9999178462551219 0.01246226896864032 0.00299876519105094 -0.604517114897688 -0.012446564228396101 0.9999090176466412 -0.005199948830271595 -3.4229762299714444 -0.003063295517282906 0.005162197311445863 0.9999819838074543 196.28304221774798
0.9999142962713276 0.012835423565390273 0.002579149881715873 -0.6207418722574429 -0.012820256476800657 0.9999009168287404 -0.005813565937818193 -3.4479974521318493 -0.0026535139126038654 0.005780002330564873 0.9999797750139623 197.84400824618209
0.9999034913212975 0.013669778409410914 0.0024789517375480154 -0.6400014979542148 -0.013655455373584353 0.9998904815531467 -0.005705562019324869 -3.4723466574288007 -0.0025566740151094294 0.005671160168247907 0.9999806504929618 199.34485514138035
0.999882050809865 0.015174258643398459 0.002371991332498713 -0.6426981841778928 -0.015162536826985039 0.9998731139243033 -0.004884007400424173 -3.5058942921831493 -0.0024458015513375004 0.004847465929774507 0.9999852599557814 200.8297195539382
0.9998979349035005 0.014130659305021376 0.0021081374054039252 -0.6573796436954108 -0.014119084296216455 0.9998856957763578 -0.0054080348061987995 -3.531563837431707 -0.0021843155337507732 0.005377717864869638 0.9999831543162191 202.26613233114736
0.9998998823333922 0.014067468585475092 0.0015269699619895364 -0.6472062889379117 -0.014057480080154677 0.9998809231159855 -0.006366069628925991 -3.567322196155853 -0.0016163426196825514 0.0063439669230657275 0.9999785705304965 203.63217189958732
0.9999137775509144 0.013061205739023776 0.0013573387576877205 -0.6747087901642678 -0.013051726679887389 0.999891888173488 -0.006772325710568376 -3.5960546093177355 -0.0014456467527530457 0.006754026169582353 0.999976146333485 205.17481902226186
0.9999123624203056 0.013206459776353947 0.0009256885105923429 -0.6784998865264004 -0.013199986372417491 0.9998905541345728 -0.006681325633763134 -3.6380223532339033 -0.001013823856047403 0.006668521022830612 0.9999772512355257 206.6714491154561
0.9999120458290515 0.013257921402076859 0.0003579470025253141 -0.6782145939679839 -0.013255145388759779 0.9998884676130456 -0.006881384683179656 -3.670005809737709 -0.0004491399371089756 0.006876034797135028 0.9999762589275738 207.9903929345071
0.9999151214493646 0.013027691752857442 -0.00017071758585094482 -0.6817029912608454 -0.013028563170884128 0.9998910160807561 -0.0069435223550524915 -3.705039983714975 8.024091145845596e-05 0.0069451572037904025 0.9999758788854917 209.48620515472135
0.999902475657946 0.01394773311660348 -0.0007070459801034258 -0.6909102355079456 -0.013952398673016113 0.9998775217746005 -0.00709027652155199 -3.7458744956016066 0.000608066097720778 0.007099450034393882 0.9999746137101835 210.89833496700285
0.9999061381610077 0.013672225843066651 -0.0008860634488126746 -0.7094278063584968 -0.013678379030857191 0.9998793840494287 -0.007356582088372046 -3.776543232096421 0.0007853757236820568 0.007368011497746856 0.999972547418949 212.436462110565
0.9998983363953385 0.014214754693522782 -0.001121437843418235 -0.7244269654267922 -0.01422246625528754 0.9998729500807563 -0.00719757948356746 -3.8139782023612354 0.0010189835380845398 0.007212797363577789 0.9999734682614042 213.92019225393867
0.9999103744925829 0.013314094685479946 -0.0014063658158298127 -0.7335569348071485 -0.013324045006397996 0.9998844361114375 -0.007320126145064691 -3.841895570419048 0.0013087424381221344 0.007338208556470213 0.9999722185583022 215.33776822483074
0.9999291262655817 0.011837118019699415 -0.0012747873302072581 -0.7421712171321352 -0.0118463970666926 0.9999014345877638 -0.007535514970437421 -3.8749896145590426 0.0011854629002240574 0.007550082537239984 0.9999707950392319 216.71402953777311
0.9999392505293019 0.010967857442860834 -0.001096062959154345 -0.7462178206246434 -0.010975450376814152 0.9999139912840106 -0.007179799684207812 -3.917357063738428 0.0010172216687817197 0.007191393299795385 0.9999736242134013 218.16286748721885
0.9999537344768497 0.009587615051089871 -0.0007788089839970667 -0.7572273770913589 -0.009592352139381722 0.9999339864603294 -0.006325306473799724 -3.953625933570392 0.0007181129685081232 0.006332484440210502 0.9999796917710777 219.6158027753544
0.9999534558174631 0.009609660207486312 -0.0008605982853763363 -0.7681439938608846 -0.009614716993302906 0.9999353035589822 -0.006078315025095671 -3.989091427227575 0.0008021320657046783 0.0060863065238505034 0.999981156550986 221.03204231965506
0.9999525113134039 0.009724402895755211 -0.0006411757458451114 -0.7860293959089659 -0.009728320701885854 0.999932068744323 -0.0064200991440318345 -4.020089718925793 0.0005787005592641127 0.006426031825237585 0.9999791853936983 222.49859925062856
0.999946182264399 0.010373775040448886 -0.0001317811158343192 -0.80366372435165 -0.010374443922670585 0.9999216190370638 -0.00700904384292921 -4.056265417454973 5.9060542628151376e-05 0.007010033787857207 0.9999754276671734 223.92018101199866
0.9999352070319841 0.011381089886237546 0.0002291962117907697 -0.8145494306359495 -0.011379358681475542 0.9999140964542743 -0.006504606677597152 -4.08012440467823 -0.00030320603629611334 0.0065015771189224116 0.9999788185562068 225.28508078083695
0.999937255319058 0.011176867749367332 0.000750368110489532 -0.8262759530122533 -0.01117329802145823 0.9999269779944796 -0.004603921171222649 -4.100365345929819 -0.0008017707351647457 0.0045952482131334585 0.9999891203695913 226.63475672885494
0.9999376345303354 0.011081562400753647 0.0013878128962300418 -0.8341530651134227 -0.011075857545973832 0.9999304467454634 -0.004053029859129532 -4.133539375729114 -0.0014326302726227298 0.004037405872079763 0.9999908234200587 228.006030041328
0.9999356873983288 0.011178628780758964 0.0019129364371589636 -0.8395406989825402 -0.011168021913409196 0.999922682645477 -0.005468456602543791 -4.168538180630956 -0.0019739183803380482 0.005446741195823477 0.9999832181874726 229.46264128942275
0.9999290671991937 0.011673310238607522 0.0023652480255965213 -0.8429098469688654 -0.011656580748043627 0.9999077847769153 -0.006967500827846026 -4.197859924952292 -0.002446363712473635 0.006939435898898245 0.9999729294005876 230.9527794626598
0.9999116557615076 0.013008020388463711 0.0027335101705993625 -0.84018384636171 -0.012990311101310955 0.9998951439885624 -0.00639944103676833 -4.236268321134145 -0.0028164676051069724 0.006363366535508567 0.9999757872451539 232.34100520602013
0.9999180880219728 0.012522456423124445 0.0026467586992978596 -0.8472989780927017 -0.012508062249317354 0.9999072613695993 -0.005386746616935998 -4.265261439680339 -0.0027139685422943867 0.005353199555295821 0.9999819886524326 233.7016205913697
0.9999183059702356 0.0126405273059393 0.0018969594201043653 -0.8452329503288266 -0.012630427344306394 0.9999064766144631 -0.005245029032386717 -4.289736429977241 -0.0019630819427418084 0.005220641136698174 0.9999844454867332 235.11878486551677
0.9999154728722623 0.012927875818394406 0.0013846073318607263 -0.8413862528946809 -0.012920492265655299 0.9999029275515778 -0.005215012310388503 -4.318674486715509 -0.0014518919561773288 0.005196681692054572 0.9999854431486193 236.43778431529475
0.9998945821911724 0.014487723779331862 0.0009645540077950974 -0.8370051536198524 -0.01448275216639097 0.9998827384077783 -0.004975874179427692 -4.34843802247707 -0.0010365299933289206 0.004961380237028768 0.9999871550733629 237.82416886363168
0.9998788091633442 0.01553597378405 0.001000252304964278 -0.843645207706817 -0.015530736658691995 0.9998666561032327 -0.00504640780938809 -4.3799872536164095 -0.0010785197868547587 0.005030261575862984 0.9999867665442124 239.33241035773418
0.9998814429448578 0.01537755233286368 0.0007943165353791014 -0.8553991840777864 -0.015373546502473929 0.9998701807645515 -0.004824488138660928 -4.406473332284927 -0.0008684022366455993 0.004811704699360386 0.9999880466162797 240.76254584720343
0.9998929536232793 0.014623552903341223 0.00048269555341897704 -0.8439234753805337 -0.014621051113504787 0.9998814257039684 -0.004833155960296766 -4.4374954959300785 -0.0005533162300093184 0.004825581072104391 0.9999882037346578 242.26429541806152
0.9999166644440456 0.0129096168484196 7.720052115453578e-05 -0.840742153417599 -0.012909178427525689 0.9999078401344211 -0.004202897815117969 -4.465165470178487 -0.0001314512068113816 0.00420155096898976 0.9999911648059879 243.67263587031184
0.9999446187740767 0.010523194487071057 0.00014752136619342336 -0.8527222118091475 -0.010522596393310742 0.9999381755551331 -0.003594444688214017 -4.493926385666943 -0.0001853372862942246 0.003592693315664942 0.9999935290814792 245.161873646455
0.9999601402019007 0.008922541383782706 -0.0003259795227575688 -0.8506993090624491 -0.008923889044341117 0.9999505115518201 -0.004397573373902553 -4.521721907813292 0.0002867258601197182 0.004400307092607668 0.999990277495623 246.60896409957795
0.999965843302107 0.008255111200044666 -0.0004066548661099286 -0.8571344631174713 -0.008257209585686317 0.9999509947989434 -0.005461363425238643 -4.55242807278921 0.0003615507755269854 0.0054645347175566635 0.9999850039582387 248.0177948588292
0.9999759635267409 0.0069323044086159625 0.0001245967570563132 -0.863021527573261 -0.006931782464350824 0.9999687926747591 -0.0037899958380414114 -4.591555910527957 -0.00015086627358179393 0.003789041062292244 0.9999928101777518 249.56076502376783
0.9999880371345453 0.004872346352708015 0.0004310786679456672 -0.8668788234295726 -0.00487148132583528 0.9999861632283693 -0.001985452466809152 -4.622716404621706 -0.00044074651529405357 0.0019833287234276888 0.9999979360727128 251.05699872389746
0.9999935494844807 0.0035818638906206825 0.0002669091571837373 -0.8657520478316909 -0.0035810650837049445 0.9999892794029396 -0.002935481571522299 -4.649599639468002 -0.0002774207912012044 0.0029345068170896875 0.9999956558442874 252.51568982044125
0.9999959729257597 0.002808543761546886 0.00040769376071914104 -0.8665862102944708 -0.00280686922754316 0.999987853808812 -0.004051384946707373 -4.668962168369982 -0.0004190673007108534 0.0040502242884083274 0.9999917099985443 253.93452583924238
0.999992680993343 0.0036108122713128226 0.001264908884901692 -0.8790996990246245 -0.0036053136819001784 0.9999841580251632 -0.004322662600944942 -4.701158357470353 -0.001280497169411595 0.0043180705700395835 0.9999898572453386 255.43208125938298
0.9999825157942828 0.005430784905088598 0.0023398036351980193 -0.8859381980847383 -0.005420762699365152 0.9999761968586761 -0.004268611930853357 -4.730290054513836 -0.002362929853761569 0.0042558537772947515 0.9999881520653803 256.8699806088911
0.9999693499774526 0.007085826168207058 0.0033301911634142332 -0.8989251986926895 -0.0070708613577206685 0.9999649469425665 -0.00448417281232587 -4.768790939475816 -0.0033618484990888416 0.0044604880523169315 0.9999844008888369 258.343648582138
0.9999554771514447 0.008303170808598638 0.004483421611887355 -0.9109034236461199 -0.008281766113249317 0.9999543199422982 -0.004771831805740984 -4.796706136543027 -0.004522838143482768 0.004734488701019534 0.9999785640461847 259.85552350758525
0.9999454539147701 0.009058913347941084 0.005198584820812525 -0.906115376093608 -0.00903349657838333 0.9999472307432623 -0.004892000454825123 -4.839808002774523 -0.005242626703574172 0.004844772217160201 0.9999745211991217 261.29901279350895
0.9999410110275209 0.00913101358573143 0.005882096238309817 -0.9047095069024447 -0.009098547080515086 0.9999433556206745 -0.005522860770442132 -4.8739027132298425 -0.005932192367346658 0.0054690164530038325 0.9999674489465922 262.72660538385526
0.9999405039476191 0.00856312466847905 0.006757326460491447 -0.9077720541283488 -0.008522008241582812 0.9999451407200456 -0.006090232007009593 -4.905623375275522 -0.006809107174363759 0.006032283670459821 0.9999586229505744 264.2120727309404
0.9999440916195361 0.007414625796475797 0.007539029080654439 -0.9076804690360224 -0.007371590560324927 0.9999564686508623 -0.00572017970946999 -4.933925141581513 -0.007581113888582041 0.005664285267881588 0.9999552202896959 265.5888065347833
0.9999474096203174 0.006376249658268204 0.008032523508372875 -0.8926850399939447 -0.006338712145699961 0.99996891176888 -0.0046900132298863095 -4.966538510723091 -0.008062178486680298 0.00463885072598679 0.9999567402352926 266.9818302284928
0.9999518475876442 0.005351686556473971 0.008225688850052646 -0.8791726934834838 -0.0053146898143032065 0.9999756931337943 -0.004513004959689967 -4.997306452710909 -0.00824964109730678 0.00446907066286728 0.9999559844459042 268.388351876349
0.999953196533403 0.004858295751224341 0.008366702159326313 -0.8858504417013225 -0.00479968671928135 0.999963904326683 -0.007010923700486841 -5.028533025235696 -0.008400461298405066 0.006970438015715407 0.9999404208470846 269.7488819709032
0.999963077292574 0.003317781818219405 0.00792693984914826 -0.8759008811786338 -0.0032444978298748666 0.9999520469445835 -0.0092399699767041 -5.059790614766466 -0.007957215932552445 0.009213909872858025 0.9999258905436238 271.24705006457935
0.999969167509743 0.002876585760391705 0.0073067971255829384 -0.8935810428843186 -0.0028084923738865564 0.9999526945629387 -0.009312411444137414 -5.089485969422938 -0.00733323942450696 0.009291603235297652 0.9999299424003975 272.61601464966066
0.9999779066935213 0.0017173342886021084 0.006421595423586904 -0.8890684966671274 -0.001657078701521139 0.9999546633561979 -0.009376850343838398 -5.120064554993999 -0.006437407476617562 0.009366002089203882 0.999935416809429 274.02940292428224
0.9999829030079628 0.002195009632257757 0.005419928457226321 -0.8803971244723239 -0.002140527866853508 0.9999473315682647 -0.010037541031499751 -5.158930352967515 -0.0054416754973431545 0.010025767911841788 0.9999349339559854 275.4223760937832
0.9999851318308722 0.0026064013935869785 0.004789863147154538 -0.8854653908254297 -0.002557174138189823 0.9999441470982039 -0.010254927814139945 -5.199812090236191 -0.004816324077544934 0.010242526827973593 0.9999359447817444 276.9392424260822
0.9999876619831152 0.0027244101482378144 0.004153729756122665 -0.8876998473285076 -0.0026834732464325666 0.9999480897883121 -0.00982937943320863 -5.2365690859908245 -0.004180293396210899 0.009818111735485914 0.999943063293642 278.4512371473477
0.9999907821302552 0.0022662350889654575 0.003646893615332426 -0.9173737624441541 -0.002231095865151427 0.9999513263967844 -0.009610777728805869 -5.275653776685227 -0.0036684963896013605 0.009602552568642937 0.9999471651634437 279.8717820924141
0.9999944223964626 0.0019879368791222264 0.002683893241004514 -0.9205270471964507 -0.0019655726560904685 0.9999635409251143 -0.00830983421263468 -5.308639363154546 -0.002700314814631018 0.008304512476507724 0.9999618709593036 281.3156640311737
0.9999912469117731 0.0036187426274266257 0.002100190856383556 -0.9275448741826713 -0.0036043286678629598 0.9999702010686183 -0.0068268433145586655 -5.34931662774355 -0.0021248328618539746 0.006819213780485299 0.9999744913790185 282.739234889213
0.9999883156228265 0.0037943140528591797 0.0029952960938876374 -0.9503012202796564 -0.0037740987742504134 0.9999702577415392 -0.006726054620828205 -5.379113986366714 -0.003020727770585634 0.006714671487752789 0.9999728938279023 284.1706581731605
0.9999832364546622 0.004356569316693143 0.0038140678346751025 -0.9460636907029976 -0.0043295362529937945 0.9999656520446132 -0.007067520557183965 -5.407522215359214 -0.0038447269724482653 0.007050888935521235 0.999967750999865 285.5958135198646
0.9999874225977274 0.003225078256749188 0.0038410306678614654 -0.931630227733893 -0.0031966043302454426 0.9999675376627747 -0.0073963059295629125 -5.434551798385857 -0.0038647596444627828 0.007383934647982576 0.9999652699679157 287.0048781292676
0.9999902744303032 0.0009649857651781494 0.004303469214444673 -0.947607458830273 -0.0009292632059191394 0.999965162761923 -0.008295163194010581 -5.476835997338149 -0.004311324007865614 0.008291083463224155 0.9999563342568047 288.6117555720673
0.9999882087685888 -0.0005024704907636117 0.0048300980522924955 -0.9528468098947135 0.0005522587853104412 0.9999466761191145 -0.010312125317751861 -5.513693586541286 -0.004824658954050542 0.010314671189179342 0.9999351630102012 290.16907241286776
0.9999890911962898 -0.0007782485546808473 0.00460562890442151 -0.9461975139102375 0.0008303148812727444 0.9999356517322643 -0.011313839841976031 -5.550044923979008 -0.004596527560675221 0.011317540543735096 0.9999253898218738 291.54606530075483
0.9999966207440157 5.7746411857450175e-05 0.002599070199241201 -0.9633396614172413 -2.580275825748784e-05 0.9999244898610641 -0.012288771716833917 -5.587821880748534 -0.002599583575562584 0.012288663126748655 0.9999211123502656 292.994643831141
0.9999995062730207 0.0008647072622898779 0.0004896274756694539 -0.9695683954791408 -0.000859044550266136 0.9999340799369124 -0.011449795770285863 -5.635071721531547 -0.0004994959209501215 0.011449369505398287 0.9999343290645418 294.5510193120464
0.999997804202902 0.002050977652268894 0.0004302093025713344 -0.9972607658456604 -0.00204739337305078 0.9999645068040471 -0.008172717572179281 -5.671299963132575 -0.00044695609416755264 0.008171818818874774 0.9999665102429396 296.07877354888495
0.9999995292364858 0.0006504438654688788 0.0007200344326745771 -0.9915369365335349 -0.0006465935742041861 0.9999855610734523 -0.0053347503561662225 -5.700061348119853 -0.0007234939917937084 0.00533428227512315 0.9999855108895603 297.53075342891503
0.9999994270605103 -2.7254365549453548e-05 0.0010701102048572433 -0.9999766974030059 3.2142163999673086e-05 0.9999895669666254 -0.004567814004788492 -5.7333859481483165 -0.0010699745474895544 0.0045678457833652954 0.9999889949091284 298.9922140697737
0.9999986933941393 -0.0009747344072496099 0.0012896134495504127 -0.9911761224764358 0.000982274705202204 0.9999823517835347 -0.005859288171324289 -5.766595668378657 -0.0012838794403909795 0.0058605472702151305 0.9999820026576868 300.46106212210094
0.999997464344656 -0.0016733456377174979 0.0015070562812440767 -0.9792658214712423 0.0016822768582287124 0.9999809154857612 -0.005944628569659418 -5.801422436745022 -0.0014970801015225924 0.0059471487820363204 0.9999811949094521 301.98112233679393
0.9999971981389537 -0.0017393581636124076 0.0016057233325346106 -0.9725701529475833 0.001748263621704092 0.9999830068948182 -0.005561429304317556 -5.840352431877531 -0.0015960227288477798 0.005564220949654337 0.9999832459379877 303.50333699115185
0.9999962625029507 -0.0016353477632576267 0.0021910312235770978 -0.9889200509118258 0.0016472873991694387 0.9999837446857862 -0.005458645291345637 -5.887244902058671 -0.002182068824308959 0.0054622341478008755 0.9999827011372557 305.2623082332242
0.999996332547121 0.00015138544382551082 0.002704066336973494 -0.9914414754493381 -0.00013414378294393883 0.9999796689460965 -0.006375241164110001 -5.935470077621893 -0.0027049764791686683 0.00637485504952577 0.9999760218751979 306.95573189549407
0.9999933303663249 0.000859071058464723 0.003549819683027278 -1.0042925059192909 -0.0008346705729526435 0.9999760563668117 -0.0068694991166177175 -5.977387340849898 -0.0035556360753246684 0.006866490369546434 0.9999701039341656 308.45421386840087
0.9999906287671159 -0.00046832734275449345 0.004303841010972527 -1.006885825810404 0.0004892684851275806 0.9999880416347204 -0.004865922718845889 -6.016578900975911 -0.0043015106994132 0.004867982852922636 0.9999788996517114 310.04001047696096
0.9999903078863358 -0.0011660800433741696 0.004245514188322009 -0.99384597685314 0.0011830254481528667 0.9999913359644315 -0.003991045835426924 -6.051765033575559 -0.004240823526135694 0.003996029705082404 0.9999830234371068 311.4278248226305
0.999989983235478 -0.002280403477040757 0.0038513878914052686 -0.9783675064928093 0.00230040122628613 0.9999838551273047 -0.005195925223853758 -6.090441962712564 -0.0038394769052916646 0.005204732914922694 0.9999790843674577 313.00343673890404
0.999992367948049 -0.0008597616060365754 0.0038111488601694516 -0.9856407792575017 0.0008799563334093495 0.9999855658812224 -0.005300349617031138 -6.1263989487908495 -0.003806536812495357 0.0053036628090646605 0.9999786904921044 314.6444867530985
0.9999945384289062 0.0005502178811696972 0.0032588913209480393 -0.9774693211636228 -0.0005262848111302581 0.9999729215818234 -0.007340240282855157 -6.154683102043883 -0.003262841806782322 0.007338485088607762 0.9999677497299347 316.17282925797406
0.9999946211957194 0.0020074057220291286 0.0025938199429661234 -0.9899817465423556 -0.0019805805515475195 0.9999449564561743 -0.010303463424430084 -6.193008659729126 -0.002614360401359876 0.01029827073478375 0.9999435537766949 317.75078562446106
0.9999932014578083 0.0033682343431055885 0.0015006783708282382 -0.9898376783307667 -0.003353139557440762 0.9999448744207088 -0.009950104263838827 -6.227747385590917 -0.0015341099279632137 0.009945004633627007 0.9999493704131059 319.3082347264547
0.9999914066116062 0.004129811092418943 0.0003624407287394767 -0.9867634544244531 -0.004127423773396635 0.9999712739661579 -0.006357327700677729 -6.273510604322543 -0.0003886848797118008 0.006355777123211448 0.9999797263051013 320.8797591275056
0.9999849041971272 0.0054353242272702565 -0.0008053746995519537 -0.9948382529972631 -0.005438260090593955 0.9999784075988406 -0.0036891277118148904 -6.306535472502936 0.0007853057043482499 0.0036934518585567573 0.9999928708287477 322.35961831915967
0.9999803053187756 0.005940580457487156 -0.0020244699050093818 -1.0131563342812862 -0.005950265665442452 0.9999707185479824 -0.004812108180685663 -6.343750869050846 0.001995823909772935 0.004824059541515537 0.9999863724753764 323.84371049623866
0.9999773732504712 0.005331601928317655 -0.004102073617764985 -1.0168210517634801 -0.0053573345801777965 0.9999658801844789 -0.006287879855448065 -6.378596940333784 0.004068409183406985 0.006309713762008416 0.9999718173823495 325.23865930776003
0.9999728770317047 0.004014262851565799 -0.0061750218375064125 -1.027287212111728 -0.004045482215660634 0.9999790575132921 -0.005051594646342831 -6.413031267819194 0.006154614088463107 0.0050764385731263675 0.9999681747419947 326.78570213375343
0.9999731555369576 0.002695164286563069 -0.006813537622088852 -1.0584270894822534 -0.0027273794286557275 0.9999851260634159 -0.004723246064535784 -6.445413770576786 0.006800706353851982 0.004741702373878221 0.9999656327352892 328.30918277647925
0.9999709769513772 0.0022724749428914633 -0.007271940081033044 -1.0770160550147498 -0.002312594849093204 0.9999821267834252 -0.005513439830238614 -6.479266449462329 0.007259280954209086 0.0055300968645806735 0.9999583595673858 329.8283948730225
0.9999669575670374 0.0019245059833672062 -0.007898104256274772 -1.0816998248712923 -0.001976918509033569 0.9999760429117042 -0.0066336562963510565 -6.50860714289273 0.007885148529459204 0.006649051012698108 0.9999468058618418 331.2847121376598
0.9999689446647337 0.0018767273723051701 -0.007654253749975998 -1.1100841598994218 -0.001928465509989133 0.9999753074460215 -0.0067576267292154555 -6.5457656835284235 0.007641382523846978 0.0067721778332133385 0.9999478720816003 332.73582104451003
0.999968889911239 0.0013371550847154896 -0.007773752373473767 -1.1303004901906735 -0.001392205763744967 0.9999739636856323 -0.0070805165035412185 -6.579711552075339 0.007764082224967461 0.007091118890904618 0.9999447160018796 334.3237130425052
0.9999701521304583 0.0007392381190500922 -0.007690798085489828 -1.1539287757812686 -0.0007999029119168277 0.9999685701976114 -0.007887887694192387 -6.6112378901428555 0.007684725337962833 0.007893804149333095 0.9999393145849066 335.8184859060811
0.9999683260679598 0.0002891490561391313 -0.007953820067485922 -1.1731837823691191 -0.0003569276990542516 0.9999636283264731 -0.008521421640356547 -6.652645201734458 0.007951066812714255 0.008523990672122013 0.9999320587517744 337.4318227156932
0.9999689133637848 -7.147857714665451e-06 -0.007884938488023453 -1.189028745485611 -5.775053732908229e-05 0.9999661278497607 -0.008230420282814292 -6.701420536060757 0.00788473023807491 0.008230619786167551 0.9999350418537242 339.06345022568786
0.9999671023186276 0.00033142439390156396 -0.008104593657841252 -1.1972866205286172 -0.00040533099586265284 0.9999583374581154 -0.009119158666568141 -6.74086129388487 0.008101233688234013 0.009122143710410336 0.9999255754839237 340.5963525268313
0.9999664091829786 -0.0010396879534781977 -0.008130163261546135 -1.2141528201665701 0.0009556475597154144 0.9999461469070058 -0.010333925854911228 -6.784174022651558 0.008140469485330934 0.010325809159217735 0.9999135514742095 342.096283330293
0.9999638891082531 -0.0027024531002305327 -0.008057122733252988 -1.232452811509872 0.002633980534531717 0.999960431442893 -0.008496922683388707 -6.829512824597753 0.008079766459579692 0.008475393547489777 0.9999314401888635 343.8074250639138
0.9999573900728983 -0.004138294809828939 -0.00825182129377804 -1.2440551418443735 0.0040740518002653605 0.9999613817542967 -0.007786982853903942 -6.869639182651224 0.008283727453643875 0.007753032703734796 0.9999356331001358 345.41322335183725
0.9999539065681692 -0.004875671471205812 -0.008271188956981736 -1.261102186147507 0.004804324593362379 0.9999512713498561 -0.00862400087016659 -6.910483280301799 0.008312833708118677 0.00858386588384798 0.9999286044724544 347.0073772812865
0.9999637620511778 -0.003322831713719426 -0.007837944491877481 -1.278376320076979 0.0032502575437300717 0.999951898755485 -0.009253972184977172 -6.946471255418638 0.007868316869246677 0.009228161501794651 0.9999264626085974 348.36151610167343
0.9999686357687105 -0.0016809017051165947 -0.007739641356118053 -1.289067771190015 0.0016165234747944355 0.9999641086817666 -0.008316742158794719 -6.9943380858231805 0.007753343196262469 0.0083039699986314 0.9999354627932463 349.9752780601322
0.9999728278929613 -0.0007497355496304553 -0.007333578414334976 -1.3127359125709377 0.0006962791776939849 0.9999731917431565 -0.0072891007889480065 -7.036118693558063 0.0073388467118671455 0.00728379651077326 0.9999465423898071 351.57934162007325
0.9999763993852118 0.00023906263115862619 -0.0068661140134353964 -1.3349956732896608 -0.00029037043035970303 0.9999720376769056 -0.007472586520794601 -7.081326030548921 0.006864135604741307 0.007474403879639651 0.999948507138765 353.1416560953623
0.9999775336314188 0.00022498130350302888 -0.006699374286980651 -1.3549982433014878 -0.00028079480433109447 0.9999652540562106 -0.008331376511500661 -7.120619017302258 0.0066972671069502965 0.00833307048521724 0.9999428516418265 354.7968595679188
0.9999795983965483 -0.00026687965639181366 -0.006382128635988565 -1.3894061671351532 0.0002141116219083542 0.9999658019750745 -0.008267347613344961 -7.162367783917198 0.006384116766684285 0.008265812458283922 0.9999454582113542 356.46581932177037
0.9999827439928411 0.0006237931751822574 -0.005841455180161857 -1.4263814567704576 -0.000673174404312062 0.9999640255676987 -0.008455436515311315 -7.206304240375175 0.005835970593536068 0.008459222926349534 0.9999471901029149 358.13681785115944
0.9999829530778247 0.0015617808921354925 -0.005626223795522606 -1.4462992072475598 -0.0016083598437983053 0.9999643943571853 -0.00828391190686258 -7.244167534141667 0.005613085814879054 0.008292819684085961 0.9999498599476492 359.66489052383884
0.999980232402368 0.0031033735687100547 -0.00546844374557375 -1.4605398218788095 -0.003145273414438238 0.9999656366937982 -0.007670246848404206 -7.28500392706388 0.005444452190431623 0.007687294976782097 0.9999556307338278 361.14449273247703
0.999978326440973 0.0041381698113541945 -0.005120761556892018 -1.4798585025213569 -0.004180927472541403 0.9999562512529448 -0.008367522072101698 -7.323181298481172 0.005085911302754917 0.00838875025079174 0.99995188002996 362.76123653458563
0.9999737693848353 0.005598523059386745 -0.004595332614398222 -1.4946743265760323 -0.005639738796239636 0.9999435443822029 -0.009005631275386235 -7.36524827577343 0.004544654947696528 0.009031311527765044 0.9999488894556041 364.3749233689071
0.9999677393127107 0.0067877372597691206 -0.004294992051012633 -1.513769124049928 -0.0068262072900807805 0.9999361399824386 -0.009006600416048281 -7.406048033787388 0.004233583335516585 0.009035628362978219 0.9999502158568838 365.96729113835977
0.9999554770253652 0.008320072840625579 -0.004452005716558378 -1.509813257905087 -0.008356405335536995 0.9999314175551688 -0.008205527160352999 -7.445895005352561 0.0043834298034516874 0.0082423645901991 0.9999564235351066 367.4976688433328
0.9999475970648576 0.00930294072291057 -0.004272987025769598 -1.5198853312053413 -0.00933635023262425 0.999925472351929 -0.007866530754140273 -7.48772000279196 0.004199486700795199 0.007906012628251463 0.9999599288350374 369.1108291204626
0.999940179881887 0.010207643428932415 -0.0039294622286397225 -1.5344645674382018 -0.010240228802270998 0.999912588828574 -0.008363756106946205 -7.5265551810523865 0.003843744509676603 0.00840349437835925 0.9999573025436529 370.6781339668515
0.9999404771363056 0.010217673295971149 -0.003826399983449836 -1.5425259865237901 -0.010248238775774505 0.999915037591893 -0.008055507407867304 -7.567488325915153 0.0037437663403656197 0.008094241781679968 0.9999602329410755 372.2879696079253
