1.0 0.0 0.0 0.0 0.0 1.0 0.0 0.0 0.0 0.0 1.0 0.0
0.9991174526834355 -0.0004304710384935562 0.04200155280520011 0.04087263222646724 0.0005142760433391164 0.999997898639872 -0.0019844989270943526 -0.017624156020242775 -0.0420006102754977 0.0020043479052822776 0.9991155745587996 0.6047411888295608
0.9961657884320484 -0.004853435013397466 0.08735082212621778 0.08298587088573926 0.0054768724206035995 0.9999612036424468 -0.006898918642622889 -0.028272632662560884 -0.08731394977919532 0.007350876037577123 0.996153722472308 1.1028465896606332
0.9912507627090824 -0.00445010945337443 0.13191710258535608 0.15398840640531525 0.005913670526261233 0.9999252144681847 -0.010704857386331874 -0.042163024653762524 -0.13185959930763175 0.011391312330362226 0.991202947974744 1.5935637587937754
0.9839809491939193 -0.00208763411952548 0.17826141872883286 0.22440743236583865 0.0044842818873891506 0.99990488491281 -0.0130427122737021 -0.05265684896380677 -0.1782172349672941 0.013633154854366574 0.9838967193000133 2.003401069680428
0.974548992367956 -0.004484087408375376 0.22412977141539148 0.43730540473007723 0.007639187313207608 0.9998835364740466 -0.013211975830570459 -0.07391912867994915 -0.2240444248174797 0.014587887039180809 0.9744697477397319 2.9242914198291903
0.9630306778085314 -0.005075412155074638 0.2693439321594171 0.5061995510904209 0.009319343783197214 0.9998517258081974 -0.014480201304536772 -0.08147992157505231 -0.2692305024158503 0.016454986776823787 0.9629351847238128 3.1730344605036205
0.9495319040721474 -0.007527456983132792 0.3135801341610934 0.6764342450994738 0.013561361849941075 0.9997624076407087 -0.01706510278986023 -0.09832896200188337 -0.3133771730900278 0.02045643321355456 0.9494083851147946 3.694051147148583
0.9344966421766432 -0.00918579638631793 0.35585340648268077 0.8640945886318693 0.017113080465529396 0.9996704378623669 -0.019135259105753 -0.10932264437736273 -0.35556035807941144 0.023971583360577066 0.9343458647383355 4.1767357044564655
0.9172413309791494 -0.009070635125287815 0.39822865833842575 1.2348927796499864 0.01855040994453439 0.9996287069297073 -0.01995822068550516 -0.13845354210370622 -0.3978997650596046 0.025693809769388058 0.917069029629202 5.035529153189478
0.8978603793081092 -0.009484431976201697 0.4401781285102511 1.6454335005927616 0.019635732458141437 0.9996357807449499 -0.018513342898219202 -0.1672805445977765 -0.4398422186188256 0.02526561704220887 0.8977195950384207 5.864914404707596
0.8761768397919932 -0.009219313764241843 0.4819015974925094 2.1142951487263937 0.020149489701092357 0.9996436212706143 -0.01751081145345 -0.2024055605752856 -0.4815684203484504 0.025052638717092526 0.8760503534708547 6.703961075361505
0.8523322348302499 -0.009505729880647806 0.5229143357842736 2.6010145861934943 0.02117574093840702 0.9996421691132463 -0.01634385897740869 -0.2304058000219297 -0.5225718605751573 0.025003496355512148 0.8522285349042349 7.502351869788303
0.8269324383006669 -0.009901073638894349 0.5622141151082131 3.13750261182653 0.022989933431674353 0.999604257412953 -0.016210845835616064 -0.26363020236924584 -0.5618311182614588 0.02633053935444772 0.8268328109420809 8.287698837376915
0.7996603169691224 -0.01137507296666081 0.6003448885264584 3.666709092414954 0.026158828393866233 0.9995312647915248 -0.015904917519917853 -0.2883300110601763 -0.5998825661426603 0.02842285030144364 0.799583046605441 8.993886941171462
0.7708090072235785 -0.010118893148276515 0.6369859357823019 4.219856294957493 0.026726585560641013 0.9995071956150409 -0.016463764394157292 -0.3154979002634136 -0.6365054312472684 0.029714877001433965 0.7706995926283591 9.675238908449623
0.740270036628524 -0.012982012806201213 0.6721843052418756 4.806653072276086 0.031338511257725035 0.9993930721705402 -0.015211344768922507 -0.33848493107465966 -0.6715788640079088 0.03232575816634799 0.7402275830964541 10.32487012646191
0.7082247421694844 -0.01196667464133404 0.7058856233675505 5.472065942513435 0.031443883468504526 0.9993987991593067 -0.014605561658310324 -0.37000697723593506 -0.7052864643330301 0.03253980542295929 0.7081752355820201 10.997854527097157
0.6742668049345857 -0.01076733009334412 0.7384093311747664 6.170799627299021 0.03277344370928248 0.9993448585994962 -0.015354314644015406 -0.40041149512345037 -0.7377602436772668 0.03455312132664575 0.6741779473224012 11.629371535846598
0.6388173509622178 -0.011725693524437463 0.7692690688055674 6.873005888985093 0.03731155239803799 0.9991794904973166 -0.01575416856490124 -0.42356563953685794 -0.7684531476721682 0.03876665939817132 0.6387306990836148 12.212002820713641
0.6022080352880754 -0.009960810774031218 0.7982770599755447 7.605969360183039 0.037370565598446696 0.9991777578059621 -0.01572415761503068 -0.4565245323801319 -0.7974640575357164 0.03930127929945896 0.6020851155643179 12.769743833402238
0.5647232107262332 -0.008518336075765243 0.8252364105015931 8.3796582282427 0.04032494983696558 0.9990371400581928 -0.01728268512104259 -0.48095219396599503 -0.8242946036992485 0.04303755028863999 0.564522962843366 13.292668846673214
0.526778958294487 -0.007039748238355945 0.8499731590132213 9.183413844449092 0.045271901040177275 0.9987787489888901 -0.019785488227390267 -0.5114605080606086 -0.8487958435774671 0.04890247961942595 0.5264543317446332 13.769819093828984
0.4877057073007193 -0.006081589360020739 0.8729869170481079 10.043936100992779 0.046935401574041365 0.9987121608555912 -0.01926364031638946 -0.5491030574860299 -0.8717454967737939 0.05036897884622872 0.4873630626387271 14.273840474021299
0.4493986328677562 -0.007800629829207773 0.8932972735606317 10.870282506348186 0.052066449025650684 0.9984907281093358 -0.01747428869933697 -0.5746487804710302 -0.8918127346379682 0.05436373841041597 0.4491265192388366 14.68361144198877
0.41247303968765686 -0.008303961957829533 0.9109319599984548 11.709397439634277 0.055924589525466736 0.9983031972460193 -0.016222412113598813 -0.6005260066163124 -0.9092515778469856 0.05763480358410451 0.412237549961899 15.057631486006683
0.37729350166776726 -0.005799076264451139 0.926075582397977 12.5944895790584 0.05750094129972098 0.998197692332452 -0.01717581939277811 -0.6258155350343496 -0.9243069053885299 0.05973054274528547 0.37694695504067044 15.41485253929422
0.3444304990433554 -0.006408504688883726 0.9387899458326109 13.486247249911887 0.05819024854273587 0.9981996904564433 -0.014535231239824174 -0.6425683741567364 -0.9370066842361798 0.059634797227064454 0.3441833300094692 15.72545144900769
0.31097127589955664 -0.007864168133591884 0.9503867741214453 14.47725602423217 0.06056201917651795 0.9980975263936824 -0.011557233236170394 -0.6638265792764634 -0.9484878003425585 0.06115130960477275 0.3108559311561489 16.046780046843708
0.2780783676224172 -0.007547770459449345 0.9605287359686548 15.669889626802782 0.06118186324615507 0.9980778373745413 -0.009869658124139135 -0.6836197515462132 -0.9586079496176635 0.06151147618818846 0.2780056424372883 16.39498261600811
0.24557110041291252 -0.004411532589467541 0.9693685434457846 16.614467852890428 0.05861344139791707 0.998227557395549 -0.010305733530828105 -0.7008001262174689 -0.9676049292606381 0.05934881663797151 0.2453944148390266 16.641280109681166
0.2149940684846722 -0.002575244781528819 0.9766119590864745 17.569957469892287 0.05855620818983415 0.9982314031416584 -0.01025847280371271 -0.7116520724855135 -0.9748583081652621 0.05939220400145903 0.21476462722015513 16.83770227477153
0.18458719955597983 -0.0024110145378330727 0.9828131830459834 18.184076324388055 0.06069768503216483 0.9981160572107736 -0.008951389264003002 -0.7248652656922772 -0.980940037306979 0.06130679690636233 0.18438579083341822 16.953507213003324
0.15377118238946944 -0.002673536573488922 0.9881028669469253 18.802669106549796 0.06245460891865915 0.9980231238990787 -0.00701897339655712 -0.7373179658435333 -0.9861307445219231 0.06279089396492503 0.15363417049512024 17.055169417956613
0.12336119201383874 -0.0031834003275910266 0.9923567313558554 19.660382181543252 0.0611492324459983 0.998118937994041 -0.004399657817727838 -0.747377561410842 -0.9904760409400071 0.06122459946787829 0.1233238044491322 17.161589771689837
0.09379110942028075 -0.0034878150503098843 0.9955857888398599 20.38197699444344 0.06180787597245639 0.9980853547898776 -0.0023261602991907627 -0.7574301193963621 -0.9936714820610919 0.06175321611170481 0.09382710716192151 17.23468301303967
0.06665228430368772 -0.003225434350048999 0.9977710506776353 21.043582511087095 0.06476829864666021 0.9978997223384223 -0.0011007485256089105 -0.7644716442293511 -0.995671904036424 0.06469730079495686 0.06672120189512065 17.278795514617137
0.04146834738346877 -0.002745478837025057 0.9991360460474028 21.7152403223503 0.06870868012040418 0.9976367600991691 -0.00011034013239557823 -0.7683112735646154 -0.996774544940528 0.06865389460757704 0.04155898595750104 17.301415560971094
0.018807025426405315 -0.0023881035295686363 0.9998202802284725 22.434736182096497 0.07291779709040762 0.9973374422111771 0.001010559819578563 -0.7735366875201743 -0.9971606142754001 0.07288568669635262 0.018931085882971505 17.30889383875842
-0.0012645509996067172 -0.0023984613108481365 0.9999963241402983 23.194777413606452 0.07870516921835652 0.9968948256969588 0.0024905495257387614 -0.7746818946014234 -0.9968971347381232 0.07870802933608913 -0.0010718530450040094 17.29503577832251
-0.01943392501944426 -0.003148624303517343 0.9998061855796515 24.11933440769386 0.08314003000222776 0.9965265333161659 0.0047543462319358755 -0.7839134336248804 -0.9963483617538436 0.08321631187369316 -0.019104645209293065 17.285315267601423
-0.03494318098892612 -0.003013165709273642 0.9993847582061586 24.95202166289651 0.0863602774503997 0.996245764252903 0.006023262142664592 -0.7851599868576025 -0.9956509813087444 0.08651761693757948 -0.03455177822308347 17.256299540450197
-0.04923613103279844 -0.0037581349850788802 0.9987800958280825 25.74255025402555 0.08872623505953199 0.9960229386378657 0.008121632800810527 -0.7880241192184442 -0.9948384082920614 0.08901787533200542 -0.048706870750375525 17.214469373244317
-0.06244233283115581 -0.004815258787357497 0.9980369574085984 26.674431001137847 0.08895334807767623 0.9959818020290784 0.010370722862062445 -0.7892735456594077 -0.9940765850458281 0.08942630099540468 -0.06176309378507831 17.15383005625269
-0.0746611287697634 -0.0045953958816985895 0.997198374541151 27.538634497580514 0.08872390815085522 0.9959929191780482 0.011232678648873177 -0.786779473095619 -0.99325413866405 0.0893139814580042 -0.07395423411040035 17.089522879059228
-0.08587378344549061 -0.001616611975732477 0.9963047123658884 28.380577901827376 0.08886176570364997 0.9960007806603772 0.009275317781574335 -0.7826357080391354 -0.9923352658818425 0.08932990255026307 -0.08538670035534775 17.01642683687241
-0.09620968148963699 0.0016891075765346633 0.9953596556538024 29.267460427069143 0.08957147873819728 0.9959560238112634 0.0069676990973552315 -0.7868197197276456 -0.9913226757137737 0.0898261963441262 -0.09597190769194525 16.93869336038927
-0.10579592908045717 0.004268511365422277 0.9943787010996992 30.189541975492347 0.09075367808129708 0.9958588339220664 0.00538078192263148 -0.7855590988407654 -0.9902378458252946 0.09081278935318467 -0.10574519367410978 16.84558989105941
-0.11350641380301657 0.005405042851310193 0.9935225611617245 31.31491877774875 0.0904368822898776 0.9958900648491996 0.0049141689372777094 -0.7827324658406805 -0.989412686570809 0.09040887260901329 -0.11352872502720214 16.724274883286085
-0.11922833681351329 0.006217036506591465 0.9928473962083791 32.22546110303972 0.0901267244777839 0.9959197431633827 0.004586797607009287 -0.777501263990076 -0.9887678075441119 0.09002895997654177 -0.11930217571340954 16.61288322952216
-0.12434595335433767 0.008014962261625364 0.9922065532258616 33.35674884539556 0.09104115163325385 0.9958414453019085 0.0033651936492465895 -0.7706482411231625 -0.9880534361023661 0.09075007547628149 -0.12455854530042298 16.471918456308238
-0.12920132586746985 0.00962535839603111 0.9915716665323968 34.399818382450086 0.09003613858014464 0.9959363603678315 0.0020639396439388895 -0.7710986909862987 -0.9875224104513607 0.08954394771856329 -0.12954292834157494 16.346576055531415
-0.13349577092180256 0.010533053830512451 0.9909934076082424 35.57444292830732 0.09040642037510836 0.9959036803288099 0.0015933180758060262 -0.7713491134509828 -0.9869171993135766 0.08980486782204536 -0.13390118526179007 16.191339310292694
-0.13671416795171082 0.009639608665806971 0.9905636346172014 36.76779347637894 0.09006628000494285 0.9959320078488549 0.0027387859024479615 -0.7673671766647774 -0.9865076287020509 0.08959081251399793 -0.1370262194827658 16.038420444660463
-0.13921832237213141 0.007627157970667271 0.9902323389877644 38.067297175090125 0.09088811698661008 0.995848011335323 0.005107691270089929 -0.772612915706084 -0.9860819483727091 0.09071143687966135 -0.13933350750164056 15.865037874936922
-0.14129174929321076 0.0064443512162879486 0.9899470248043905 39.33795366235414 0.09092169127111611 0.9958368695670337 0.006494248788762115 -0.7711233597522612 -0.9857838949983231 0.09092524153573445 -0.14128946462353134 15.682965890170543
-0.14315808273761801 0.007393997534620621 0.9896722144969748 40.67437099068525 0.09350517487524848 0.9956001835664837 0.006087425887257045 -0.763682874001628 -0.9852728280118349 0.09341093770454134 -0.1432195904851004 15.481861982030761
-0.14418372206035887 0.007169628479029803 0.9895249621511792 41.760167906184655 0.0931999608345616 0.9956270572657172 0.006366328678608364 -0.7584542451687957 -0.9851521819461487 0.09314160868205251 -0.1442214239940173 15.325232735574234
-0.1448444205793965 0.008566716026010397 0.9894173564293015 43.11983967547639 0.094939514889563 0.9954690432880454 0.005279428730243927 -0.7527735745401377 -0.9848891218505531 0.09469949963813434 -0.14500145664348935 15.124656196294701
-0.14469216262031037 0.008947718011955121 0.9894362619282937 44.46485963444738 0.09471977166808672 0.9954921655010406 0.004849049514511696 -0.7455325320077013 -0.9849326590845708 0.09442079627088112 -0.14488744010496443 14.922506930439162
-0.14422437227213888 0.010359914162041139 0.9894907794523713 45.78865241169152 0.0942068601817264 0.9955471486846064 0.003307905780196247 -0.7422177659384279 -0.9850504545135789 0.09369390014566147 -0.14455813757131328 14.733321160424774
-0.1428253855513982 0.010269605129873875 0.9896946218165326 47.13583429686868 0.09469212374679722 0.9955010179525726 0.003335409377084216 -0.7417824232151481 -0.9852077501432962 0.09419266673084487 -0.14315526742567442 14.531936590052721
-0.14137218979942429 0.009194229891653598 0.9899138195257269 48.56879544414477 0.09387376649441953 0.9955754186163165 0.0041595445781038125 -0.7408946971209512 -0.9854956214593076 0.0935149826693322 -0.14160977403021235 14.325712521224562
-0.14031631920330137 0.009946661883736047 0.990056763262898 49.847532882726014 0.09476180832007922 0.9954940695303296 0.0034288793871288825 -0.7418309150525387 -0.9855615304227058 0.0943006969609111 -0.14062662729206254 14.14463501770499
-0.13934854035555924 0.010744938896849188 0.990185099155141 51.43698967487302 0.09457991829699894 0.9955141143005888 0.002507445562089904 -0.7377533652400782 -0.9857162996297203 0.09400103465609765 -0.13973969417411475 13.926246787983732
-0.13866421888909503 0.011392969345533042 0.9902739189988633 52.96202989635892 0.09574589180777011 0.9954038890935425 0.0019549371818802816 -0.7401697706301053 -0.9857002376999878 0.0950857393458247 -0.13911773277065018 13.72261361838579
-0.13762767334121126 0.011301635026199179 0.9904195558329902 54.349870442392245 0.09527771784106183 0.9954489537755176 0.0018806674948744608 -0.7394008181019542 -0.9858908560351315 0.0946237468765738 -0.13807811743123638 13.528708748621963
-0.1369400673798879 0.00968920435213786 0.9905319466150562 55.742410803826104 0.09705055772907181 0.9952726437050986 0.0036815671581169945 -0.7418884320750376 -0.9858136777253947 0.09663583192215087 -0.1372330455766614 13.33920435320432
-0.13653349240120827 0.007872785781525376 0.9906041715522732 57.20251198076118 0.09872449433494372 0.9950984879897573 0.005698545323895006 -0.7415037654804935 -0.985703849881413 0.09857493821726235 -0.1366415086436919 13.145399958107852
-0.13602237782005838 0.009030475902556638 0.9906646068358094 58.57105875020988 0.09999570917888098 0.9949769555894338 0.00466004203784994 -0.7390588806631562 -0.9856463721223704 0.09969607991769423 -0.13624214021753653 12.96252828083469
-0.1356789677196506 0.01094979814059229 0.9906923435856404 60.15318172003526 0.10198961577740161 0.9947810213048788 0.0029728648136730625 -0.741013853456362 -0.9854893890814392 0.10144368670500262 -0.13608762778294495 12.76199712710955
-0.13506978533234412 0.010460769001614422 0.9907808664897438 61.562059544166225 0.10132023547054689 0.9948483607429498 0.0033089290198728342 -0.7496492950823543 -0.9856421069406824 0.10083308702484785 -0.1354338421022314 12.574052191059561
-0.1347349768058262 0.010294097821201362 0.9908281978098824 62.93493087402795 0.10152216718124549 0.9948272270716432 0.0034695601693322756 -0.7492799660365005 -0.9856671525398202 0.1010584970548888 -0.1350831024852865 12.380412873853146
-0.13478809361951036 0.009305711955158962 0.9908307491915176 64.32240653871398 0.10102740659192247 0.9948739148441981 0.004399622698593147 -0.7455574758585878 -0.9857107247746313 0.10069407771853944 -0.13503729031894984 12.2020032530303
-0.1347153601309632 0.009496488408607123 0.9908388307150101 65.81458560802818 0.10218512488603766 0.9947558484538598 0.00435915345757804 -0.7431293471801873 -0.9856013250786599 0.10183623458645294 -0.13497929222085603 12.00686155986422
-0.13522027365048972 0.009384313693268967 0.9907711200122818 67.2976240114825 0.10322745021270131 0.9946468260204144 0.0046674414940119004 -0.7442735874283519 -0.9854235490977835 0.10290590917931841 -0.13546513477462388 11.83175367160393
-0.135129220666749 0.010411380136171756 0.9907732822829123 68.79368341348363 0.1036703573864094 0.9946048752091103 0.0036877106237246243 -0.7458275814159198 -0.9853895426283821 0.10321213772580413 -0.13547953315795908 11.631928248538213
-0.1357405380201942 0.01114903760637359 0.9906816871722409 70.21854847624428 0.10315921883144075 0.9946605085967549 0.0029407835914668913 -0.748892849124291 -0.9853591639133803 0.10259713250620912 -0.13616587859455948 11.44702922057793
-0.13718236921461902 0.011817702240942031 0.9904753098843032 71.78478969710149 0.10224728444076037 0.9947563705185944 0.002292626695097437 -0.7526829155851866 -0.9852545307691587 0.10158791870304906 -0.13767136366154212 11.253327198535317
-0.13850671251558802 0.01246552813516484 0.9902830409516432 73.34105300881728 0.10184928495357702 0.9947983488600578 0.0017228638216536956 -0.7626817535150303 -0.985110457635371 0.10109824782662832 -0.13905585404367704 11.04980454323675
-0.13961515059490742 0.01154937566843395 0.990138486094763 74.73156537561248 0.10067550223160031 0.9949159418975994 0.0025907158138162 -0.7680975884452808 -0.9850746433518514 0.10004439254492149 -0.1400680782531886 10.859868764828766
-0.14057810194548725 0.011242307789181198 0.9900057614827178 76.26211644267082 0.10047762954004057 0.994934887026688 0.002969265768888053 -0.7700606719771794 -0.9849578890568974 0.09989084589072851 -0.1409956584147761 10.643523027368227
-0.1415536183021596 0.0102486614883145 0.9898775369121491 77.8912559235318 0.09788588491071613 0.9951907892475738 0.003694121280841198 -0.7721199265561137 -0.9850791474195429 0.09741795488763609 -0.14187605641791007 10.435519432432235
-0.14333156385911802 0.01128558864619671 0.9896103770123912 79.33564721759204 0.09728040333231529 0.9952532424605476 0.002739799129278415 -0.7664911159359041 -0.9848820162482422 0.09666239631146958 -0.14374907029307288 10.225956382592765
-0.1460669003862626 0.012123351976856352 0.9892004270866414 81.00985008216745 0.09621654828859845 0.9953583983160765 0.0020086654979790948 -0.7720232229177044 -0.9845846009597036 0.09547085020308692 -0.14655538309636512 9.986538228232268
-0.1503200423246464 0.013092002835442165 0.9885506989210378 82.52592804755997 0.09616809987157535 0.9953640638254176 0.0014411842494589085 -0.7677349038974254 -0.9839489729872217 0.0952836812193305 -0.15088220123886661 9.760957329626798
-0.1550321649072372 0.012166836505428262 0.9878344982504024 83.91670559183994 0.09445216782731065 0.9955261044924492 0.002561887353282933 -0.7755320797294322 -0.9833838598619046 0.0937002847569824 -0.15548775128467104 9.558044419662773
-0.16027276951824143 0.01131811183963675 0.9870078721546941 85.8554236739766 0.09288587380365687 0.9956700145414631 0.0036655955496918504 -0.7852880801932363 -0.9826926548004137 0.09226658380685993 -0.16063008346486024 9.26824241137733
-0.1650369909925928 0.012042942244768314 0.986213850615676 87.44623069877137 0.09157201909738645 0.9957934292488277 0.003164108608733862 -0.7938935816962932 -0.9820271671000451 0.09083178852664517 -0.1654455477506486 9.01396203988644
-0.16970878747215282 0.01380768999970974 0.9853975213849498 89.1119542131281 0.09248993810129802 0.9957116569762073 0.001976742702968648 -0.8077161503235019 -0.9811445045480054 0.09147482636533201 -0.17025809037071543 8.741476310597022
-0.17352858804101864 0.01528465343193556 0.9847102154958864 90.61950406438709 0.09229404719709904 0.9957314673162911 0.0008086087591776341 -0.8227306238692045 -0.9804945884524152 0.09102320784070085 -0.17419855811664614 8.461245320201789
-0.17859502801879448 0.01552578522331399 0.9838001656638226 93.3108839222527 0.09096334398511978 0.9958539223616337 0.000797099739046258 -0.838507433870393 -0.9797088781969937 0.0896321109321251 -0.17926683650870984 8.011179530057815
-0.1832974393393736 0.01529657657319972 0.9829384840755642 95.01095167510746 0.08917727646306857 0.9960151290650294 0.001129617723916511 -0.846681372622805 -0.979004321795496 0.08786283297682262 -0.18393112973890238 7.696781818409677
-0.18958466858058876 0.014787920075778432 0.9817530090908915 96.60004383203847 0.08717817416404987 0.9961910555328216 0.0018294331978578003 -0.8510777504840923 -0.9779865128868659 0.08593426729911223 -0.1901517349780272 7.4246583125726655
-0.19562775830565549 0.014233357680909635 0.9805749291662677 98.62896116691259 0.08592720029282795 0.9962978107011667 0.0026811642804141717 -0.8567542152691527 -0.9769064931866005 0.08478256849842233 -0.19612653988858858 7.040037460360034
-0.2016067048421315 0.014201686447722968 0.9793635936998769 100.35692935484401 0.0860625230180636 0.9962843738657443 0.0032693306206825934 -0.8605663608669019 -0.9756782147278191 0.08494562079932469 -0.20207984266758142 6.706569987441369
-0.20694471951134505 0.015909810950597736 0.9782232674506809 102.69922950500293 0.08649392010982622 0.9962501759384713 0.0020949287816723772 -0.8669974204992009 -0.9745217723839766 0.08504389959357204 -0.20754481514003859 6.228093307055758
-0.21176871492425223 0.016971579621792424 0.9771724396770876 107.05534802024667 0.08620062526825516 0.9962768462017061 0.0013776522580906429 -0.8900810494020183 -0.9735108954617272 0.08452461894337987 -0.21244322820411074 5.244436193776085
-0.21744377489672403 0.016984453702343888 0.9759250653052698 109.53581627741615 0.08654395294924114 0.9962461356933443 0.0019445626753642157 -0.8993863389318277 -0.9722285477019196 0.08488324598241903 -0.21809742223351902 4.708504418866139
-0.22315330705385134 0.01698482495186569 0.974635376575406 111.00220956659376 0.08580559309177481 0.9963092820163442 0.0022835853927245884 -0.9089028044585242 -0.9709994859654147 0.08413875616760456 -0.22378710410895028 4.395326185926735
-0.22768431167751355 0.018038204591367943 0.9735679110319199 112.35578816276465 0.08556068853285598 0.9963317554115131 0.001549753656803211 -0.9136901173459223 -0.9699686710372257 0.08365199539600451 -0.22839247113805317 4.081450287032981
-0.23272090174132085 0.018696672914611547 0.972363829188761 114.29364564580499 0.08490873969362481 0.9963880535535419 0.0011630388749097045 -0.9258345875237667 -0.9688299581538279 0.08283285071581419 -0.23346783724090348 3.6278065413057794
-0.2355802319827947 0.01745471221884779 0.9716981461957666 115.57625886996668 0.08593346723548109 0.99629654799776 0.0029372872920077125 -0.9355259081470909 -0.9680482392462797 0.08419335763054309 -0.23620771584153308 3.2795756188599055
-0.2391754260652413 0.017131160543576326 0.9708252360260007 117.88482605597946 0.08784736599726163 0.9961256538486645 0.004064730238782388 -0.9499687695365507 -0.9669942894628979 0.08625662341525521 -0.2397537050040009 2.6952976777358337
-0.24294493035505718 0.01794951560318899 0.9698739999115279 119.83106230155664 0.0889543484342907 0.9960282682599655 0.0038487298794887916 -0.9550106990057246 -0.9659528377252217 0.08720953913801728 -0.24357670572927842 2.243969079341078
-0.24645617127400302 0.018443611673878653 0.9689784253683782 122.17345950036548 0.08916127384100872 0.996010256471561 0.0037197110780212046 -0.9626433387542498 -0.9650438450599066 0.08731209648083417 -0.24711733027069077 1.6807237328776612
-0.24947156974640267 0.018308755899813883 0.968209029779038 123.96190493324733 0.08827776283519272 0.9960882234134641 0.003909957266050158 -0.9668850559155491 -0.9643500259123138 0.08644675028252902 -0.2501119487119937 1.2115163329817187
-0.2535628413809717 0.018807707748042305 0.9671360584737144 126.57195652872429 0.08682363300863533 0.9962179300179178 0.0033900828893982495 -0.9757117232875034 -0.963414522530147 0.08482986526029286 -0.2542368024852631 0.5564301916480708
-0.25814448272267254 0.019328123897450027 0.9659129617447155 130.3615984301348 0.08589672088478692 0.9962994691691768 0.003020111663107315 -1.017941100602271 -0.9622801979574795 0.08374838123702143 -0.2588494335691964 -0.42526704785742553
-0.26190380020484444 0.01894608542861724 0.9649079983527923 132.20255196430037 0.08512057075993185 0.9963643679575012 0.003540437565146619 -1.025319794243208 -0.9613328704833543 0.0830607736033131 -0.26256431596211793 -0.9443082858837741
-0.2661042744139784 0.01956973884904266 0.9637455786980246 134.83076489274112 0.08534848199089635 0.9963455823000582 0.003334254490540752 -1.0284266189014701 -0.9601583993073544 0.08314148153923137 -0.2668020657472539 -1.6916780154417963
-0.2700042396064879 0.0200308173442468 0.9626507554409561 137.01901167967833 0.08467873382185488 0.9964037366944533 0.0030175386755169793 -1.0322312885269989 -0.9591283660870692 0.08233079531895851 -0.27072941751737684 -2.325174418818879
-0.2739844373360342 0.01988823352013273 0.9615284635751066 139.9766562416102 0.08432311964193294 0.9964326032372668 0.0034174112506666072 -1.061884999255797 -0.9580303437738861 0.08201539717182754 -0.27468406403582735 -3.166876928345487
-0.2777625878741856 0.019190902930745053 0.9604580438635192 141.7271742125468 0.08395413120505756 0.9964600417043885 0.004369112048508288 -1.0656632268252904 -0.9569742152383421 0.0818479965007769 -0.2783904754796213 -3.6971496047866204
-0.2824814219757068 0.01911908593367552 0.9590822210799463 141.74435086102108 0.0842932055082394 0.9964286319653874 0.00496355766888973 -1.0657475080372178 -0.9555620868074087 0.08224622758915716 -0.283084185894628 -3.701864893319066
-0.28647847932426124 0.01987958824900055 0.9578804115624814 143.3478602761584 0.08574194263399512 0.9963050012337592 0.004966265191067342 -1.0810579580771686 -0.9542423173164188 0.08355325539827606 -0.28712445621183696 -4.163907796294234
-0.2902900240687028 0.02097108738180563 0.9567088979518359 145.26055762014283 0.08600651666168233 0.9962854755177594 0.004257976523683995 -1.092306314020758 -0.9530658849302692 0.08351924787961867 -0.29101538484366635 -4.726867898855551
-0.2955438397272417 0.02288572674093741 0.9550550153320055 148.10508354541207 0.08573522403115778 0.9963144153216867 0.0026565358143822663 -1.0843341298384057 -0.951474282447827 0.08266697849652598 -0.2964167007890233 -5.495389909490243
-0.29942816948852885 0.02401522940991699 0.9538165652121678 149.47991652173894 0.0867610626390872 0.9962268216813789 0.0021535487816296563 -1.096864519660708 -0.9501659272603321 0.08339897193015973 -0.3003819604345563 -5.90200044764733
-0.3027739441481183 0.024668260594415445 0.9527431005597669 150.94736158218814 0.08619624858248204 0.9962768973649344 0.00159703074711541 -1.1025117560213942 -0.9491565442408858 0.08260642042932452 -0.30377299720112505 -6.368536868096621
-0.30606222524773646 0.024594708564506747 0.9516937609268176 152.42509221745146 0.08619847677741055 0.9962760282838642 0.0019743525986594644 -1.109603323818222 -0.9481011216519362 0.08263882730022638 -0.3070424845925812 -6.854344652608395
-0.30977094299138797 0.024717980947061548 0.9504898654357798 153.93513661908457 0.08589353776253882 0.9963021416458431 0.002083919994182705 -1.1171647228919679 -0.9469235782516259 0.08228647501143539 -0.31074856875186246 -7.351413308321008
-0.31349919339066484 0.025493166484310967 0.9492462031559598 155.75711083762795 0.08821303374890191 0.9960987838879309 0.0023818929028449924 -1.133326034491745 -0.945482266581568 0.08448260885879873 -0.3145249948417355 -7.9441641955547615
-0.31645962664116845 0.0258269271292437 0.9482543300935635 157.3830412982909 0.09048097310549086 0.9958934473420381 0.0030716521735386615 -1.143662037092566 -0.9442809424170421 0.08677102843837074 -0.3174969140192262 -8.480742105895082
-0.31927031527268884 0.025511568530686136 0.947320233953008 159.06960491812663 0.09113161569865985 0.9958312370772707 0.003895623352545406 -1.1443772625956754 -0.943271697023626 0.08757458040012109 -0.32026426347926057 -9.037816549031463
-0.32174782389412376 0.02490047119465069 0.946497915662618 160.6391038498616 0.09063202297842402 0.9958737813883694 0.004609550310955551 -1.1495453683753558 -0.9424776783724037 0.08726613362304549 -0.3226770021124074 -9.579001900667581
-0.32472876813047447 0.025432966406576024 0.9454651719488277 162.6299924206129 0.08997402359254177 0.9959356245467659 0.00411179245738384 -1.1665329954611279 -0.9415178714326324 0.08640252298634506 -0.3256972548158196 -10.2381439171601
-0.32745272155608013 0.027265116882158512 0.9444741015755372 164.2643226104114 0.0895018364742598 0.9959840508950311 0.002278514968017808 -1.183342390882801 -0.9406190176757286 0.08527827252077108 -0.3285779661246659 -10.798466989794697
-0.3305892155931332 0.0290993487862369 0.9433260297658143 165.89226017027522 0.08881733660889855 0.9960478504548703 0.0004004022156933302 -1.188588078515734 -0.9395862127826378 0.08391607417205423 -0.33186720423134897 -11.363060616550417
-0.33385993192766883 0.030159796275746276 0.9421400811672634 167.5568662201121 0.08825077560837012 0.9960980992305358 -0.0006142587687803712 -1.2073622799551211 -0.9384824699789418 0.08293951650401306 -0.335218869015912 -11.936981614442614
-0.33697864479759204 0.030852598572908046 0.9410066472197086 169.2352326442556 0.08642992419764281 0.9962564596560147 -0.0017131248797403547 -1.2219559635197188 -0.9375368052261042 0.08075384668833374 -0.3383837394016875 -12.54405463589127
-0.34175240054219863 0.03113476446378808 0.9392741469695783 171.86562883816285 0.086957028441275 0.9962111033762078 -0.0013830092632674256 -1.2435401633879584 -0.935758393992974 0.08120384197649444 -0.34316492262460135 -13.433689550787744
-0.3451232112500131 0.03016328432781034 0.938072569333012 173.71001697575076 0.0864850164605502 0.9962531281908542 -0.0002156333836299579 -1.2648073472712524 -0.934564235879107 0.08105480151414532 -0.3464387509606935 -14.120015098554731
-0.3489303983661075 0.029464460144863716 0.9366853381389298 175.47343926352323 0.086323881960672 0.9962667904027779 0.000818378755768088 -1.2809019650624291 -0.9331643823567805 0.08114387178906186 -0.3501712546337447 -14.762107439209602
-0.3525989300661181 0.029295601299022415 0.9353158622950631 177.6470471483262 0.08635530585957353 0.9962634886036444 0.001349972294508475 -1.2978893297729788 -0.9317814956663016 0.08124548615046374 -0.3538112707561004 -15.57636937069945
-0.3566270942523934 0.029235812916861857 0.9337892604266685 179.55718533738755 0.08518464546513992 0.9963642834297717 0.0013382385648624795 -1.3148966533994313 -0.9303551428471145 0.08002175921940459 -0.3578209415746356 -16.283808932386385
-0.36017682870118534 0.02982479705496172 0.9324071715443779 181.5293999234758 0.08441440048827434 0.9964304632270751 0.0007354884651022998 -1.331445494301559 -0.9290569740640044 0.0789734982997933 -0.36140880662945996 -17.03364621043051
-0.363632235330173 0.030477557311491356 0.9310438850715396 183.42444028435773 0.08443614600358068 0.9964288272593217 0.00035979810372008714 -1.349734120344929 -0.9277080007614712 0.07874459160436503 -0.3649070492827155 -17.750718851544406
-0.3661694700322925 0.031231255209525813 0.9300239394307586 185.50056675746538 0.08514076811930213 0.9963689305180536 6.246891727455588e-05 -1.3615919327753572 -0.9266450069041152 0.07920582678280626 -0.3674989363023067 -18.5790359951116
-0.368531538655 0.030893938288156966 0.9291017541656164 187.43127166059398 0.08604109118385875 0.9962910868665076 0.0010004290301688149 -1.3792112875429685 -0.9256248892745221 0.08030961839905043 -0.369822835352456 -19.358019444315676
-0.37140684129365115 0.03029141529562715 0.9279759632661074 189.48970663317996 0.08704804776686118 0.996201410383858 0.002321062082536245 -1.3950524783267024 -0.9243806551525475 0.08164055431340866 -0.3726328276885284 -20.181959886844467
-0.3739708501647965 0.031049519068635692 0.9269205632591314 191.54019797399087 0.08818151235429178 0.9961019702761952 0.0022103598784689684 -1.4088752309245312 -0.9232387687407475 0.08256386726340367 -0.37525109422436315 -21.00827823018119
-0.3765572761281546 0.03174126952765412 0.9258493989865291 193.69491534495987 0.08793208711227649 0.9961251663331451 0.0016127782996213443 -1.4271044905775498 -0.922210694934203 0.08201917340803659 -0.3778892553942738 -21.87950517762134
-0.379030921428644 0.031913572498860746 0.9248335442074496 195.54776931323903 0.08744304297986674 0.996168447656196 0.0014622341353209302 -1.443424702973188 -0.921243330958426 0.08142449130700989 -0.3803692645049287 -22.63538211662773
-0.381384771086479 0.03300459065578583 0.9238270148566545 197.3598045537419 0.08706185632750983 0.9962028455913872 0.00035157990807301227 -1.4620291725869483 -0.9203074972834481 0.08056418206168169 -0.3828100351513923 -23.416628457940455
-0.38417607122939507 0.03406478781421024 0.9226312028789829 199.01381264743077 0.08680236050892161 0.9962253474600489 -0.0006381913388273212 -1.4801120944273827 -0.9191703305181406 0.07984138844783846 -0.3856828440388493 -24.110792768350507
-0.38741251577186897 0.03398865262014711 0.9212797154590877 200.57859487945507 0.08435616871199716 0.9964348333950444 -0.0012882535557572387 -1.4949949370400375 -0.9180389857863043 0.07721654155721988 -0.38889847812301553 -24.72058655296166
-0.3905173058118094 0.034740790223582 0.9199398411614349 202.25691940535893 0.08504644130497357 0.996375821482002 -0.0015248565263613848 -1.523508062159543 -0.9166587896719517 0.0776421268430188 -0.39205658195781773 -25.427967769945965
-0.3929005954084429 0.03421236103738077 0.9189443054287557 206.28388222546425 0.08653602307755741 0.9962487181226721 -9.137206193392928e-05 -1.5801307021866549 -0.9155002123634999 0.07948588548403555 -0.3943873161895641 -27.163879292063648
-0.3952073894516714 0.03335403789022972 0.9179861804402131 208.0185130323757 0.08698379274191523 0.9962089404525083 0.0012517039277737956 -1.5952174946184134 -0.9144642907861565 0.08034460230101605 -0.3966103954236009 -27.92726918288923
-0.3987557347928411 0.03285336069291644 0.9164685050022188 208.56127480650915 0.0858732696754088 0.9963047049336088 0.0016481754790300704 -1.5996228718857965 -0.9130277353536845 0.07935736650328272 -0.400103440195892 -28.15440519373914
-0.4013440352420107 0.032963017373844765 0.9153340400429073 209.3639264398175 0.08446320506572558 0.9964259340596069 0.001151053198399726 -1.6087629380639157 -0.9120246336397317 0.07777401506320737 -0.4026937672913042 -28.51939267740952
-0.40485660855432815 0.03235844662449479 0.9138074509665243 210.5871775925684 0.08283027498925016 0.9965626731261773 0.0014085726156989142 -1.6147429727242595 -0.910620816836017 0.07626119238287755 -0.4061452430858313 -29.059362084415273
-0.4083187018566967 0.031621556738397345 0.9122915733818339 211.67100614342937 0.08191442314828795 0.9966371167894355 0.002117715260634914 -1.6257746805381785 -0.9091566779132998 0.07559454072274173 -0.4095358353289397 -29.542841144475926
-0.4119568381157854 0.031820825091150154 0.9106475710285306 212.48684743308382 0.08131793725873196 0.9966862870478614 0.0019591556174604844 -1.6331583469946482 -0.9075676044293515 0.07485906959926074 -0.41317933526388195 -29.907858986757283
-0.4158564523184633 0.031509802672060834 0.9088842299218691 213.71227043180158 0.08067291921229894 0.996737843827615 0.002356010959945154 -1.644447564818409 -0.9058450701808063 0.07430210641324592 -0.4170418513910648 -30.453979493797796
-0.4195611102764082 0.030840526298211338 0.907203029470954 214.64143233957066 0.07968319121042033 0.9968158301360824 0.0029647645162678826 -1.654520776585295 -0.9042229060260271 0.0735327323561603 -0.4206826279870443 -30.886435641098835
-0.42378453822338363 0.030787524305976227 0.9052396331965927 216.06565763110507 0.07895422765769967 0.9968735516437873 0.0030580987685093364 -1.669853453294393 -0.9023152969432423 0.07276847105863081 -0.42489040295353747 -31.515088513353867
-0.4281330675899826 0.031657280679976176 0.9031610559672842 217.69983167349525 0.07918608383498105 0.9968564721185035 0.002595789346442675 -1.685909377705769 -0.900239768374444 0.07262913035002552 -0.42929403543693473 -32.2420450135126
-0.43197398370616613 0.03213880182710192 0.901313250106833 219.25178542962803 0.07972317767389776 0.9968134795558763 0.0026649422664021738 -1.7014716465966546 -0.8983555489574286 0.07300674210527022 -0.4331596971840449 -32.94236595885489
-0.4356449586902497 0.0321198106700934 0.8995453227771725 220.45517322076043 0.07952254729990169 0.9968287940972018 0.002918857593971384 -1.7081893567286985 -0.8965989261864568 0.07280572107490164 -0.4368176879890031 -33.517325858344094
-0.43957169547097735 0.032269332973907806 0.8976276592720329 221.94412516182226 0.07839217764989741 0.9969193364354566 0.002550122427734705 -1.7322221723395 -0.8947800796978435 0.07148794856833293 -0.4407471862478694 -34.21241691547882
-0.44346218403967685 0.032697635209624175 0.8956964641989257 223.66508754971957 0.0789686999785812 0.996873421816025 0.0027065292355861643 -1.7414122876688802 -0.8928075020688695 0.0719322287191815 -0.44465775459451823 -35.035661211092005
-0.44693526620865975 0.03326212964776742 0.8939477045947871 224.97887691294162 0.07954719481517494 0.996827498130497 0.0026800686430334592 -1.7525303042593345 -0.8910225090400539 0.07230884940441192 -0.44816327234812425 -35.681087118454855
-0.4503178625084655 0.03450340137479301 0.8922013999088859 226.8090759385692 0.08083991385326385 0.9967245439167948 0.002256519899102734 -1.7624081562917517 -0.8892011757943223 0.07314163552606778 -0.4516321181211187 -36.59880270367849
-0.45328815632716946 0.03665060477901819 0.8906102292826235 228.13992506489052 0.0828470437838018 0.9965616049298979 0.0011553855770497956 -1.7630366962176574 -0.8875056138807249 0.07430814725774747 -0.45476596682394815 -37.29311221818938
-0.45621900613865674 0.037411887236508276 0.8890807438760882 230.8399210819862 0.08419290492796445 0.9964486617167722 0.0012725260881396988 -1.7917947939782262 -0.8858757097909665 0.07543484112966033 -0.45774863358189904 -38.6457651212875
-0.45885909326779595 0.03942776193644148 0.8876338119484514 232.27917750194456 0.08582901459686845 0.996309875122355 0.0001139605560040119 -1.8028776524944048 -0.8843538391270704 0.07623702723979423 -0.46054989186715917 -39.398355577189555
-0.4616005429708537 0.041937735670121906 0.8860960247376553 233.9158370842488 0.08755607356152972 0.9961584090333103 -0.001535608906058219 -1.8147441749747617 -0.8827564062137995 0.07687425081968216 -0.4634991659640947 -40.236636033529486
-0.46428972623870485 0.042645691357473155 0.8846560886117446 235.22674345954007 0.08857780441067022 0.9960680880731856 -0.0015285574945443307 -1.822494963848937 -0.8812428851769387 0.07765120044707785 -0.4662416416346293 -40.9283993732545
-0.4677152027452669 0.043573798061272415 0.882804515871701 236.48553728389655 0.08864569656731312 0.9960607939546794 -0.002198914839191454 -1.8328817095174559 -0.8794227820571009 0.07722835534238487 -0.4697354058723491 -41.58335340504521
-0.47161386651808374 0.04357296636034052 0.8807279702101113 238.11606339546546 0.08770911183090419 0.9961434365270115 -0.002316369139427863 -1.841134461762459 -0.8774323179651514 0.07615543622563546 -0.47361680388641836 -42.40898130290831
-0.47517259083504 0.04492687505048086 0.8787448917730976 240.01056749682274 0.08855678711345254 0.996066494109439 -0.003038876218911083 -1.8499329251919585 -0.87542487077719 0.07637483362161743 -0.4772820763594751 -43.4101912248336
-0.4787504873911701 0.04525270081938929 0.8767839892991127 241.3431379147817 0.08761987246518912 0.9961475851881585 -0.0035702202992068813 -1.859182205700256 -0.8735678157830121 0.07511445661356916 -0.4808711777968681 -44.11245828483917
-0.4820037189302756 0.04508409625070877 0.8750084795032785 243.13370760844106 0.08614995303606522 0.9962746419117429 -0.0038760128369985654 -1.879830765647711 -0.8719235061226811 0.07351368681331177 -0.4840920752520606 -45.0505523778028
-0.4846653023109584 0.045659606967454254 0.8735071522474236 245.16655106435965 0.08787232400850142 0.9961262358090305 -0.003313156542813639 -1.9075721832957715 -0.8702746689460596 0.07515133148860298 -0.48680003899580565 -46.15891266898426
-0.48681313510984386 0.04578012258729324 0.8723056527733933 246.61304077951272 0.08915999775308023 0.9960141425761893 -0.00251447586780884 -1.9143949957183288 -0.8689438798249268 0.07655069016090918 -0.4889545229882764 -46.957107599730875
-0.4882630992170293 0.04599790767050102 0.8714834125976902 248.39325080222264 0.09049313308136747 0.9958953346200532 -0.001864228293600533 -1.9380139628238435 -0.8679920154057296 0.0779530305501259 -0.4904214373576587 -47.97897308592723
-0.49065326502241147 0.04572856170452087 0.8701541657472438 249.94381659434276 0.09049940358937386 0.9958956523815893 -0.0013067200988593993 -1.9543379847121307 -0.8666425050000812 0.07810728654795925 -0.49277786102391025 -48.81830624119013
-0.4931929624954748 0.044933131404327975 0.8687587210768807 251.6215023488793 0.08994073895210941 0.9959470161433696 -0.0004522298835840404 -1.9647172017732613 -0.8652579761098345 0.0779137647487306 -0.49523537842221427 -49.748100561392775
-0.49642696712731504 0.0451282247260451 0.8669046715999689 253.51948947008736 0.09113376771072226 0.9958385993528932 0.00034701832266823056 -1.9729230412055028 -0.8632814736177447 0.07917655822239157 -0.4984738407744508 -50.775434833030424
-0.4985757615666854 0.04501100570054712 0.8656767406740368 255.39239218892607 0.09140565823965192 0.9958133634712814 0.0008664720365108818 -1.98393847263501 -0.8620134660316953 0.0795597542595467 -0.5006026666750638 -51.84628572326566
-0.5008413659778276 0.04587303765181578 0.8643226194784315 257.622457441976 0.09095455906628182 0.99585503256173 -0.00014935372148959687 -1.9943422637717525 -0.8607468816734237 0.07853928022378995 -0.5029377567367627 -53.09785098844512
-0.502682336784637 0.04814729993120882 0.8631293679362726 259.45596202320246 0.09049489367725704 0.9958928433132587 -0.002849360590599706 -2.0133315428953944 -0.8597215494001994 0.07667647714108657 -0.504974826451927 -54.17520812313069
-0.5055191417682576 0.04753449411559674 0.8615050024086087 261.1427875089303 0.08948324135854319 0.9959853218505074 -0.0024470746433472657 -2.0381666137229164 -0.8581626575549962 0.07585321698857432 -0.5077431857254525 -55.166096031015044
-0.5103318941472145 0.04573442864572972 0.8587605719014836 263.15885297064403 0.08721500786036225 0.9961887587629789 -0.0012244664930904027 -2.053084132589846 -0.8555436284725835 0.07427192572381869 -0.5123756247415 -56.32431451665131
-0.5154056379912176 0.043298608103105894 0.8558517738856408 265.63909938487683 0.08469343858949355 0.9964068790049264 0.0005940804238875896 -2.0659605648207693 -0.8527508720527669 0.07279122205318471 -0.5172208311787629 -57.787032906989744
-0.5196670752994424 0.04178221699325104 0.8533465750753623 267.71340874975834 0.08363558070250718 0.9964941074654319 0.0021408940252259307 -2.0845392478701856 -0.8502653823896859 0.07248268848353898 -0.5213396583609579 -59.03923866776013
-0.5234652080906492 0.04219539618230078 0.8510016007385829 269.88616705847517 0.08473337436560889 0.9963999586400912 0.002716190465051531 -2.1021872717986203 -0.8478233490457971 0.07353006842811702 -0.5251560699922696 -60.369901524349366
-0.5275066894225229 0.043760392062969965 0.8484230788356618 271.96324401311523 0.08743644986409727 0.9961656337568082 0.0029828437874257563 -2.1127009229911167 -0.8450393836086304 0.0757565720475271 -0.5293102889061904 -61.63478095354656
-0.5316252275423957 0.04461371636437167 0.8458038979294515 275.2283247176999 0.08859654360357302 0.9960626216217425 0.003147422679242089 -2.1375643225615715 -0.842333229726809 0.07660855122100306 -0.5334846389333274 -63.62985453702211
-0.5353173719303729 0.04440178709305184 0.8434831311961734 277.1470557783425 0.08909342650365927 0.996014785340175 0.0041120235411061775 -2.1490515861130035 -0.8399390886626226 0.07735003999164364 -0.5371399246471027 -64.83479158979372
-0.5396893040074794 0.043007938667165346 0.8407649923441881 279.9689885365319 0.0891219523528866 0.996001056501784 0.00625883824204515 -2.161206126936938 -0.8371336409132853 0.07830844564241878 -0.5413640684348527 -66.58300436994334
-0.543233971513167 0.041839396903056346 0.8385382025052996 281.8005269906468 0.08918568404022564 0.9959822230528783 0.00808239598904826 -2.1849852731207258 -0.8348309804722808 0.07917623525676941 -0.5447828538181574 -67.74847205394241
-0.5471487400349768 0.041572961256261 0.8360023595484175 284.524988779412 0.08872672181123485 0.9960193982906778 0.008539734498697849 -2.2011346739186908 -0.8323195450755496 0.07884825376038436 -0.5486593913933935 -69.48256211510272
-0.551396690966294 0.041457988526580836 0.8332124125208108 287.2556645631995 0.08904685501753047 0.9959833470194484 0.009371769919508804 -2.2091448905945934 -0.829477152670831 0.07936250781866229 -0.5528736252977027 -71.25065825402817
-0.5547501275625524 0.041556916487431574 0.8309785308065347 289.09840953528527 0.0899809345617354 0.9958905770491536 0.010265961236073068 -2.207324858994121 -0.8271370668666284 0.08046726810797386 -0.5562097548394048 -72.49920910950034
-0.5583070084630222 0.04091997321324482 0.8286246678040045 291.4646048842641 0.09077733751963656 0.9957990574584726 0.011988000569880355 -2.213170750074996 -0.8246531145238691 0.081913325881964 -0.5596761990196101 -74.08518216787976
-0.5614859961364814 0.04053694913145444 0.8264927294887328 293.06525103873895 0.09047087846331266 0.9958191331109588 0.01262039144460492 -2.2140930043414486 -0.8225256812359725 0.08185969634229327 -0.5628059113247191 -75.15150144012989
-0.5641694455359154 0.03960200453245816 0.8247087473530929 295.7741097956475 0.0907638050021704 0.9957701503257829 0.01427373187697787 -2.2216734395975006 -0.8206550849322916 0.08290650732710352 -0.5653775222075909 -77.01731776693013
-0.5672980998718006 0.03911996128662151 0.8225828192411853 298.81612113075477 0.09126276843105828 0.9957048585645263 0.01558658812235064 -2.207811640686336 -0.8184399629662182 0.08391342717306949 -0.5684316702647083 -79.06023333891837
-0.5703861769204502 0.03828800888627676 0.8204837826268085 302.0815697516487 0.08833222384624209 0.9959791805059511 0.014929508668122617 -2.17293963478644 -0.8166131442785204 0.0809907425217141 -0.5714748220327216 -81.26194092438342
-0.5732472482198648 0.03726213032188291 0.8185347433385015 304.4612754415054 0.08460328427044256 0.9963178251353028 0.013895164925802169 -2.16334938982519 -0.8150029918343912 0.07721609263317847 -0.5742889502153569 -82.91590609847891
-0.5751660193191901 0.036788299200964256 0.8172090743881986 306.06153153100547 0.0816248603209147 0.9965836542238566 0.012585798004736965 -2.1543537125775614 -0.8139541955160067 0.07394349988826088 -0.5762038931022301 -84.04733771531302
-0.5781635000297044 0.034191491478335105 0.8152042131539115 310.87998109537017 0.07950263283189477 0.996728020530026 0.014580276509501496 -2.137841360061594 -0.8120383603046105 0.07324066493952357 -0.5789900745202954 -87.38893972417074
-0.5826478878488641 0.033207256928972015 0.8120460066230913 313.1359536972972 0.07948150764108737 0.9967035561933515 0.016269942059726837 -2.1148791069357373 -0.8088288624476495 0.07402228825685114 -0.5833665846728471 -88.90619564962437
-0.5851101971507933 0.03357558681074272 0.8102584385000091 314.9932955775305 0.07934906351094441 0.996718510520809 0.01599802816339791 -2.107669146646423 -0.807062440775246 0.07365385770952573 -0.5858543555649379 -90.23767446877207
-0.586728206177597 0.032849004147530156 0.8091173925964846 317.72384494623225 0.07798366451452275 0.9968249523395799 0.01607987755181727 -2.085730374413994 -0.8060201983477259 0.07253245700864297 -0.587427001878347 -92.23891378247032
-0.5897980519003563 0.029574148627230193 0.80700906296492 320.1311002873972 0.07618895233520875 0.9969095057726108 0.019148912299996382 -2.0632609705314615 -0.8039486933359676 0.07277916620286459 -0.5902285078257467 -93.93229269147396
-0.5919522259519429 0.027751238257595272 0.8054951464569536 320.5205614421842 0.07448567860386096 0.997013617822677 0.0203894472475386 -2.055854182778709 -0.8025237976991486 0.07206743128007292 -0.592251500188247 -94.22123064630895
-0.6773120867007298 0.03535968000520547 0.7348455825811511 321.22056423871436 0.07718839075207469 0.9967469576582565 0.02318306994588179 -2.0828653979995777 -0.7316353528515482 0.07242372145188422 -0.6778381186012274 -93.86281575276303
-0.6789493829418141 0.03572547526482968 0.7333153658693039 321.3564027420474 0.0771286682918759 0.9967592559893691 0.022850692047330354 -2.0803846871062537 -0.7301225266559397 0.0720741008727977 -0.679504540126794 -93.98822825364708
-0.6806742947078261 0.03540829026594629 0.7317299758137867 321.4694565200964 0.07730735881656609 0.9967260100509315 0.023681916323596192 -2.0786980210633024 -0.7284957630603021 0.0726877834879674 -0.6811830953090335 -94.09338971632332
-0.6829583683393261 0.03472360381161546 0.72963150867655 321.64128813046227 0.07698750927421506 0.9967278418338148 0.024627885192590706 -2.076067621475529 -0.7263888700489841 0.07299233282777556 -0.6833969043076803 -94.2543645454423
-0.6855022475019082 0.03314254377908351 0.7273157776796014 321.7101970243987 0.07399189140404085 0.9969625427785552 0.024308194152816594 -2.075062107159517 -0.7243009517295191 0.07047879176298322 -0.6858723432500718 -94.31744787836564
-0.688797341136956 0.028601440421485137 0.7243895225971145 321.8641154097015 0.06387297087860751 0.9977298309653618 0.021340758959605834 -2.072901895943473 -0.7221346594879674 0.060968368910835145 -0.6890605137130927 -94.45792392306825
-0.6911890115489524 0.029331930852970853 0.7220785193775107 322.0294251446178 0.05475387865562466 0.998429516242751 0.011853854539024378 -2.072073238013249 -0.7205968103496917 0.047729853631702734 -0.6917095474157837 -94.61648099328634
-0.7119699303022007 0.03155443161307471 0.7015006316398116 322.19482422338206 0.05839605604284389 0.9981900977789416 0.014367648892878246 -2.0693579978171948 -0.6997776210941035 0.05119420418019792 -0.7125239887008965 -94.77492376487733
-0.7128201647734276 0.033703505260310546 0.7005365703698495 322.367466411568 0.06476934415974822 0.9977396562071681 0.017902806727418417 -2.0657367836487546 -0.6983497295406521 0.058134775864119775 -0.7133919000701707 -94.94811511301154
-0.7245033094255543 0.02887812681815196 0.6886661080835136 323.1763933450027 0.06683382028729862 0.9973573124600169 0.028489151414853545 -2.0796563637417633 -0.6860234654129748 0.06666667138839408 -0.7245187090950563 -95.2909771520928
-0.7259667852765537 0.01873969171676334 0.6874743999812548 324.43646603400055 0.061144870898941786 0.9974287228480175 0.03737977528725235 -2.0333583656836023 -0.6850062272986869 0.0691720087328279 -0.7252459594991807 -96.68764064593577
-0.7296313949023386 0.01059170983752369 0.6837586147578579 324.60893445052403 0.053929951062979944 0.9976570858614804 0.04209393553380747 -2.0299959004896526 -0.6817107802809154 0.06758812553324335 -0.7284931415845245 -96.86349385077285
-0.7787588135918462 0.011571635404475597 0.6272167149455486 324.8385387014702 0.049780903203206224 0.9978167856407014 0.0433995849050718 -2.0309337660992024 -0.6253451622338619 0.0650212238251897 -0.7776346626295547 -96.80111709763503
-0.7804523356425157 0.01735652819769232 0.624974321647749 324.87471315185144 0.055340488679180976 0.9976087667190049 0.04140264337136362 -2.02922013473685 -0.6227612561029252 0.06689917409288096 -0.779546610795531 -96.84695224339009
-0.7820009549853624 0.0238759315496879 0.6228197542584976 325.1565135990729 0.059996250419304134 0.9975092725407922 0.03709044527589952 -2.0181821101721082 -0.6203829110618757 0.06637161356916808 -0.7814856701019026 -97.20229599717763
-0.7845845252471885 0.02625488493241632 0.6194657405860544 325.2573803325123 0.0606826466538613 0.997558007019012 0.03457801364075999 -2.014490583218497 -0.6170451678262525 0.06472019506648259 -0.7842617912488342 -97.32333544557815
-0.7871452128390556 0.025344462894414735 0.6162467623486155 327.0798166674855 0.05910723361973204 0.9976563931561716 0.03446819009524231 -1.9330186251127313 -0.6139289444539832 0.06355611217823968 -0.7867984950204256 -99.51211616171263
-0.7903418121765511 0.02529035611090653 0.6121439518718358 327.3722206598613 0.059869234186915206 0.997553814098163 0.036084106973580214 -1.9193916459790268 -0.6097339540515678 0.06516736810699064 -0.7899226034306465 -99.8535995184845
-0.7926770237552521 0.024178786257798738 0.6091621477945054 327.53298513301587 0.05944044659906784 0.9975176532216075 0.03775400401760396 -1.9128427921718425 -0.6067371501058929 0.06613560165567096 -0.7921465223524139 -100.05452960059354
-0.7941713820969339 0.024824758593567482 0.6071865835301504 327.6274287560082 0.060014650417278964 0.9974847745833731 0.03771427063659175 -1.9080273850690483 -0.6047231247385363 0.0663916849848639 -0.7936637112602118 -100.17667007167397
-0.7967020302179342 0.025007460770525625 0.6038547026830476 327.83049161271776 0.06021470650303798 0.9974566376054125 0.03813718943051354 -1.9008816382247493 -0.6013651670718687 0.06674490993863516 -0.7961815451452693 -100.42943744240242
-0.8040927298303975 0.02593900082727699 0.5939377493222511 327.86528445275485 0.06068502689637516 0.9974104242571286 0.03859757885932775 -1.9019552573004788 -0.5913985199038693 0.06707916084223434 -0.8035845797650774 -100.4290774909089
-0.8059015519916785 0.026025052976788258 0.5914772904473666 328.00556212608996 0.06200950023777156 0.9972490271672487 0.040610339745424016 -1.895922420839123 -0.5887932662468782 0.06940514701037914 -0.8052983392450291 -100.60772672799281
-0.8078989005299272 0.026149089648612494 0.5887406828418457 328.094110266246 0.0634954511086928 0.9970619243505197 0.0428467816637727 -1.8909800873127587 -0.5858905138428508 0.07199822304049075 -0.8071855806863583 -100.72584798384864
-0.8110063431251389 0.02569556475732474 0.5844727960842923 328.2659661552978 0.06450825881492121 0.9968709021522411 0.04568466905697166 -1.8850062476137899 -0.5814700301438226 0.0747538787888631 -0.8101262010641079 -100.9236363681976
-0.8120870310293652 0.02545339449606159 0.5829809420062871 328.2850523028664 0.0630856299113435 0.9970223430357555 0.044346936604258376 -1.8838000358111542 -0.5801162446722219 0.07279129203497482 -0.8112746578510135 -100.95053055974772
-0.8130211838716922 0.02450471734795792 0.5817182079010145 330.07971976738867 0.05927682514579623 0.9974061782247803 0.04083103770017653 -1.7875630159108644 -0.5792087815084541 0.06767890710358171 -0.8123649136667326 -103.41668666617346
-0.8147822638076594 0.022950180760506637 0.5793126546067546 330.1040495190503 0.0560660698964096 0.9976520506384923 0.03933168777439996 -1.7865643039330081 -0.5770497884852207 0.06452654538925864 -0.8141559227502378 -103.44874090368063
-0.8155711730127838 0.022235681268797092 0.5782293975828827 330.159009062513 0.05548478236974536 0.9976622069519604 0.039894357309353756 -1.7837289249690398 -0.5759905387034886 0.06461962007205609 -0.814898278330375 -103.52677266963913
-0.816414673023872 0.02067010819907883 0.5770960303956019 330.21281953899705 0.05339207128586109 0.9977803377739433 0.03979553084860015 -1.7813138041918182 -0.5749924942076469 0.06330200769924083 -0.8157061281038139 -103.60176740074577
-0.8168455147693056 0.018950421338482716 0.5765451296580011 330.2292256692243 0.05046765084687999 0.9979756194714621 0.03869985992932627 -1.7805508065836682 -0.5746446042722989 0.06070868530651977 -0.8161482918618946 -103.62499819955761
-0.8174107026229925 0.018318593025923226 0.5757639901790798 330.31254976471223 0.04973801181009711 0.9980060186416535 0.038860223059251846 -1.7769114275833136 -0.5739040629047383 0.060402118378305024 -0.8166919313161167 -103.7426728669557
-0.8185716795223762 0.017367622262748975 0.5741417692354858 330.3851453817297 0.0501542269146838 0.9978863445324433 0.0413206597027326 -1.7738983204439789 -0.5722105897364256 0.062619558387273 -0.8177125606843008 -103.84131414106324
-0.81849663967744 0.01723494904465083 0.5742527382330591 332.17684563682684 0.052637201576262185 0.9975954680622559 0.04508444423378586 -1.6815339037911334 -0.5720949010845667 0.06712852324517277 -0.8174357378534189 -106.36056374237025
-0.8178097812018851 0.01786331427559883 0.5752113209713583 333.81137727752065 0.05728523775795818 0.9970807725748405 0.05048103105696429 -1.5706808872638145 -0.5726303897851914 0.07423499824645505 -0.8164457126654594 -108.66330208683559
-0.8166558326967253 0.018639595830010604 0.5768239041420796 334.75466715379974 0.061297092079156124 0.9966262610673433 0.05457803819823465 -1.4990324611768113 -0.5738605383061802 0.07992910119738846 -0.8150432021412853 -110.01474776074055
-0.8180422110017522 0.014883928208506855 0.5749655726219159 335.255264677937 0.05532276799109655 0.9970661483145555 0.05290072992862188 -1.4657419249390198 -0.572491338241173 0.07508371705144667 -0.8164656165893152 -110.64184902936631
-0.8176804772361229 0.01197311524707267 0.5755478100542 336.73588279739744 0.04805772708943882 0.9977135304841633 0.047520163676323536 -1.3707463054693172 -0.5736628731353498 0.06651582969570385 -0.8163862764561818 -112.69809225860456
-0.816616107571976 0.008818043110230088 0.5771138318994788 338.30735259908204 0.043272497794710194 0.9980046045844515 0.04598151979698443 -1.2750698282264714 -0.575556794581215 0.06252240673502417 -0.8153682142857047 -114.85930060415684
-0.8147504252792878 0.008203247179386758 0.5797537850182027 339.7363587404325 0.04168446813137705 0.9981412377267168 0.044457560279248395 -1.1956052020883514 -0.5783114641988564 0.06038854432003373 -0.8135779459222601 -116.84573181351388
-0.813074089809072 0.009109986022241735 0.582088938767799 339.8100903629235 0.043519356381425164 0.9980309720765316 0.045169064592053325 -1.1913352778285413 -0.5805312998463535 0.06205793205263238 -0.8118695849507209 -116.94965311526231
-0.8110728974378548 0.00908057661075788 0.5848746003804387 340.2676144472261 0.04399763105928522 0.997994101391075 0.045519029534831945 -1.1628108914078006 -0.5832880621982034 0.06265234805686089 -0.8098454913006731 -117.5755269457496
-0.8094340149165716 0.008958925202420578 0.5871424981682516 341.79277549089426 0.04174215513546013 0.9982319897569861 0.04231414787581993 -1.079607791707712 -0.5857253349315594 0.058759103848059255 -0.8083768921328017 -119.65713429903637
-0.8084992453726185 0.0029740822922899746 0.5884896983519963 343.3124852661433 0.03488679801562545 0.9984707951483182 0.0428833599441977 -1.0012098969356944 -0.5874622384086693 0.05520168539460868 -0.8073666406122264 -121.71351481348503
-0.8078988714616528 -0.004443382709957993 0.5893043948937418 343.7156466288717 0.02636299586879459 0.9986980171758437 0.04367222158147407 -0.9787079948315306 -0.5887311830876725 0.05081856785794236 -0.8067298601273284 -122.25673689640695
-0.8076639126780223 -0.00917935228199166 0.5895716611653835 344.96442607948154 0.01938782482542569 0.9989247472809085 0.042112486489315495 -0.9122221171474135 -0.5893242879825739 0.04544324769927058 -0.806617502185749 -123.92662114801314
-0.8078321555114542 -0.009960574536308898 0.5893284275144236 346.2675630082857 0.017804479359874004 0.9989885454746903 0.04129027155502398 -0.8385574956919029 -0.5891436234369704 0.043848294895815855 -0.806837727178327 -125.60965613660692
-0.8071099887665013 -0.009106888331286563 0.5903308653782712 346.5400587032661 0.020110392133452913 0.998876749398201 0.04290468086262023 -0.8257257917209823 -0.5900585040159816 0.04650058168029737 -0.8060202588904434 -125.98689099379081
-0.806097031501981 -0.009309632566747068 0.5917101541677017 346.75562845571534 0.021815277652247795 0.9987291709684983 0.045432771404930225 -0.8140098207668021 -0.5913811541338216 0.04953154346524511 -0.8048695277728567 -126.27760611170497
-0.8051519454031907 -0.0116798154830175 0.5929535620297252 346.7756368594061 0.020123591131513494 0.9986923023925827 0.04699708737544425 -0.8127865631965644 -0.5927270753841355 0.04977215137088342 -0.8038640102993074 -126.30444495572138
-0.8048448488597122 -0.012748811931886123 0.5933483269196193 348.40426395823044 0.017807913829148175 0.9988003137647457 0.0456159120099616 -0.7135635465953947 -0.5932180437824206 0.04728002768370932 -0.8036522578287125 -128.43053502229256
-0.8040301991261297 -0.012415537243763552 0.5944588239130982 349.1103855189728 0.016613890029694923 0.9989224946819263 0.043333916007204966 -0.6695159640569737 -0.5943563052170631 0.044718050643862 -0.8029575819402517 -129.42364647924262
-0.8030782926595904 -0.011010261452507625 0.5957717935600039 350.60895555177433 0.017528468342438847 0.9989600863002064 0.04208917647868295 -0.6016659948055626 -0.5956156551472827 0.04424387100868342 -0.8020501675217342 -131.44582718428322
-0.802174476897724 -0.009764266227737848 0.5970098556296166 351.32710999222087 0.01975674789754387 0.9988847260812658 0.0428832707949035 -0.5645231655909507 -0.5967627497811646 0.04619483852758855 -0.8010869224790994 -132.38558235111847
-0.8017105478775661 -0.009395366571474162 0.5976386236755781 352.91580440359826 0.021328854677063108 0.9987899568470846 0.04431367801892769 -0.48414663183884754 -0.5973317984002011 0.04827369043680098 -0.8005400511102458 -134.42951083954617
-0.801074703291618 -0.00924525823533424 0.598492978193067 354.51237379225887 0.021620559491306972 0.9987812928058947 0.04436756189233561 -0.393503244955301 -0.5981737800618897 0.04848148451882794 -0.7998985401320109 -136.49013383030825
-0.8003939859702467 -0.009965809069176839 0.5993914829827466 354.5356103541397 0.0209572328611215 0.9987854599682848 0.04459147168179418 -0.3922518021319173 -0.5991078881248905 0.04825233264351296 -0.7992130196518292 -136.51997840925424
-0.7998576425821592 -0.010695300442034964 0.6000944610237328 354.8071240006205 0.020930036481862882 0.9987360360905594 0.045697524954713215 -0.37646665303082705 -0.5998247120415928 0.049111513543906825 -0.7986227983608085 -136.86863661905244
-0.7990281795075237 -0.011425610736699652 0.6011850162572123 355.75963574452123 0.020640877952263083 0.9987090061630488 0.0464141698856826 -0.3240833339710211 -0.6009392003441391 0.049495216214404315 -0.7977608044154827 -138.13392157653564
-0.7986389197752657 -0.011023239200597126 0.6017095345910034 356.14241367648117 0.020043288731326502 0.9987903595565304 0.0449008266490855 -0.30220393983128774 -0.6014766349551998 0.047919785626241676 -0.7974519118721244 -138.6306205095219
-0.7986932230322784 -0.010172904803417863 0.6016524308021788 356.32533663183307 0.020166084169434037 0.9988429333370809 0.04365917511645047 -0.2951070149343245 -0.6014004194640903 0.04700326084898979 -0.7975639340754948 -138.84832978952386
-0.7986215029529873 -0.010182419929003548 0.6017474664221693 356.5378842445363 0.020718711589337604 0.9987990392162476 0.04439835864961983 -0.2869599288540613 -0.6014768740452044 0.04792491611982069 -0.7974514232250886 -139.1122243729479
-0.7989540731967478 -0.011433774355844875 0.6012833422990396 356.7844004791205 0.020088106530650237 0.9987539457418383 0.045683956058163895 -0.27340361515941464 -0.6010564506752591 0.048578026607619805 -0.7977288501944574 -139.4253231088539
-0.7987738816896648 -0.012766578352818927 0.6014958856115189 356.7985579577269 0.018820566855918496 0.9987552859433262 0.046191612479846815 -0.2726216341128078 -0.6013369040676354 0.048217147130743473 -0.7975393623696109 -139.44395894900825
-0.799173573129294 -0.013396655219723745 0.6009510209997813 356.82500891713363 0.018130561794518392 0.9987595208514032 0.04637566428302939 -0.2710873990539188 -0.6008268325738901 0.0479577849530286 -0.7979393260904162 -139.47791360282636
-0.7993914158722601 -0.012916827343278313 0.6006717238235257 356.9422536376834 0.01831056417090711 0.9987806911903038 0.0458459828683353 -0.2643027986675116 -0.600531504144027 0.047647523301893986 -0.7981801964805377 -139.62676589836917
-0.7995674013726476 -0.01227154596927267 0.6004509803653537 358.4502737961602 0.018875339592330974 0.9987838576241739 0.045546979094660246 -0.17489655643985647 -0.6002796783312483 0.047751595878035895 -0.798363383976016 -141.62896027109994
-0.7999129619534491 -0.013383581028636012 0.5999667766282635 358.7144287797759 0.01852314968390945 0.9987243093427787 0.0469749598571242 -0.1598331907492289 -0.599830097798242 0.0486891536858146 -0.7986446143865945 -141.95605315575295
-0.8001384856113786 -0.014896231024638404 0.5996303078937795 358.7487546847381 0.017664439529516282 0.998672763070518 0.04838057334515606 -0.15776862029898994 -0.5995551446027618 0.04930329200325834 -0.798813378692423 -142.00083796042983
-0.8008154102719524 -0.015340857262993774 0.598714737391188 358.8159322197942 0.01711844822989679 0.9986771584640716 0.04848599686846615 -0.1537835936285056 -0.5986665494256094 0.04907740071117268 -0.7994934467137744 -142.08508477831964
-0.8007654006807333 -0.015666716428279277 0.5987731849949349 358.99574202290444 0.016420069799278972 0.9987080242355257 0.048090161523539246 -0.14196880698316885 -0.5987529994750855 0.04834083495275156 -0.7994735826127467 -142.32612727409798
-0.8006709362581709 -0.014761028674574269 0.5989225023856848 360.31120399551105 0.016794830152934453 0.9987505167609226 0.04706738732843244 -0.06310758492015657 -0.5988689218114416 0.04774429078182008 -0.7994226023738281 -144.06864346777567
-0.8010581048001286 -0.013891569461732341 0.5984253813399916 360.97362958155156 0.017835911925185337 0.9987328414285292 0.04705944855067752 -0.02873167042617765 -0.5983208110870152 0.04837081506432047 -0.7997952683469631 -144.89519532185335
-0.8023580432679083 -0.013981403832679425 0.596679219304778 361.42138280276714 0.017925697665788807 0.9987100645571216 0.04750659233733109 -0.009994764073631784 -0.5965737504839522 0.048813187758823554 -0.8010724267719707 -145.42961531243841
-0.8024835880736431 -0.013663600347752486 0.5965177255522142 361.7925034135515 0.01781033919690703 0.9987437671363352 0.04683673156843498 0.011973671435880594 -0.5964083187633648 0.048209891431732224 -0.8012321284609089 -145.90765029496325
-0.8022289411542451 -0.0138441257892075 0.5968559844348296 363.2577743655116 0.01708620631939216 0.9987891975490943 0.046132422577270626 0.0912267320455944 -0.5967719728071605 0.04720676901006144 -0.8010210567965622 -147.87449897688066
-0.8021402623248965 -0.014369250287893504 0.5969627494270545 364.44415995465187 0.016999302307697438 0.9987557463050133 0.04688265077582587 0.15360572246620458 -0.59689364486347 0.04775441203575223 -0.8008979291100223 -149.4542231975321
-0.8021340337353459 -0.015055482458733671 0.5969542062599075 365.21088190542827 0.017093798860676183 0.9986935148283919 0.048156676382658206 0.1941490193233531 -0.5968993164378515 0.04883232420895076 -0.8008287021257283 -150.44546222573211
-0.8021966915628116 -0.015800686020236918 0.5968507404426734 365.52817506493295 0.017149084258608796 0.9986275653516429 0.04948630748946831 0.2145164767269293 -0.596813519413536 0.04993319578337593 -0.8008247617326084 -150.8549239751467
-0.8018593991102371 -0.014905029547262784 0.5973268319377284 365.7829438300667 0.017687302325528665 0.998658632142912 0.04866308439561133 0.22918463746116086 -0.59725092163597 0.0495860518759485 -0.8005201809225931 -151.1965333927316
-0.8017450204184665 -0.013975471242777853 0.5975028104015357 366.4087783714433 0.01871634934894751 0.9986491550552715 0.04847229491618163 0.26292924604513807 -0.5973730999143179 0.050045492413757046 -0.8004004174085768 -152.03391313290518
-0.8022281774669802 -0.013885174767771315 0.5968560573535922 368.2926015763012 0.019281544913662532 0.9986053980338627 0.04914754361485385 0.36448852235024715 -0.5967061029550064 0.05093585121797794 -0.800841660852475 -154.43431314257452
-0.8022006007459295 -0.014733142978928894 0.5968727926960912 368.5003286572894 0.018688165740798977 0.9985860494391476 0.04976599568743224 0.37801346216431403 -0.5967620536060542 0.05107676931325557 -0.8007909933387154 -154.7071502378536
-0.8024359139124957 -0.015234305221616014 0.596543812312081 368.85580630549237 0.017908482458719423 0.9986090154806785 0.04959153614011862 0.4019259195377825 -0.5964695217020266 0.050477224023569134 -0.8010469146906635 -155.17205335911544
-0.8031009515360207 -0.01485518155075833 0.595657775256087 369.0319305804919 0.01781243601938677 0.9986438030861521 0.04892107603766376 0.4132085719259448 -0.5955766774857746 0.04989867872721305 -0.8017471815331096 -155.39841673702375
-0.8033119440112269 -0.015726439371136828 0.5953508207045727 370.99196436314804 0.017554172872764874 0.9985917212890021 0.05006421064814656 0.5361074729895711 -0.5952997325916227 0.050668069607740646 -0.8019045922667911 -157.85964608175084
-0.8033457646843192 -0.01706826448925806 0.595268222493936 371.03993529175085 0.0172506483949564 0.9985027128480929 0.05191095804311042 0.5392889960355075 -0.5952629649942294 0.05197121109157166 -0.8018484867629015 -157.92421759597318
-0.8036347750195368 -0.018309428283783142 0.5948410823196547 372.73293290544024 0.01613212111955726 0.9984891152999129 0.05252848080596136 0.6601211600725321 -0.5949041124815692 0.051809762241485945 -0.8021252056187975 -160.16265537333794
-0.8040638032053813 -0.017450259360495147 0.5942868741804317 372.8721110425093 0.015549225128666595 0.998610055741222 0.05036048222974663 0.6706231717515864 -0.5943396520280277 0.04973374127055011 -0.8026748613270742 -160.34348371959572
-0.8044054056181583 -0.015825950793883055 0.5938699206844499 373.0557004360564 0.015426483081295071 0.9987515860979268 0.04751097648564268 0.6823894340954627 -0.593880431595477 0.04737941059517683 -0.8031570359647139 -160.5866055301866
-0.8047447776063493 -0.0153561430949053 0.5934223047582178 373.6164310742391 0.015676835028634567 0.9987669255091587 0.047104833642302085 0.7086417896857632 -0.5934139194177985 0.0472103524476651 -0.8035117316274696 -161.25682817409006
-0.8051839771831548 -0.016383707013835992 0.5927987323130849 375.3397495255928 0.016288742651446315 0.9986301307093057 0.04972463074122523 0.8201874400162579 -0.5928013493155636 0.0496934219389349 -0.8038141103922267 -163.48944603964836
-0.8051566693125188 -0.016809960596659446 0.5928238887615012 375.36102079781244 0.017134200492974812 0.9985216102713496 0.051585007459329854 0.8214268485419679 -0.5928146059562288 0.051691576159479974 -0.8036783087275098 -163.51758982969395
-0.8058663914629781 -0.01606872606041409 0.5918793417185907 377.4921459777392 0.0176494793220722 0.9985355597991057 0.05113933609607893 0.9776134083340742 -0.5918343137991401 0.051657834444383474 -0.8044026436744339 -166.19072024820022
-0.8058957379738823 -0.015437523306922595 0.591856183873818 378.3332881891199 0.01787877420443814 0.9985695555208455 0.05039039809179209 1.0327684259923195 -0.591787469408131 0.05119107012996286 -0.8044669448712423 -167.3135921682324
-0.8062169434895703 -0.01453582507812648 0.5914414170648112 379.60646504247745 0.018565820057171504 0.998584144243556 0.04984994674993213 1.102073884764394 -0.5913286314359731 0.051170466625431905 -0.804805587076404 -168.8990160166989
-0.8057653889390715 -0.013969587888817579 0.5920700875758564 380.8829978689893 0.019642903001649045 0.9985413382751139 0.05029266464817487 1.2036241020685727 -0.5919090253996266 0.05215406379144928 -0.8043156465471142 -170.67700122675348
-0.8056478967295847 -0.014100314435111687 0.592226854868999 382.4808155471172 0.02033144105334034 0.9984695801040974 0.05143082841490619 1.3091300908482324 -0.5920456899597297 0.05347596412950349 -0.8041282374475657 -172.76907268561132
-0.8054072809575162 -0.014842052035743123 0.5925359274103029 383.36371604083996 0.019979413849982745 0.998438527902612 0.05216635910122127 1.368976720152411 -0.592384954909249 0.05385368595588177 -0.803853124461262 -173.93776060588527
-0.8059875332992099 -0.014579124975653007 0.5917529427735855 383.3779333917778 0.01998726294523083 0.9984562785293024 0.051822477607461524 1.3699310506773128 -0.591594967428066 0.05359579256212124 -0.8044519162345407 -173.9565027324881
-0.805585018046109 -0.014118734384398611 0.592311944872828 384.99173001813443 0.020856503236016344 0.9984206473872768 0.05216528676753149 1.4570425118724761 -0.5921129832831041 0.05437712947697361 -0.8040182478137096 -176.17312508839112
-0.8057118308779845 -0.014480691959954332 0.5921306909319985 385.81884197438836 0.021270863148005588 0.9983488686636826 0.05335809984328423 1.5079404285740847 -0.5919256676004059 0.05558638320945141 -0.8040734780090105 -177.23794660760086
-0.805166162200195 -0.01627178882890014 0.5928260116898685 385.8929911937725 0.019551252474596926 0.998351849491507 0.05395677106317628 1.5136516900291244 -0.5927269183818846 0.05503465730970919 -0.803520993328935 -177.33871818494595
-0.8052710825789875 -0.017899554364302517 0.5926365576941943 385.96472253529106 0.017928875766077285 0.9983519698612102 0.05451513265147513 1.518851276007255 -0.5926356713663392 0.054524767104525425 -0.8036230526785344 -177.4298500722883
-0.8045282698832162 -0.017299900255127565 0.5936623420850279 387.4162562682918 0.017857231535040367 0.9984191347466437 0.05329494022577965 1.6301088617421589 -0.5936458390662099 0.05347845194962266 -0.8029474907716248 -179.4520563480741
-0.8039161201852243 -0.015392185569788639 0.594543482286805 388.62865156618176 0.01970650338575206 0.9984267457340242 0.05249463903367375 1.7138520030148614 -0.594416121442416 0.05391765968913663 -0.8023480295626096 -181.13040735255476
-0.8028761966196027 -0.014035678589593715 0.5959805471893942 389.2260337322576 0.021196639771628382 0.9984185410844397 0.05206840962822864 1.7526645328871064 -0.5957688439017554 0.054437271656015376 -0.8013089716773523 -181.9819704045614
-0.8024812786075098 -0.014283555246900226 0.5965063097184841 390.33054504046225 0.02146398954687565 0.9983753587901402 0.0527820055832719 1.8303121628790877 -0.5962911156785662 0.05515997652437577 -0.8008709523716301 -183.42831340161626
-0.8018122740311607 -0.014929121220349189 0.5973894864764244 391.4353402614428 0.021579124257407278 0.9983125064591033 0.053911787612992194 1.9084255091242122 -0.5971862511890772 0.056118274981801844 -0.8001370636358522 -184.9326070214707
-0.8014296373970529 -0.014251934551201634 0.5979192409206914 393.6216118056292 0.02175288247814291 0.9983600202883074 0.05295358338984099 2.046376867147385 -0.5976933565010756 0.05544503811416323 -0.7998052883939926 -187.6969639008705
-0.8009846035891078 -0.014605952992315343 0.598506750964753 394.9442769440157 0.021079783742538417 0.9983944151182916 0.05257598860672261 2.1366698105712345 -0.5983137199919193 0.05472895027124758 -0.7993906644886709 -189.41625369226333
-0.8003775532831838 -0.014771607788977998 0.5993142512937195 396.0329261584999 0.020639721049113612 0.9984247592297145 0.052172809701064825 2.2138729076044577 -0.599140863333023 0.054127624743908295 -0.798811884065418 -190.85477754821133
-0.7999508160403219 -0.01562068468674685 0.599862222619777 396.6888419440994 0.020014514785184907 0.998410350876333 0.052689566907628514 2.2552516694997102 -0.5997316992742152 0.054155013368266086 -0.7983665345020077 -191.68115299624972
-0.7996169902505599 -0.016070483515283215 0.6002952677326548 398.18082931013294 0.019546451517271884 0.9984156301186391 0.05276519466358493 2.3541481477381767 -0.600192140181559 0.0539255884936649 -0.7980359802476904 -193.62434885856987
-0.7992368608498596 -0.017349980771484502 0.6007656934496924 399.70438449880885 0.018202493233547175 0.9984259309052711 0.05305025670086487 2.4553975143824833 -0.6007404676721436 0.05333515410284387 -0.7976629939002312 -195.62757013287057
-0.798715276430765 -0.01855168613089662 0.6014230974429114 401.1619779191231 0.016565553203352075 0.9984677604340659 0.052798805108163385 2.5573507000001174 -0.6014810800375973 0.052134118535596234 -0.7971841343386873 -197.5724331065319
-0.7988635611359094 -0.018395002907166995 0.601230932801446 401.16403046624964 0.015793692119311333 0.9985462236803455 0.05153637999475787 2.557473041360762 -0.6013048893685253 0.05066619229593819 -0.7974116671956442 -197.5751206901288
-0.7984212573027427 -0.018103925505033005 0.601827004851406 402.4733579047096 0.016671385104464472 0.9984998986780201 0.052153784701443696 2.638983108789258 -0.6018683915988671 0.051673980118567484 -0.7969217270051677 -199.38096373734268
-0.7987484871342059 -0.01900082711507571 0.6013649664469647 404.30527088931984 0.01681659896576889 0.998405693353953 0.05388203297611661 2.7505764991303012 -0.6014300094774477 0.05315110579619025 -0.7971555078230343 -201.63562556256636
-0.7988194147879908 -0.020560292691275746 0.6012194415703969 405.7818751615501 0.015486508589469974 0.998381706744788 0.05471869597381632 2.857209659084665 -0.6013715246081089 0.053021146741802264 -0.79720828356754 -203.56848665421006
-0.799027652311901 -0.02042172864953889 0.6009473885789798 406.095421059824 0.014599601695682647 0.9984695503042722 0.053342372889799886 2.8801052078226697 -0.6011170122956598 0.05139562349219656 -0.7975066315803201 -203.96945868186936
-0.7989888224092399 -0.018914074722136454 0.6010483503367267 406.9824778347957 0.01499641375002253 0.9985676794889846 0.05135851491841512 2.9397862768324696 -0.6011588552452136 0.05004844910076996 -0.7975607710405975 -205.13612969268056
-0.799760193135758 -0.017613611295064675 0.6000611586935122 408.61125008844346 0.015458026153111476 0.9986338204772032 0.04991534860699028 3.0381372456014857 -0.6001205569741018 0.04919606992691597 -0.7983953054726964 -207.15750810012975
-0.7999734370193152 -0.017301990547132367 0.5997859127943985 410.0784832883913 0.01606350558461 0.9986083996965875 0.05023174139680872 3.1174324844807444 -0.5998203596509862 0.04981872317241374 -0.7985822631198569 -209.06361745508565
-0.8001026716506464 -0.017813258863536116 0.5995985345430371 410.21297825532554 0.016372254448283153 0.998538147314556 0.05151230573267667 3.125733555171474 -0.5996396118518024 0.05103191321395584 -0.7986413962047945 -209.23937144788633
-0.8000689049877305 -0.018081963813796426 0.5996355475256363 411.4645697558823 0.016824629881870307 0.9984761658030404 0.05255737962074966 3.2108764638132445 -0.5996721430090559 0.05213817131332915 -0.79854551028168 -210.89244685713632
-0.8002495526486777 -0.018385480781041373 0.5993852080107085 412.28168910781864 0.01686446295774346 0.9984445373327904 0.053142222003405626 3.26844800432738 -0.599429931997677 0.05263534902289807 -0.7986947330854877 -211.93623937801615
-0.80021308016667 -0.018268211477023476 0.5994374852973414 413.8261293183753 0.01657231122075809 0.9984806514021051 0.0525523289344304 3.37072148977261 -0.5994867678531149 0.05198712557028877 -0.7986945310592561 -213.967578503517
-0.8003761619237884 -0.018145116245471368 0.5992234593042759 414.8595637151667 0.016273656930457958 0.9985159043313881 0.05197265518888134 3.4328774830986757 -0.5992772042337813 0.051349231286465395 -0.7988930397318733 -215.28827652445494
-0.8003955124706524 -0.018359935505191827 0.5991910683455537 415.20095397764356 0.016246172701308695 0.99849942975776 0.05229675559716961 3.4557429220967166 -0.5992521051188745 0.05159265007417262 -0.7988961840996124 -215.73470885795928
-0.8001760816706911 -0.018438902696309878 0.5994816470831237 415.57181961379496 0.016402201273352974 0.9984807038087081 0.05260467579082549 3.4843970371609836 -0.59954082939824 0.051925821986998404 -0.7986579386041595 -216.22117513042633
-0.8002010726554156 -0.019266799314676553 0.5994222499751651 415.9271876944871 0.015660341940540817 0.9984717622964802 0.05299899609303075 3.508590897257928 -0.5995273113140294 0.05179701092468286 -0.7986764505404172 -216.68523426474079
-0.7997282068172215 -0.019668630953825098 0.6000399488178374 417.62521692405477 0.015208531930202308 0.9984787563533335 0.05299880817179708 3.6205205956163202 -0.6001695558568771 0.051510368543674294 -0.7982124943616543 -218.92700992893788
-0.800063461153959 -0.018835337034023326 0.5996196195965919 417.85887556726857 0.015124216441930197 0.9985560502393401 0.051546800166726026 3.636650903826907 -0.5997247003445556 0.050309488262409094 -0.7986233399966519 -219.2188501035697
-0.7997645057287087 -0.019042248569792957 0.6000117733394237 419.7775420268529 0.015167832482405556 0.9985367063835031 0.051907445155523285 3.762551136711511 -0.600122214414949 0.0506146102839307 -0.7983053857963783 -221.76214313085174
-0.7992579190200935 -0.01900653314669413 0.6006875482157198 420.88122605693144 0.015809662821777332 0.9984889599728634 0.05262937747849355 3.8378794509728844 -0.6007801872940997 0.05156111432131447 -0.7977497214319862 -223.25588195995374
-0.7991569029795516 -0.019327075283694272 0.600811708092568 422.70330290401023 0.01573886163145906 0.9984676229521993 0.053053691207426146 3.967029532624972 -0.6009164107050823 0.05185431589718973 -0.7976281071202017 -225.60795064362316
-0.7990497698225303 -0.01854259338720897 0.6009788994440961 424.4161592323381 0.0157739068904554 0.998533859141856 0.0517814253249729 4.082021388684505 -0.6010579416395513 0.050855721189961754 -0.797585761165704 -227.8158193322896
-0.7990410522302996 -0.01713858697130635 0.6010321669322879 426.19417909245215 0.016488432526674 0.9985932151346062 0.05039565735205579 4.1889031834169534 -0.6010503543327388 0.05017827740924807 -0.7976343849363131 -230.13174632030888
-0.7989107643795942 -0.01685741058218688 0.6012132884982461 428.20612103477083 0.017179973343911577 0.9985596503656704 0.050827877955851454 4.312193641411398 -0.6012041575657283 0.050935767099907374 -0.7974704436878071 -232.6914660674948
-0.7985310519296718 -0.01716486419182696 0.6017088386764542 428.5843578706835 0.01785191344325336 0.9984783907780461 0.05217482473090116 4.336487192517578 -0.6016888467393329 0.052404871782705385 -0.7970095740472198 -233.18668292856205
-0.7983298464952657 -0.017443734523102244 0.6019677502331268 430.12495358735333 0.01804644619756377 0.9984385468127026 0.05286581143025508 4.430848095779473 -0.6019499829508145 0.05306773374121391 -0.7967684943953838 -235.17519547784303
-0.798385392305856 -0.018022575243269084 0.6018770240956404 435.6480879488036 0.01764498329538727 0.9984224966759183 0.05330265186586507 4.804157299527709 -0.601888212143361 0.0531761686569162 -0.7968079286564865 -242.22427787378925
-0.7980048757690145 -0.018484146730850446 0.6023674580922439 436.92386214227844 0.01724807203513633 0.9984195601180069 0.053487250675638164 4.893096088519106 -0.6024041187275799 0.05307276413943585 -0.796424861143001 -243.88774149776268
-0.7974890957258293 -0.018319373482125954 0.6030551738884433 438.5429715402304 0.017068291993311557 0.9984538305326884 0.05290200093602058 5.013062904876901 -0.603091879904573 0.052481890684559336 -0.7959433620197752 -245.99798569105943
-0.797148782829035 -0.017550621603031235 0.6035277903423621 440.17741751018775 0.017146506568571255 0.9985162656359221 0.051684277812394014 5.116696358338677 -0.6035394066228681 0.05154845237096828 -0.7956650939380685 -248.0869180425471
-0.7969639899646018 -0.01710404631247026 0.60378460588147 440.2992980277998 0.01718825264089326 0.998552027082742 0.050974632711789584 5.1245053390827255 -0.6037822146029617 0.05100294901954086 -0.7955160190219015 -248.243950039681
-0.7970729674072006 -0.017266985301231906 0.6036360955470488 440.6691106997074 0.01684100059135585 0.9985667565590792 0.050801706606812866 5.149485263274787 -0.6036481303936619 0.050658502876513974 -0.7956397744950585 -248.7111419893647
-0.7972261471352967 -0.017816422139460053 0.603417803371725 442.37234868904216 0.01633395787242266 0.9985618234865542 0.05106355349397269 5.259398352409304 -0.6034597518841119 0.05056540099078061 -0.7957885825259171 -250.84212664056764
-0.7977997097801773 -0.018073390051371457 0.602651620463029 443.94605972628534 0.015905484408662757 0.9985718409999661 0.05100288156238141 5.351890071188411 -0.6027127330996022 0.050275550061550774 -0.7963728589207552 -252.8422720802489
-0.7980839044487185 -0.01890423718528582 0.6022497084070113 444.02641982060874 0.015025383453776749 0.9985725234438623 0.05125576333473314 5.35747081049195 -0.6023589621745138 0.049955432531423975 -0.7966606149726757 -252.9458521599379
-0.7984270064763509 -0.019014003339218735 0.6017913118400995 444.38353710030316 0.01422254323025757 0.9986267248851671 0.050422054789447515 5.381564881170736 -0.6019236119253654 0.04881733321416448 -0.797060119052873 -253.41102262406653
-0.7989458778077732 -0.01887597214194172 0.6011066311476376 446.01561244779265 0.0140680428470339 0.9986472411992784 0.050057744810629565 5.4808671895619225 -0.6012383674587162 0.04844982271142721 -0.797599548755395 -255.53973021542302
-0.7992960019334917 -0.01901210588458294 0.6006366964504979 446.1755412002735 0.01436767481092589 0.9986091029507465 0.05072898012413241 5.4909487132874 -0.6007657373832702 0.049177223729492264 -0.7979111037281005 -255.74670621727662
-0.7997767407606682 -0.019049879341577407 0.5999952225104069 446.2653331377617 0.014946824106809944 0.9985545338921032 0.051627853845052994 5.496525957893809 -0.600111454137783 0.050258779736454075 -0.7983359553922389 -255.8650077556578
-0.8003320434477562 -0.01875751684946573 0.5992635278342737 446.462207248101 0.015757247170746936 0.9985071771368733 0.052298435614790424 5.509219120400755 -0.5993499223261318 0.05129885737320467 -0.7988417226458969 -256.12289759690503
-0.8004052758651223 -0.019209266688304655 0.5991513985968602 446.52252250079977 0.015498040254678191 0.9984892675592415 0.0527161580284021 5.5135628393296985 -0.5992588798804264 0.05147996350337354 -0.7988983716607192 -256.2020106577757
-0.8006400737715117 -0.01880147378135022 0.5988505463425712 446.6372750069981 0.015239920792753657 0.9985450532327473 0.0517254432425873 5.521433703281002 -0.5989517652410588 0.050539897586567385 -0.7991886521132289 -256.3512162148132
-0.8006328548187797 -0.017972114282672095 0.598885660951187 448.20768581848296 0.015785526433368245 0.9985703362794296 0.05106956684768302 5.624507744565527 -0.5989472839407102 0.05034169853112924 -0.7992045197876747 -258.40832275889244
-0.8004564272589659 -0.016572768487819516 0.5991617906746554 449.44050330759285 0.017390120651221 0.9985547611729895 0.05085245955203691 5.706570374179456 -0.5991386248303051 0.05112467391978854 -0.799011374107432 -260.0333961871881
-0.8001496893225785 -0.015382785821407056 0.599603072521608 449.83462586653525 0.018720709274124617 0.9985435407537826 0.05059972591995178 5.73134942697085 -0.5995081398290238 0.05171234977520604 -0.7986963272480165 -260.5559171054475
-0.7997311224530405 -0.015186263577113958 0.6001662346205134 450.1954696040372 0.019467884453211223 0.9984983102003847 0.051206698799027256 5.755097038418023 -0.6000426095327881 0.05263555761597197 -0.7982345299594212 -261.03858577869056
-0.7994166095347238 -0.014935148409761968 0.600591396659979 450.41727451201785 0.01974093402643493 0.9984980977450392 0.05110620630905564 5.769892442783742 -0.6004526458629127 0.05271138531207658 -0.7979211301467769 -261.3385641504327
-0.7996569960162518 -0.01507994222998776 0.6002676770113508 450.6368090653559 0.019150481756019036 0.998535534786509 0.05059688544895397 5.7819698842152 -0.6001516039891738 0.05195556862322289 -0.7981971380043026 -261.6331608902983
-0.7994335424637561 -0.015608593754008223 0.6005517321470909 450.7263337087567 0.018142616342209032 0.9985791922118551 0.05010431472218944 5.787644053712546 -0.6004805214626956 0.05095064948107273 -0.7980145203323973 -261.7504908438239
-0.7991766070363696 -0.01562013983403347 0.6008933033387878 450.77924889882377 0.017590972299465622 0.9986263865961316 0.04935481422834949 5.790603878014854 -0.6008388373427581 0.050013510429889836 -0.7978040738897503 -261.82015446501487
-0.798855755654628 -0.016331130611687297 0.6013009029017141 451.18325865685443 0.017261983669268167 0.9985972815537157 0.05005490179125946 5.815695930404014 -0.6012749001723566 0.05036629276088046 -0.7974532782403293 -262.3510527826052
-0.7977834616544475 -0.016387361819795377 0.6027213308679502 451.5372880019049 0.018232460262655535 0.9985177793269981 0.051281787806711304 5.850426464814049 -0.602668338062835 0.051900854910771836 -0.7963021885918132 -262.8913765128119
-0.7973946545447088 -0.016545927018018405 0.6032312966040789 452.00375413526274 0.01899221642006671 0.9984407617940247 0.05249134122521955 5.8885207583427235 -0.6031592332203661 0.053313014239334586 -0.7958370825073037 -263.5259161224973
-0.7972490211657262 -0.01587221871127236 0.6034418538048819 452.28492243221626 0.019774119862633617 0.9984310879961144 0.052386512639754926 5.9130096734974655 -0.6033265968229412 0.053697627471598224 -0.7956843484510487 -263.92146874570454
-0.7969408930324674 -0.01484933348664372 0.60387474720145 452.70799100224843 0.0203295378869728 0.998472150369081 0.05138165846532353 5.940978253188975 -0.6037151007734671 0.05322463933506228 -0.7954214070954686 -264.4679761099362
-0.7963894495551692 -0.014519600408684021 0.6046098128885985 453.10157675508896 0.020167443922332762 0.9985182057793932 0.05054371308820473 5.969294063448365 -0.6044477800793517 0.05244591434111278 -0.7949165410444473 -264.9937399838185
-0.7960173379460781 -0.01366112748287626 0.6051196338618796 453.2879963900163 0.020384755672119607 0.9985730448793441 0.049359252188270974 5.982591037463838 -0.6049304583383361 0.05162603641859358 -0.7946029781836188 -265.24932464633883
-0.7950246995285949 -0.013146893173018346 0.6064345688855177 453.61242469103723 0.020794930012360092 0.9985866861556721 0.04891013308524191 6.003245118624214 -0.6062205028083845 0.05149552827704827 -0.7936276913907536 -265.71427450166095
-0.794268117530071 -0.012005024768893993 0.6074487936077696 454.01682440099523 0.0216951937950867 0.9986067401787613 0.04810298364699984 6.028065607628579 -0.6071799371203176 0.05138538556679465 -0.7929010443357475 -266.25307248090064
-0.7937546600837628 -0.011643595522435176 0.6081266038240878 454.43886736222044 0.021915328226220426 0.9986200630035705 0.04772513127780485 6.05511831624044 -0.6078431195498136 0.05120933948076869 -0.7924041554446155 -266.8028953843407
-0.7932558762339481 -0.013016543706157136 0.6087492787759637 454.9004665177205 0.020650844713788075 0.9986211674005763 0.048262890838813244 6.0843861529892225 -0.6085381314535024 0.05085600858755928 -0.7918933065493243 -267.3880240589787
-0.7929511756593176 -0.014683405277125212 0.6091082257119608 455.1269445692065 0.018684011664333793 0.9986534019898249 0.04839721481942824 6.097340902582117 -0.6089986377067153 0.04975721358374627 -0.7916090442685371 -267.675669035528
-0.7927345413336545 -0.0144304254864859 0.6093961845932404 455.55733345300575 0.018493515681892864 0.9986901966317032 0.047706194875038535 6.12330170427822 -0.6092864161084228 0.04908822640929855 -0.7914293456612178 -268.218883370981
-0.7928100574238814 -0.012740563539784559 0.6093356143277938 455.595468279461 0.020047669175988273 0.9986953011685156 0.04696580015862513 6.1253735357891355 -0.6091389856249181 0.04945071753390949 -0.7915202604654081 -268.2664573519573
-0.7929093100286321 -0.011379193129835537 0.609233403576685 456.04866881228236 0.021098193342448664 0.9987134066194872 0.04611287972123619 6.148192636919183 -0.6089742952765786 0.049417055782537814 -0.791649077742266 -268.8122850913193
-0.7927790269249035 -0.011259597314208935 0.6094051492532077 456.3009506829095 0.021301090137312528 0.9987067749069607 0.04616320302904811 6.1620322329775625 -0.6091368302992091 0.049578213191490694 -0.7915139434967472 -269.1368946988204
-0.7930113849762929 -0.013058858293079826 0.6090668350173586 456.4305571572905 0.020388288717774553 0.9986412798157841 0.04795739704211752 6.169082925952258 -0.6088655524671639 0.05044859232898284 -0.791667656628007 -269.2915542479668
-0.7933867438775095 -0.015398900488041375 0.6085230878965907 456.7536238418011 0.01837797135013569 0.998618303617215 0.04923143152226248 6.189607822984795 -0.6084404036620998 0.05024298502713625 -0.7920075237313497 -269.69766903055694
-0.7938941276865898 -0.015673471269558415 0.6078539761514359 457.1149589789731 0.016741248209254506 0.9987253566264245 0.04761714648967572 6.212970577845471 -0.607825505086079 0.04797920726507931 -0.7926198023245874 -270.16261977789753
-0.7940880200453134 -0.015160888812340104 0.6076136633346334 457.240661058311 0.01615303062257915 0.9988093513852183 0.04603215383997772 6.220271684490571 -0.6075880973342239 0.046368384011751196 -0.7928976459429786 -270.3237947107274
-0.7939249339837656 -0.014678166328852342 0.6078385892916763 457.60523378382504 0.01768367956617942 0.9987282135877955 0.04721485847414189 6.239957793409798 -0.6077585759788803 0.048233876238128665 -0.7926556670504346 -270.79536192213567
-0.7936391419167214 -0.014045361225104646 0.608226635593794 458.01782076867187 0.019794729757412994 0.9986080410861745 0.048889149633288075 6.267243020036172 -0.6080666748733429 0.05084002464684078 -0.7922564047089716 -271.34280537954993
-0.7928025592633007 -0.013034617451722645 0.6093391508621836 458.36302757602454 0.021856801269916355 0.9985201586481619 0.04979731932040976 6.295578007975939 -0.6090865145969087 0.05279764692804719 -0.7913444422089865 -271.87814266504023
-0.7930333464772118 -0.011222287624715572 0.6090748489599793 458.5822858662432 0.02288088998184646 0.9985760568827223 0.04819049174053437 6.312744787711889 -0.6087483685799866 0.05215284154314165 -0.7916473361732366 -272.16035053768917
-0.7921777038242629 -0.009797461235702095 0.6102118446220561 458.63255836191877 0.023005077904191224 0.9986811140597804 0.04589987811465173 6.3166871463650525 -0.6098567470761822 0.05039883107426916 -0.7909075204295413 -272.2311535195097
-0.7918023310270182 -0.00833518508453734 0.6107205525195513 458.75616809435945 0.02333018047010896 0.9987644068047041 0.043878951437811564 6.323701547542368 -0.6103316895421821 0.048991676738566484 -0.790629524082506 -272.38743436076055
-0.7910365671940557 -0.007749135252451389 0.6117197890085646 459.1405126518383 0.024043202245870192 0.998753455314092 0.043743112874239855 6.340621880566876 -0.6112962242543387 0.049310104451354884 -0.7898641907387538 -272.88873099175413
-0.7908019452594371 -0.008365404208851934 0.6120149535642997 459.6677281870433 0.024421282373352476 0.9986791366102894 0.04520600697440793 6.365131716893746 -0.611584731939192 0.050695188250481575 -0.7895531100230786 -273.5166182347298
-0.7902898632119865 -0.009457609197797505 0.6126601714920273 459.80062860486265 0.023842452790616704 0.9986489643293573 0.04617124092799836 6.373369863767056 -0.6122691152992359 0.05109598489280539 -0.7889966608158275 -273.68491321015404
-0.78935695483125 -0.009638193595795111 0.6138588625113632 459.9619651735704 0.02318558924446259 0.998695479348379 0.04549470277406879 6.383586867704423 -0.613496557700958 0.050144239482953365 -0.7881037551843996 -273.89670620685183
-0.7886830517681748 -0.010218955706066887 0.614715069603727 460.38682618995773 0.022387197381260777 0.9987213869614299 0.04532554047391623 6.411281250820227 -0.6143922665911845 0.04950923318046436 -0.7874458575564609 -274.44471992869563
-0.7880849043622464 -0.010344381595295998 0.6154796319016242 460.4841678157079 0.022299522720389545 0.9987227481473755 0.04533876508462835 6.416038027068938 -0.6151625108886218 0.04945569838114905 -0.78684764668571 -274.5680494479989
-0.7877503275168809 -0.010418656831806957 0.615906545741208 461.4529087811237 0.02189388851337192 0.9987516638557609 0.044897345034153026 6.462853888974713 -0.6156054573692574 0.04885248750240657 -0.7865388453992691 -275.75086873866877
-0.7869976940648408 -0.010850044628425783 0.6168605239988886 461.56016051601443 0.020993950975473925 0.9987953394445306 0.044352270813644346 6.468913435532833 -0.6165986405751026 0.04785547445641537 -0.7858218436805429 -275.88884730329255
