1.0 0.0 0.0 0.0 0.0 1.0 0.0 0.0 0.0 0.0 1.0 0.0
0.9999953260924799 -0.0030010181951163 -0.0005845365578334168 -0.05407423619402912 0.0030005642696157896 0.999995197291823 -0.0007758913274399838 -0.03895631895836395 0.0005868622144659679 0.000774133761485972 0.9999995281547189 0.8578580750340357
0.999998897614727 0.00015396036656972712 -0.0014768430979879026 -0.09609832927402578 -0.00015716664095152821 0.9999976306738727 -0.0021711621974620657 -0.05549658522816415 0.0014765053259371366 0.0021713919144737757 0.9999965524886454 1.715997878556824
0.9999971629712489 -0.0023022399680037195 -0.0006113432612415105 -0.3215388712363914 0.0023008654891450214 0.9999948451850817 -0.002239558274569295 -0.047803772717081326 0.0006164961104505099 0.002238145302266287 0.9999973053154451 2.5463413447560574
0.9999994579581314 0.00013730790511210476 -0.0010320997929110342 -0.42520648670616146 -0.0001406882088715489 0.9999946246146258 -0.0032758126749755172 -0.04018331382962256 0.0010316444500009588 0.0032759561036191454 0.999994101893274 3.3994624460524596
0.9999946140440652 -0.0029924201544179133 -0.0013480743600555872 -0.5984006761834086 0.0029880731645809226 0.9999903670767265 -0.0032151473554209524 -0.04622162722764022 0.001357682445904492 0.0032111018939598454 0.9999939227430347 4.242265099567039
0.999998207834088 0.00044547302778124914 -0.0018400767357998997 -0.6608648300455049 -0.0004540839454794795 0.9999889368074324 -0.004681887494553073 -0.04639449046927229 0.0018379707240786909 0.004682714653138095 0.9999873469434973 5.099390110457339
0.9999790436025026 0.005725697144533916 -0.0030213818086032703 -0.6836549280489523 -0.005743281625963916 0.9999664318476778 -0.005843791063062817 -0.05432265919978864 0.0029878206085954704 0.005861021244880778 0.9999783604448538 5.959590050173759
0.9999619226020623 0.007918702606133355 -0.003667082631046183 -0.7264731730818136 -0.007936089194420067 0.9999572212333127 -0.004751230540629873 -0.0526151198113782 0.003629302176109428 0.0047801519209771486 0.9999819889944652 6.817966988773168
0.999943945708369 0.00931375680725275 -0.00503580930076993 -0.7628186522534787 -0.009330235788367072 0.9999511621719304 -0.0032588297193086382 -0.05672230766873245 0.0050052114152992185 0.0033056323360786148 0.9999820101649562 7.677495634866969
0.9999277073821937 0.01022394778726396 -0.00632857812097311 -0.8085990575305665 -0.010238821073824672 0.9999448853138293 -0.0023222570338641527 -0.02986297074611067 0.0063044866887132294 0.0023868863308563223 0.9999772778524697 8.536455246669428
0.9999020038804335 0.012338960234673135 -0.00661307010551306 -0.8556675366975235 -0.012360883850908092 0.9999182065052901 -0.0032846384380158444 -0.025140945205072044 0.006572000176326374 0.0033660599476669105 0.9999727388554704 9.3942858369475
0.9999033111196504 0.012037415573336317 -0.006961970861322638 -0.9115813038629457 -0.012062179064619122 0.9999210325291807 -0.0035259809968306295 -0.035339605402581874 0.006918977393529237 0.003609616612847845 0.9999695487462286 10.252838969062077
0.9999357317569165 0.008345070499954638 -0.007674122367411469 -0.934989621176951 -0.008374290785483372 0.9999577775994268 -0.003783420708230582 -0.0345016147648161 0.007642225435001616 0.0038474428866569236 0.9999633961168951 11.112877167496794
0.99993003912477 0.008837631628263372 -0.007862132225968783 -1.042293552034601 -0.008850609636402058 0.9999595244809009 -0.001617439023473235 -0.08575949757991706 0.007847519671815057 0.0016869105292653687 0.9999677848650258 11.964204282558246
0.9999297524824792 0.008499749905680871 -0.00826101397338031 -1.0538685116932929 -0.008517276030561237 0.9999615459623566 -0.0020886851349789792 -0.09287962411072757 0.008242943002758936 0.002158899746337001 0.999963695862274 12.819967429701126
0.9999029599468277 0.010888281734349073 -0.008689994847277071 -1.0856378023186073 -0.010925887257815807 0.9999311004689027 -0.0042917715082365256 -0.08988754925517727 0.00864266609338564 0.004386300938473555 0.9999530312404055 13.683044855150264
0.9998953551965981 0.011053740938418957 -0.009332388093876364 -1.105146966476538 -0.011111562733011844 0.9999192481750745 -0.006166871380541947 -0.10798037796973509 0.009263467487865716 0.006269923465252691 0.9999374361578034 14.553362607144788
0.9998366730951243 0.01507438053429714 -0.00996946265253871 -1.1281498327115023 -0.015151504036734403 0.9998555125801057 -0.007706224016905171 -0.11493797105655668 0.009851855637288832 0.007856017736812276 0.99992060881143 15.434649804038193
0.9998023489399658 0.016573329803247883 -0.010981247349876835 -1.122812845764664 -0.01665848691146068 0.9998315171698505 -0.007709220949966267 -0.11928416531656484 0.010851629736914746 0.00789062817952298 0.9999099860082333 16.32654550256911
0.9997943644865912 0.016570574772611212 -0.011689516352617285 -1.1334872728219845 -0.01665264696427458 0.999837117852977 -0.006958959156028383 -0.1267341841828467 0.011572298386061483 0.007152189535892868 0.9999074597656059 17.228172859206317
0.9997478689951781 0.01890599549383506 -0.01211452739428241 -1.1510547831331701 -0.018982534772461035 0.9998003776628773 -0.006234436524651835 -0.13834874636762598 0.011994240835169069 0.0064628290674203625 0.999907180705906 18.13409318608299
0.9997331613009953 0.019483751368782495 -0.012409255727768811 -1.1637968584051324 -0.019561001869140685 0.9997898450323456 -0.0061345721997268085 -0.16603122839133255 0.012287123381539323 0.006375672732947725 0.9999041841077619 19.046629920698194
0.9996817633350725 0.01993520915376112 -0.015458314632437721 -1.1366583759876658 -0.020035236047824166 0.9997791528347705 -0.006343096522710948 -0.1953449883231969 0.015328449751609102 0.006650788899390793 0.9998603930725669 19.960857724953435
0.9997093104170179 0.018363549512542727 -0.01562289073220257 -1.1620030513717765 -0.018474272623318994 0.9998050225320633 -0.006972673138730712 -0.2067585566175013 0.015491801592107805 0.007259267797834904 0.9998536428470268 20.87894436056039
0.9996731120817901 0.019915945919043374 -0.01603197052324137 -1.1737896144222957 -0.02001348447099427 0.9997820247499357 -0.005946715584947505 -0.2227050975286342 0.015910041484471674 0.0062656272685761944 0.9998537955595775 21.80742896637795
0.999585794134648 0.023483968869214306 -0.016635605500097163 -1.1793483617201599 -0.023561936493901793 0.9997122224546026 -0.004506375876102045 -0.21818731700939756 0.01652499055559263 0.004896476389113669 0.9998514635715189 22.74354869397899
0.9995889063121102 0.022896693380359143 -0.017255718182831253 -1.1775505608635353 -0.022931629960894772 0.9997353616707529 -0.0018294732535969116 -0.20599238173940412 0.017209262770266055 0.002224422912768457 0.9998494352739361 23.680800820462725
0.9996343746387429 0.021445944977382853 -0.01646780145120732 -1.1570163277018537 -0.021443293347260018 0.9997700091516432 0.0003375964263847154 -0.2025441831634136 0.016471254081965644 1.5650904733403512e-05 0.9998643395701321 24.624579407975666
0.9996701561788428 0.02021245746877064 -0.015844096958843687 -1.1587344770797186 -0.020208179170260868 0.9997957013875592 0.00043009485165119163 -0.18729284038011693 0.01584955330571601 -0.0001097726373864964 0.999874381915037 25.571335992695506
0.9996500965216499 0.019909961770418497 -0.01741487716168213 -1.1182892723827262 -0.019959579716543493 0.9997971958282712 -0.0026799984075922133 -0.1931305267045497 0.017357986686103517 0.0030266542957898966 0.999844757780916 26.519884500415028
0.9996390108791084 0.019479763533949212 -0.018503695341723782 -1.1009704646171075 -0.019584504435626253 0.9997930976337199 -0.005496281468605655 -0.2354048304892885 0.01839280062004804 0.005856683074285663 0.999813684717667 27.47209352468788
0.9996555366982892 0.01779188347924593 -0.01929395839936914 -1.077378923641518 -0.01793754869856261 0.9998117009309554 -0.007403176901619911 -0.2619910920900371 0.019158608904154353 0.007746713097238017 0.9997864452677114 28.43147033129236
0.9997054728116992 0.014949971311073005 -0.019117164751483555 -1.0817349115359909 -0.015081447753875332 0.9998634721176488 -0.006751818902126794 -0.2685850453838604 0.019013615226578993 0.007038144829291422 0.9997944523517709 29.40130774347791
0.9997075186397842 0.015154840702866863 -0.018846962045819732 -1.118358818900332 -0.015245576181771988 0.99987282693253 -0.0046799966705998175 -0.25429257520915555 0.01877364061581087 0.004965960654472367 0.9998114270465238 30.377546810788743
0.999734822385338 0.013024681241998652 -0.018990592110350823 -1.1436716076775444 -0.013093952002598646 0.9999080470763799 -0.00352786236319062 -0.24246934747834276 0.018942896587138693 0.0037755887546582186 0.9998134383966063 31.357978663424046
0.999774041157749 0.007283805606451904 -0.01997029801959909 -1.127064976843622 -0.007369695907955278 0.9999638937906761 -0.0042306851943419805 -0.2750897325312851 0.019938761479300758 0.004376904257209274 0.9997916225393142 32.337913445087246
0.999757181007771 0.003783690062589075 -0.021708586156316073 -1.1519680084201536 -0.003951631219003026 0.9999625582445055 -0.007698488151114008 -0.28233517530149577 0.02167864465562663 0.007782403138755241 0.9997347000916197 33.31814083471658
0.9997248523622793 0.002601138923762481 -0.023312092259583406 -1.180294801784478 -0.002864550073964911 0.9999323537935672 -0.011273073659399745 -0.2934765916797706 0.023281192454292 0.011336750555419033 0.9996646758612362 34.30350155009905
0.9997024079463356 0.005551706228606068 -0.023754454408613526 -1.2079429680997724 -0.005837861362162886 0.9999110272787545 -0.011994036062239099 -0.32829875189807967 0.023685753545450126 0.01212914194398696 0.9996458717939503 35.31587806874165
0.9996773595563929 0.00745850314126637 -0.024280599688876324 -1.2076800248860167 -0.0077255691042334325 0.9999104870119752 -0.010923989449403817 -0.3704930499231575 0.02419694965022347 0.011108046379390573 0.9996454966303093 36.37548666714998
0.9996172936029977 0.010672789892639707 -0.025521714004496737 -1.2278936015755246 -0.010903945113683857 0.9999006277433068 -0.008935245911509097 -0.3728083650558747 0.02542381385192869 0.00921011370445217 0.9996343348919011 37.41992236997317
0.9995984095057276 0.011148584899262449 -0.026052423464335502 -1.2734376602756632 -0.011342750927222494 0.9999088973338298 -0.00731703724523034 -0.41198708016508956 0.02596847540815803 0.007609604943032922 0.9996337990472246 38.46473792857576
0.9995658670527658 0.011528799726353721 -0.02711391155704838 -1.3233479180218126 -0.011656718777078032 0.9999216399805593 -0.004564515959151376 -0.4277970510550752 0.027059163520070696 0.004878593594352435 0.9996219290282379 39.498475709666174
0.9995696889192235 0.010533536279011343 -0.027376661728319922 -1.3508563920720442 -0.010589048089640818 0.999942160534461 -0.00188351963880376 -0.4319855699838584 0.027355238154389602 0.002172601927007358 0.9996234144648591 40.53598025401607
0.9994525752079464 0.017621185659799057 -0.02800078081319614 -1.3897536781311137 -0.017641077778061256 0.9998442766360881 -0.0004635222610942576 -0.44421717959584256 0.027988252625595397 0.0009572324696889229 0.9996077937976299 41.560946914572426
0.9994721477359451 0.015845617111663657 -0.02836092943556606 -1.4390174430513394 -0.01588292058891989 0.9998732637805601 -0.001090509228239285 -0.44424634969335675 0.02834005528690201 0.0015403879905272668 0.9995971530927716 42.58462388826669
0.9994970063057674 0.013952756963826723 -0.028479026649774596 -1.5020646106663886 -0.014022321516921727 0.9998991634973103 -0.0022444011796674927 -0.453780090782725 0.02844483934013785 0.0026426143281989356 0.9995918705673962 43.59513370239249
0.9994698082628907 0.014571336525718704 -0.029116636529589932 -1.5181439149147475 -0.01470918224192182 0.999881572060547 -0.004525683539877012 -0.44795746639527273 0.02904724304845331 0.004951565972844959 0.999565775557417 44.60290249266087
0.9995087721034424 0.009235327781172262 -0.029948676248618314 -1.6142459223366357 -0.009376819585128713 0.9999455136726589 -0.004587476472990614 -0.42605707671107185 0.029904677606324148 0.004866046310569026 0.9995409105437182 45.60170683083189
0.9994965642150517 0.00890527502505844 -0.030451834083288963 -1.637826879969869 -0.009023542202890991 0.999952260974901 -0.003748527350316119 -0.4541980495893464 0.030416998675423648 0.004021423617513122 0.9995292063485027 46.60272990383546
0.9994761132611737 0.009860015005484165 -0.030826597678470933 -1.6723984487972212 -0.009959786749695622 0.9999456422489419 -0.0030846710118517195 -0.4688191169445074 0.03079450711148436 0.0033900813327112293 0.9995199876342236 47.59965161929961
0.999434607117228 0.011058163999129544 -0.03175189924085994 -1.6916861571602053 -0.011244224194195296 0.9999206082018115 -0.005687241474557282 -0.492660840262288 0.03168648795155487 0.006041051422360708 0.9994796006817792 48.588212521491634
0.9994164961524066 0.008809477183293038 -0.03300091408135363 -1.7219415580807826 -0.009129114646232075 0.9999127475773115 -0.009547591223320011 -0.49081464163919025 0.032913925384611714 0.009843289295185105 0.9994097173690217 49.568284678865126
0.9994237655459712 0.007747833978502941 -0.033047056306942435 -1.7942908500475043 -0.008101204115879163 0.9999112926792624 -0.010572476737235359 -0.4939691358632326 0.03296221099661739 0.010834105460446457 0.9993978761259635 50.5501045953528
0.9993808477039422 0.005894407985561642 -0.034686844726074396 -1.7954710829406364 -0.006169415672553789 0.9999503399671972 -0.007826615471973938 -0.4976823138877424 0.034638988911489435 0.008035767168518598 0.9993675834712688 51.53366143676896
0.9993606890220575 0.0035337421566508454 -0.0355770418069008 -1.8188408528718232 -0.003730677577146739 0.9999780770403025 -0.005470601757978769 -0.5029542317509249 0.0355569301567926 0.00559983081434918 0.9993519633305755 52.51251428009922
0.9993576254951076 0.0012792536500956437 -0.03581479966270907 -1.8574718221973838 -0.00145588634683426 0.9999869047598399 -0.004906190353037084 -0.5184125673523615 0.0358080543973889 0.0049551810192817024 0.9993464011149188 53.48422152307204
0.9993451148636702 -0.002235231483189563 -0.03611571871547965 -1.8948615286882495 0.0020195085851041576 0.999979909680738 -0.006008479007045946 -0.5371295802364184 0.03612842348060279 0.005931608139449183 0.999329551770429 54.44874307936293
0.9993190118555823 -0.0050862106233278545 -0.036546449970950586 -1.9207572090219505 0.004836321402486949 0.9999643422419751 -0.006922733554476664 -0.5605492532124292 0.03658035728742796 0.006741268876819702 0.9993079769293624 55.41396178285411
0.9992758433670091 -0.006983432512027833 -0.03740348290605989 -1.9623919111951322 0.006750467300447977 0.9999570463724323 -0.006351110245230756 -0.5624369913908664 0.037446228840559266 0.006094020058339585 0.9992800622774125 56.3740670971711
0.9991852221540092 -0.010210827829878161 -0.039046521280052336 -2.006048221185001 0.010081252056089061 0.9999430086050154 -0.003513957730527684 -0.5556870643328234 0.03908017638172306 0.0031174568126794647 0.9992312151234043 57.33738932590511
0.9990995880756002 -0.011558484567380472 -0.04082174104167295 -2.0348587999222967 0.011547534849879746 0.9999331979682402 -0.0005040237089047961 -0.5351965118309493 0.04082483981669225 3.217940263565639e-05 0.9991663181965393 58.300774069513125
0.9990585221051961 -0.009976139830478093 -0.04222020894152335 -2.0612152779746156 0.010015033791082657 0.9999495963715216 0.0007097989818516641 -0.5304791520946084 0.042210999835902964 -0.0011319675410164135 0.9991080773081259 59.25473617993019
0.9990284822421981 -0.010345626022049971 -0.042837596700371156 -2.109674472549902 0.01017202946314108 0.9999391533012295 -0.004268432009712638 -0.4989050507220847 0.042879149775301564 0.00382853985645091 0.9990729306697862 60.19659731738126
0.9990272406702848 -0.008180092882383107 -0.043331956788889174 -2.178593295670406 0.0075581536520687755 0.9998663417749405 -0.014497341100006837 -0.4700981326192869 0.0434447547132019 0.014155729088740516 0.9989555388614033 61.12091545418982
0.9990254419180059 -0.006917954537920548 -0.043592525799109556 -2.233300118086527 0.006067993091356119 0.9997894852242387 -0.019600119767371523 -0.47915230082841265 0.0437189416658044 0.019316499166860415 0.9988571104014625 62.036795250727664
0.9989975655568625 -0.003470954723761198 -0.044629771282962284 -2.313332419650799 0.0026013801029699884 0.9998059355643968 -0.019527519856892373 -0.48023477037626494 0.04468888936887762 0.019391845799383186 0.99881272493069 62.947095933448736
0.9989690963645677 -0.000931692439210477 -0.04538586187084546 -2.365435657615344 0.00010269224757408681 0.9998331846069058 -0.018264512397410743 -0.48619261490358373 0.045395307718562976 0.018241022669017285 0.9988025486196591 63.84718279299434
0.998940093432796 0.0013473232182103388 -0.046009503938037204 -2.4583102136037653 -0.0021619041246844248 0.9998417223928244 -0.017659454496269655 -0.49388413349158516 0.045978428670782674 0.01774020526081416 0.9987848963687181 64.72822889235127
0.998927200073234 0.0012580560251018514 -0.04629110334490612 -2.5493142656275154 -0.0021056782285184886 0.9998309364607997 -0.018266488855777425 -0.4991223102144961 0.046260296940778545 0.018344366736358156 0.9987609669665681 65.59525056076068
0.9988968848000723 0.0032661080556195096 -0.0468438477804929 -2.6381406748119494 -0.00412821474178241 0.9998236719622473 -0.018318919918327493 -0.5036444605665923 0.046775756324817355 0.018492093502288597 0.9987342344678813 66.4487135720941
0.9988691804747242 0.0035999208968481183 -0.04740675972149419 -2.694355428646239 -0.0044796436448343874 0.9998194949473092 -0.018463756825815934 -0.506320301228347 0.047331734497801065 0.01865524303899594 0.9987050059034382 67.29299507700391
0.9988444852219398 0.003424884283294276 -0.047937089078982316 -2.778698575213929 -0.004317224600249292 0.9998191010788398 -0.01852367916078704 -0.5168407261271902 0.047864975853657676 0.018709229956008815 0.9986785813268365 68.12041558584914
0.9988143512555219 0.003653070402566099 -0.048544276723903476 -2.8122579758635275 -0.004527655323242004 0.9998291992475824 -0.01791850075235574 -0.5300096538434089 0.04847052778015655 0.01811704745735768 0.9986602928564557 68.93923378803937
0.9987307845891554 0.006676979256713557 -0.04992231827487001 -2.8413200935145655 -0.007470854928290201 0.9998483248087625 -0.015732568250349716 -0.5487407923441104 0.04980970026583606 0.016085562629789656 0.9986291846497938 69.74604946790201
0.998668869980532 0.007903417740870165 -0.05097081635428752 -2.902350594418177 -0.008597486361813388 0.9998730909327171 -0.013412130960923004 -0.5373500077541511 0.05085834602174577 0.013832498569232342 0.9986100793719568 70.54065732625159
0.9986049314528453 0.011064103131190134 -0.051631158227974885 -2.980585102343947 -0.011721083480227663 0.9998539319235815 -0.01243909237057073 -0.5431305917224996 0.05148598916316273 0.013026912099820308 0.9985887504278403 71.31610901316495
0.9986079213018756 0.013963280757473644 -0.050864981113106715 -3.076853189889386 -0.014785284428414576 0.999765530462798 -0.015820223222536185 -0.5744880097704369 0.05063215260602299 0.016550253439991704 0.9985802292422746 72.06594402079891
0.9985870152134837 0.013780151319033256 -0.051323293704242615 -3.131740504725997 -0.014953851727690391 0.9996337508827041 -0.022555407659410956 -0.6011508222904103 0.05099367966261738 0.02329101813576445 0.9984273499402283 72.79739946853732
0.9986895969357692 0.013336598615196994 -0.049408745274996335 -3.2875301913052377 -0.014743842564027004 0.9994927834648745 -0.02822755582909613 -0.6071808730206201 0.049007224760432164 0.028919041115062563 0.9983796777690674 73.4962164773233
0.9986366999175965 0.014420503216026144 -0.050167625663273575 -3.297403295299577 -0.01589364729544478 0.9994504162388772 -0.02909050456047799 -0.6458687383040155 0.049720554636304565 0.029848192021155497 0.9983170597959987 74.19336677563868
0.9986424282384952 0.017330677262830815 -0.049121768570919794 -3.3852898782074927 -0.018479496142822075 0.9995639619662138 -0.023030287899050535 -0.7314578780528104 0.04870121912468728 0.023906768163374368 0.9985272443412614 74.86222227525741
0.9986748702503583 0.016463953069356812 -0.048759017419977325 -3.506142973624869 -0.017513655880456235 0.9996222693024657 -0.021179956852887743 -0.7409659154008031 0.048391893826679 0.02200583931412851 0.9985859841034969 75.51082931562767
0.9987048507000595 0.013501363233478114 -0.04905440223885188 -3.529614003329783 -0.014743161216245249 0.999577687279455 -0.025041691045300372 -0.7437706811162834 0.04869558897400427 0.025732475277247664 0.9984821377123287 76.14431124975516
0.9987413470304641 0.005000493466121483 -0.04990708163047481 -3.5610663733483032 -0.0065396214395610774 0.9995065008598522 -0.030724389177358605 -0.7568314837431089 0.049728815421270625 0.03101209125469993 0.9982811703687537 76.75757362128633
0.998743437119204 0.0007953856278096194 -0.050109022870369835 -3.5882005678181708 -0.002582127787223788 0.9993626956692245 -0.03560245947728178 -0.7766819299083094 0.05004877048850042 0.0356871106485818 0.9981089873887253 77.35338500958004
0.9987912454624392 0.0027015883887735294 -0.049079011886636936 -3.5922790497320647 -0.004457099902673188 0.9993527932660105 -0.035694941544710146 -0.7977609824950378 0.04895081458003092 0.03587054518125324 0.9981568622918706 77.93740542349325
0.9987971131220956 0.006977664427474292 -0.048534925755656384 -3.6181003437708137 -0.00861077641368637 0.9994009224732993 -0.033520899287937195 -0.8180317644695715 0.048271951985837364 0.033898500831985014 0.998258839326165 78.50905839439885
0.9988728415658256 0.004917084844061665 -0.047210895552313455 -3.6356295694661367 -0.006435268703775532 0.9994652435279484 -0.03205954298378223 -0.829204620062736 0.04702800972745209 0.03232722159813729 0.998370330611252 79.06569188899351
0.9989646055639265 -0.0018238980729460468 -0.045457565116601054 -3.656818859851561 0.0003569841951209978 0.999479537040505 -0.03225721004027349 -0.7933056031715535 0.04549274000095978 0.03220758347217924 0.9984453325916691 79.60817232410805
0.9991713961601041 -0.006418725811961429 -0.040191056896044436 -3.625942723358075 0.00524887637265331 0.999561402012709 -0.029145375331467688 -0.8208257819341404 0.04036050535232182 0.0289102674726192 0.9987668526950462 80.13854190160144
0.9991438497574503 -0.0017687247978177617 -0.041333268736610786 -3.4219751224014217 0.0007173282389681271 0.9996761430051834 -0.02543805311885444 -0.9152878552245768 0.041364875583771034 0.025386624802633102 0.9988215387891226 80.59927665154751
0.9992097546615605 0.003238465796160314 -0.03961538247288423 -3.244190155904607 -0.004220999083241382 0.9996849247950004 -0.024743368896604192 -0.9548047959800152 0.03952277009427674 0.024891032057776645 0.9989085980044295 81.06709979127429
0.9993844610479746 0.007654124158708326 -0.034236141710394276 -3.0660917546377977 -0.008492472134589181 0.9996659784078797 -0.02440920995975262 -0.9689123856355095 0.034037874976183914 0.02468493461970563 0.9991156474952877 81.52132493710627
0.9998234401818465 0.0039641463949099225 -0.01836774363657927 -3.0747389114058996 -0.004446204706654924 0.9996447659748074 -0.026278758016288345 -0.9700617343558767 0.018257045945220277 0.0263557849917593 0.9994858942830678 81.99588118738261
0.9999996713913579 0.000678983512070669 0.0004429430757839976 -2.950754603046812 -0.0006654889871616099 0.9995560884002306 -0.02978562180713915 -0.9144810579952211 -0.0004629703943187252 0.02978531724558755 0.9995562117935115 82.43564864870058
0.9997036926701206 -0.00452210863477427 0.023918139459881495 -2.921092187085581 0.005315990038543574 0.9994334983952549 -0.03323285325294454 -0.8642461257006704 -0.023754307222841914 0.033350154706042134 0.999161398408409 82.88692467190764
0.9986702260348985 -0.006427240835630668 0.05115144383736765 -2.8814039731086143 0.00816407915085299 0.9993946401629351 -0.03381864907437386 -0.8626597909712058 -0.05090311820532424 0.034191282351468545 0.9981181436924883 83.33534382520438
0.9964596021612073 -0.010732077622752592 0.08338515317866502 -2.8543040589630397 0.013928767566534047 0.999186361291211 -0.03784976675894526 -0.816878692256488 -0.08291110115544076 0.03887721594363857 0.995798328671858 83.76982093332573
0.9935287215318601 -0.011130787107927429 0.1130344419618534 -2.6188723886400735 0.016345352157765503 0.998839194911263 -0.0453110601493507 -0.7015952123196195 -0.11239888324226491 0.046865427421260646 0.992557364971172 84.12159539409103
0.9882559303864142 -0.010896054956223608 0.15241880475346822 -2.4485272367660564 0.0180938133380925 0.998781401001995 -0.04591652133358995 -0.704941481641135 -0.1517327584108694 0.048135111913059025 0.9872487938843724 84.51844241061166
0.9801814281176623 -0.008386130237468908 0.19792433097742856 -2.3366154319286725 0.018578411299100324 0.9985916218172184 -0.04969522582762506 -0.6905438355312539 -0.19722882803186767 0.05238745704934922 0.9789567629558931 84.91588445307329
0.9688942656448502 -0.007174815346135664 0.24737102503178912 -2.171195187942459 0.020692158393778377 0.9984281200687574 -0.05208765340244777 -0.7083406768530744 -0.24660846818699492 0.05558606912451722 0.967519742608775 85.29786626486056
0.9542860293777776 -0.006713964187986346 0.2988195054197101 -1.9714065788922148 0.023793631475008417 0.9982813450940905 -0.05355575728495161 -0.723108448388645 -0.29794636637426763 0.05821751215927735 0.9528056906013718 85.64055268454021
0.935719853904833 -0.005889009678748328 0.3526948746059743 -1.7591400267418746 0.02678072666854875 0.9981608768407608 -0.054384341713287765 -0.7438674260782333 -0.35172595537921986 0.06033393331688884 0.9341566618095116 85.98274820088093
0.9134800090947375 -0.005389437535523704 0.40684791623815825 -1.5187333214681011 0.030638904841670783 0.9979844603363274 -0.055572245206686036 -0.7544348861894179 -0.4057283949816477 0.06322950964747154 0.9118039803682358 86.29833250625414
0.8851205687727957 -0.006664739983223103 0.46531404446489794 -1.3213121714675 0.03699737366741946 0.9977402418603314 -0.05608568546608181 -0.7727830358453445 -0.46388875075500424 0.06685799139551654 0.8833669882384787 86.6208505427138
0.8519096425670736 -0.00714560997353036 0.5236400492316735 -1.1161367839387106 0.04244423901024509 0.9975594810010705 -0.05543977308499244 -0.792345130241783 -0.5219659447474371 0.06945518067776127 0.8501338308766079 86.94873983359756
0.8146675859776387 -0.008154434276353324 0.5798708731769529 -0.8915186375265274 0.04687287825183598 0.9975556080495666 -0.05182414623751695 -0.816909126592093 -0.5780308448878465 0.06939966895087923 0.8130584408932439 87.24623336310658
0.7731117266667656 -0.00723310869690069 0.6342286182670358 -0.6497767851235297 0.04823768131089468 0.9977095028926465 -0.047422293696703206 -0.8287909779982613 -0.6324329088465297 0.06725644932857107 0.7716898248853824 87.54970751292704
0.7278910754718358 -0.0071845215817669195 0.6856551355441725 -0.3912903493062051 0.05124924787472381 0.9977182760922959 -0.04395174790258027 -0.8417420932353686 -0.6837748875475986 0.06713139504775684 0.7265984303301325 87.83276980425875
0.6804515164516766 -0.006831327363539185 0.7327612617524675 -0.11473596456370166 0.055903394361057006 0.9975264141256498 -0.04261295132391388 -0.8527086808029362 -0.7306576108257052 0.06995988913709261 0.6791502555800148 88.0873305891481
0.6308810984723833 -0.009648323207035021 0.7758195340732107 0.1655293616839193 0.06228192206421715 0.9973256265945863 -0.03824338794748819 -0.8931126584537465 -0.7733757183764355 0.07244656235466186 0.6297948029546815 88.3412543399908
0.5816842693699158 -0.00552538457354636 0.813395894317708 0.4630009526703408 0.06186647338571067 0.9973809364134915 -0.03746741450596549 -0.894441260901363 -0.8110585368753628 0.07211614107993516 0.5805026373388292 88.56294583084504
0.5314474664323346 -0.0005834112446190106 0.8470910518084669 0.7733564549931561 0.05959697081755391 0.9975475426706394 -0.03670287701448232 -0.8965395180362926 -0.8449921842786631 0.06998971169456449 0.5301788837410326 88.78267878019888
0.4828005173015769 0.004368713488716675 0.8757194612635864 1.1067830398155678 0.05962254147119128 0.9975032510897555 -0.037847280138524106 -0.8981770952015509 -0.8736983535762487 0.07048530632565463 0.48133461183498183 88.96730929232585
0.436456906380349 0.004175197875250143 0.8997154753562933 1.4373430829771712 0.0676759273022575 0.9970039966331121 -0.03745663574562566 -0.9032120099824033 -0.8971763136288634 0.07723728646387991 0.43486671963145385 89.14742394951827
0.39300792436662985 0.0014330551248367325 0.9195339676912678 1.790168768178627 0.08444801124531083 0.9957165278857717 -0.03764478040598374 -0.8709109630676041 -0.9156491166280601 0.0924475118546307 0.3912034672266372 89.30659929872421
0.3537754855550455 0.00276600446829263 0.9353262826626739 2.147186239515347 0.08800127367479535 0.9954613097896012 -0.03622922223268119 -0.8587051581925459 -0.931181336610602 0.09512691486247538 0.3519263963058778 89.4517798764386
0.3171215620939 0.010902138570554089 0.9483222333309054 2.5108957161168295 0.08374979710276406 0.9957054935522665 -0.039453030239552773 -0.8688911781337859 -0.9446797797880361 0.09193320120840824 0.3148466296075023 89.57973253430063
0.285888892541765 0.022727325084908517 0.9579932201303571 2.883673887219658 0.07191769836459387 0.9963903902035105 -0.0451002768509795 -0.8872787090436588 -0.9555602470714153 0.08179033564291449 0.28322244828444826 89.68789386994172
0.27444950374478894 0.022790004931728162 0.9613314129734105 3.1931554577253465 0.06482182700776107 0.9970066253576154 -0.04214166271512113 -0.9549669420442002 -0.9594141965999964 0.07388101696803417 0.27215068380247376 89.45421034771493
0.24433756247505595 0.028706179867677865 0.9692652427489369 3.579139354946213 0.06474949261610066 0.9968478797751908 -0.045845477352337835 -0.9689068172734279 -0.9675260506930587 0.07396120486519091 0.24170867052131914 89.57329219281924
0.21958868702466222 0.03134903572035267 0.975088737751694 3.9808443047382496 0.07049562060873195 0.996360952326998 -0.04790845596579929 -0.9984032935304975 -0.9730422272469866 0.07925964065929945 0.21657962359553604 89.65682559884742
0.1953491626299809 0.03825361011732042 0.9799874315381601 4.391516424044729 0.07452753758147027 0.9957706427770864 -0.05372590739438753 -1.0311175909206654 -0.9778979245308835 0.08353136115435827 0.19167201387237623 89.75775592220215
0.1768242689761202 0.044648648895737233 0.9832292082992901 4.8136730537528445 0.07837948291275097 0.9951591857757732 -0.05928618409401441 -1.0500565782231126 -0.9811166263800609 0.08754823309401966 0.17246875752647134 89.83498193329733
0.16521259172717423 0.040551353896637575 0.9854239631914492 5.255674045295841 0.07177851736392256 0.996010343928232 -0.05302112063132591 -1.1344974719834304 -0.9836425387201535 0.07949202780854332 0.1616427342476571 89.85362606406994
0.156857775895737 0.03158722572121405 0.9871159431962805 5.7155122147576 0.06544428665201348 0.99695918515871 -0.042301636756626446 -1.220590614868188 -0.9854504977347434 0.07123643940370385 0.15431359698818053 89.87706461609402
0.15013037283425096 0.024227181791160488 0.9883693210612667 6.18427286420572 0.06148045283555172 0.9975361400047252 -0.03379058010168321 -1.297779694462482 -0.986752767957499 0.06583838581656482 0.1482709745070992 89.89710686211419
0.14060957362774523 0.021929652366419604 0.9898222255290666 6.669337912506046 0.06131510838312068 0.9976427281107023 -0.03081305781322663 -1.3344545737317899 -0.9881646650676148 0.06502366795962128 0.13893349962081525 89.93405827130961
0.13342904776757403 0.020629457354630412 0.9908436378667902 7.16396018690565 0.0601334030434691 0.9977727273979949 -0.02887140971926995 -1.3827874848593278 -0.9892323604948696 0.06343508453545045 0.1318913454314957 89.96950348612934
0.12779844260077805 0.020885372959021143 0.9915802333977726 7.675584994157566 0.059576398542173524 0.9978112284594048 -0.028695036105174838 -1.426174945912956 -0.9900091973338233 0.06274196009606152 0.12627444570357257 90.01070220099467
0.12330566687398556 0.02279745084092311 0.9921068434155267 8.203084536551643 0.05928085702636574 0.9977815153745183 -0.03029566911538894 -1.4513332741855058 -0.9905965336639244 0.06254857162306145 0.12168066272392458 90.06255362141619
0.12064893007205549 0.02363644728363024 0.9924138018146863 8.745427986256214 0.059670103397383455 0.9977361380464759 -0.03101737572150326 -1.48061544692629 -0.9909002545327229 0.062959647361715 0.11896540829617104 90.12102674574773
0.11769569491755219 0.025989127945163715 0.9927095691220709 9.306118410402929 0.061507466935921906 0.9975473571377941 -0.033408109472527536 -1.4932171024749448 -0.991143054714607 0.06499104165999978 0.1158085039837198 90.18227998932512
0.11566012944459078 0.0289478690993064 0.9928669373745271 9.890230958947727 0.062418913753025815 0.9973878330022511 -0.03635092550356663 -1.481472650830492 -0.9913256849606765 0.06617802848138463 0.11355111132685686 90.17567352078264
0.11375879028848601 0.029905643601543592 0.9930582007681529 10.489569435443126 0.06475032565397361 0.9971986071641401 -0.037447739552649 -1.5018888011705875 -0.9913961533916733 0.06856085144363457 0.11150370706626421 90.24206389320824
0.11260867570314907 0.03109183740056023 0.9931528501713336 11.105846339502946 0.06644547790229753 0.997037431407047 -0.03874737203440735 -1.5127760258900294 -0.9914152937204065 0.07035380601143489 0.1102091527822762 90.30480136607306
0.11147865398377349 0.03183041667291257 0.9932569326616342 11.742611187972011 0.06761828209700693 0.9969275682775247 -0.039537217081005334 -1.5281581104982402 -0.9914637046469312 0.07156988320997683 0.10898382533704068 90.36579149023628
0.11065373791902128 0.03204210780163944 0.9933423647525459 12.393980363544571 0.06961669573886128 0.9967752412924443 -0.03990781904328544 -1.5515650214572207 -0.9914178059521389 0.07356916252083429 0.10806624064448485 90.43092848579762
0.11003495610333533 0.03180519588982813 0.9934187123009864 13.062736637721942 0.07340072200377395 0.9964986785670407 -0.0400339558807991 -1.5824648859453223 -0.9912137218807371 0.07732278531293829 0.10731516401137119 90.50912534917038
0.1102671711521278 0.03126385072628937 0.9934101482287541 13.743905160136187 0.07638229950128123 0.9962826454721377 -0.03983258281776939 -1.615512885778534 -0.9909626104394684 0.08027117769661904 0.10746926417443214 90.58740382627963
0.1169661636341711 0.029219901433212812 0.9927059554192978 14.429531395861042 0.08291378759116969 0.9957901654156553 -0.0390800497536449 -1.6906338899577313 -0.9896687427578948 0.0868800542224411 0.11405102273243757 90.42960674659953
0.12081731897433777 0.027523713061606364 0.9922931122683251 15.145318458934055 0.08607868028444396 0.9955597622361295 -0.03809488964190462 -1.78245666545485 -0.9889356077300197 0.09001780399255911 0.11791165645522758 90.48083759101948
0.12189783614344335 0.028152105343407893 0.9921433245798126 15.872229928110265 0.08379550208282163 0.995737040262479 -0.03854945498973122 -1.8159405996653997 -0.98899910585108 0.08783624316904248 0.1190191707739336 90.61167789288909
0.12292890291631803 0.028051778285461626 0.9920189426431419 16.616280922267837 0.08272838735768433 0.9958316122091003 -0.03841111883582955 -1.8374024992912943 -0.9889613231835656 0.08678996405141905 0.12009580919818146 90.76230196331453
0.12382551789814261 0.028337588934786818 0.9918993004184564 17.37022473149707 0.0801991862935179 0.9960363121955889 -0.03846758772874118 -1.8554865222495047 -0.9890577999465531 0.0843127857514734 0.12106206062888478 90.92760415274634
0.12371988908634668 0.028820584278667814 0.9918985648574665 18.13031980549364 0.07466305995019258 0.9964743441326989 -0.03826629018053465 -1.884671244662915 -0.9895043287036887 0.07879248318934465 0.12113186232168982 91.13404994624281
0.1248913270069711 0.029023386145829173 0.9917458341203513 18.91836265314852 0.07114444825429081 0.996737010220288 -0.03812872853522966 -1.9310072755245864 -0.9896164024110715 0.07531915768083715 0.12241895508955647 91.23280393402841
0.12560513655241096 0.03124997652042114 0.9915880135616438 19.700227108574616 0.0659287058137265 0.9970313603006263 -0.03977275860195051 -1.9761915784637256 -0.9898872437916244 0.07036977720978707 0.1231719896488955 91.41256621879273
0.1261563779396058 0.0354160064801607 0.9913779676743678 20.484424156264932 0.06110700598604545 0.9971872475482506 -0.04339962150255087 -2.0502398414212175 -0.9901265081415517 0.06605527845782277 0.12363736515826731 91.58124606525034
0.12494339471168997 0.039199838472579275 0.9913891873435204 21.27056921266386 0.05090375586079788 0.9976499478968689 -0.04586272016178716 -2.1753715322639438 -0.990857182321037 0.05619567710329529 0.12265435221678447 91.7346377361672
0.12642068549706384 0.036788777193763826 0.9912943034997445 22.008198451699442 0.03484440830882941 0.9985306846473053 -0.041501072605304716 -2.512931971676261 -0.9913645532739516 0.03978765751298776 0.1249530504692427 91.64793873539661
0.12655375259529114 0.03692801046510331 0.9912721471660254 22.822206544620304 0.03226983748335658 0.9986246398780622 -0.04132174024902315 -2.5493658835252226 -0.9914347206411772 0.0372176123831073 0.12518803471439738 91.73960487910585
0.1263997552861931 0.035790345116663624 0.9913335226148785 23.635159127571836 0.031142183295262183 0.9987131518177368 -0.04002755058563872 -2.571812694812489 -0.9914904267229192 0.03593176286674091 0.12512250850304069 91.84812821381607
0.12626637517451367 0.035183270129785144 0.9913722509750144 24.44667254560596 0.03256937245247917 0.9986850296557795 -0.03959100301186873 -2.600324790352486 -0.9914615668185743 0.03728738452088979 0.1249544416067338 91.95597285778027
0.1265257510897925 0.03550001435357632 0.9913278888904836 25.2601249697639 0.029183604061407575 0.9987936161716126 -0.039492145406648874 -2.640684137882536 -0.9915339386854857 0.033927293964134436 0.12533709410673416 92.0461448839154
0.1268985635046622 0.03618937060049251 0.9912553071918438 26.070707920391342 0.028536298443200783 0.9987873970108625 -0.04011751791207654 -2.6747211163295295 -0.991505135766636 0.03337761267384819 0.12571197524731198 92.14604693279884
0.12692580848850285 0.03677635443034681 0.9912302148816674 26.8746464456658 0.025476515362729504 0.9988619046043473 -0.04032173973364622 -2.721034249010592 -0.9915849869297709 0.030370961212790502 0.1258444214516427 92.26586053349197
0.1259607855461851 0.037945705373432996 0.991309237295963 27.682672286629725 0.021099337329016452 0.9989396737619222 -0.04091877501466221 -2.7890246123257576 -0.9918108178825564 0.026070129039512002 0.1250265967824401 92.3203031669414
0.1241505218681398 0.037351284341053295 0.9915601491981944 28.488093974578536 0.015578803336170934 0.99909472745213 -0.03958568508901681 -2.8590942309868583 -0.9921410931951578 0.02036190402265226 0.12345624349578624 92.41124331913821
0.12253320611271236 0.03696381643643627 0.9917758263207448 29.295819327362373 0.013804116160842057 0.999146041166929 -0.03894399565364629 -2.8932100912764707 -0.9923684093000739 0.01846252135832751 0.12191831498317135 92.48536670666252
0.11960234418767175 0.035419956291217 0.9921898537886512 30.107133150814093 0.013700095556246801 0.9992093750713231 -0.03732200626071974 -2.9199911256893962 -0.9927273475867201 0.018056895245412118 0.11902252680704112 92.54249887414943
0.11449469722877711 0.03143383495669582 0.9929264214061427 30.907749482484192 0.005727706598706242 0.9994617682965174 -0.032301193332708436 -3.0239438258399316 -0.9934073473070404 0.009385506566674407 0.11425302876894394 92.63932942028664
0.10939769289970196 0.03301617421088979 0.9934495845430215 31.711802330686044 0.007025405782204439 0.9993975659940988 -0.03398747943972342 -3.0445549189371066 -0.9939732332723145 0.010697538293758968 0.1090998359881247 92.71622262766577
0.09984299545065511 0.03469199827763958 0.9943982308486615 32.50764270097092 0.0057099444801328525 0.9993555556148619 -0.03543825610471832 -3.0855273885355814 -0.9949868204119466 0.009216220332330756 0.09958056280877149 92.81159029721694
0.09007422676483502 0.03679668728188006 0.9952550615183023 33.30451313456853 0.006271569897922527 0.9992764606058576 -0.037512966958699594 -3.1110919216421493 -0.9959153081882685 0.009620763177032912 0.08977828151707355 92.89758253036004
0.07881305423455287 0.03818411221315875 0.9961578569969307 34.09993681936794 0.007064802311613979 0.9992196736270201 -0.038860422089940734 -3.1390234345014134 -0.9968643794671974 0.010100366884596472 0.0784817911255682 92.9580373455151
0.06469263038442588 0.04016410020484317 0.9970966395634289 34.890008042137495 0.004890197102989912 0.9991649471014247 -0.040564694699952525 -3.1641509968167036 -0.9978932555871088 0.007500235899075171 0.06444219824944107 93.01880368243158
0.05611318281769209 0.041359483816965026 0.9975673931181118 35.680749971702696 0.007162227482855872 0.9990992438552593 -0.041825870287803976 -3.1988285553367124 -0.9983987245642659 0.009491787304960041 0.05576641249179759 93.05835045869429
0.04752654087286462 0.045208791024701545 0.9978463775184774 36.46740304590871 0.009250692015241518 0.9989124813545167 -0.04569769459612296 -3.221284946265987 -0.9988271385029042 0.011402622866966163 0.04705664227135923 93.084002091496
0.03987202404669316 0.047609316957718945 0.9980699247233343 37.24608146650747 0.011756909350615415 0.9987727271566972 -0.04811251989341534 -3.2699077632885096 -0.9991356248182435 0.013652561180685037 0.03926335177065662 93.09978436675934
0.033051976765310284 0.049480114662418806 0.998228072679236 38.01482110517677 0.01053146903490217 0.9987010763542191 -0.04985226423032558 -3.3234617169607703 -0.9993981463820476 0.012160523916230254 0.03248794647573945 93.00434904587077
0.03230332586641322 0.05021399600800435 0.998215933424667 38.76035102686361 0.010618325540190106 0.9986635575923054 -0.05058013344982348 -3.3892543257535706 -0.9994217059383347 0.012233288273704167 0.03172696577552907 92.82441810153914
0.025797366209000434 0.053544801201962096 0.9982321624556703 39.52164620261096 0.012007807093828761 0.9984758537671975 -0.053868191102566645 -3.412458498416612 -0.9995950722494966 0.01337623669451252 0.025115091606766286 92.80413387666684
0.018693256277243324 0.05595792889572515 0.9982581191072061 40.27561885570944 0.013433327344528035 0.9983284014761784 -0.056213419416294055 -3.4497644599298054 -0.9997350188355955 0.014460739943668878 0.017910307481266874 92.79561067607499
0.011109477298797011 0.05882086491682175 0.9982067347822229 41.02255112800461 0.015254594690031448 0.9981421994834936 -0.05898683710028768 -3.4780781507091785 -0.9998219225717101 0.01588255208365595 0.010191549652510089 92.7995487584197
0.006154197140872785 0.06024240969154083 0.9981648049957033 41.76220487162038 0.018097739331424778 0.9980135117536933 -0.06034486049492425 -3.5136120659815275 -0.9998172821514155 0.018435900618538854 0.005051720473292695 92.79288046640254
-0.0016955815019013307 0.05978630092504558 0.9982097591313525 42.493712281582795 0.021801139920190015 0.9979761554764176 -0.059735277673154466 -3.5476302448533423 -0.9997608890637555 0.021660824596688194 -0.0029955594203418005 92.82338203674111
-0.0047816742679006605 0.05952183855705189 0.998215551033937 43.216370339071524 0.025439240368679283 0.9979111401408927 -0.059381827457292896 -3.586890785739007 -0.9996649341857804 0.02510990078617245 -0.006285876378701556 92.8015595001618
-0.006719739133046096 0.05937392947207762 0.9982131944655065 43.93394267377699 0.030361163558348135 0.9977876324600867 -0.05914423266116082 -3.614849150560196 -0.999516405494861 0.029909480248561167 -0.008507534184114905 92.78898114754276
-0.008087437860263919 0.05811886062224304 0.9982769111768693 44.63721448091958 0.0313143773865361 0.9978346611131415 -0.05783942297529622 -3.6756938002354755 -0.9994768647236165 0.030792647193671766 -0.009889881751370323 92.76748597738136
-0.009164086269266934 0.05690221953706984 0.9983376968414079 45.325942872413684 0.03157231529568501 0.9978983210851706 -0.056587363273677686 -3.7316951489407613 -0.999459458122099 0.03100126105745452 -0.010941361118629667 92.75938729666396
-0.009544917306558591 0.05670806516326983 0.99834517572784 46.000604385175954 0.0316872742409275 0.9979064039384998 -0.05638018827311192 -3.79597186149499 -0.9994522555904266 0.031096693135599915 -0.01132185811777902 92.74922054379213
-0.008557711112546962 0.058269357931157534 0.9982642172825826 46.65927260864979 0.03321319327163524 0.9977665228255982 -0.05795558403825868 -3.828313694820475 -0.9994116516096935 0.032659575239205714 -0.010473909106893503 92.72696539419854
-0.008126361959640898 0.05951090943364296 0.9981945771740518 47.30006166492339 0.03284723363316391 0.997704729173904 -0.05921429410771381 -3.8804611285711665 -0.9994273467761173 0.032306733700689434 -0.010062478504001457 92.75212537439153
-0.006914201859368358 0.059943361561598386 0.998177833463229 47.92086550112177 0.031325646579586836 0.9977247683527865 -0.05969916650799039 -3.9413700994605776 -0.9994853163899001 0.03085579394657453 -0.008776235007553607 92.77867967771968
-0.003816707444792981 0.061356852167778246 0.9981085960136525 48.52016837798007 0.027934809037857583 0.9977328845325545 -0.06122693497445365 -3.966275461200907 -0.9996024605753527 0.02764828773014667 -0.00552204647678103 92.8575179406528
-0.002526379494190218 0.06267654654337483 0.9980306948786946 49.08467768882953 0.024726922764190293 0.9977326374179556 -0.06259523561440944 -4.002414092857439 -0.9996910506237742 0.02452008858886638 -0.004070449401361195 93.00691244187446
0.00333409560390385 0.06797780391335258 0.9976812627195242 49.64271688468001 0.020309854125965823 0.9974764132925206 -0.06803171870877535 -3.9865786826195873 -0.9997881743808967 0.02048958516431582 0.0019450624432727024 93.09011701129191
0.01782011531413006 0.07235685781573128 0.9972195989937359 50.18603918358888 0.01739458092595119 0.997204589272139 -0.07266660642271977 -4.005671469945433 -0.9996898879375553 0.01864114432158045 0.016511683553785954 93.10188970616635
0.03527286119952476 0.07769808181530583 0.9963527655128094 50.72007220683308 0.01364412473415818 0.9968428035644132 -0.07821932524688877 -4.031172856501204 -0.9992845756455154 0.016353380814434167 0.03410137552797983 93.13678341877923
0.058603304202447457 0.08182554489536654 0.9949222245678976 51.245003487478954 0.011071396673043967 0.9965205248679717 -0.08260912596420324 -4.088512324774762 -0.9982199541745614 0.01585634634579699 0.057493472397295776 93.14638298993961
0.08530577832443709 0.0865231202209625 0.992590889466397 51.76759880665904 0.007344713234090681 0.9961406246520522 -0.08746377024418286 -4.112666536115947 -0.9963277469648082 0.014751460437771405 0.08434106380039252 93.17487698681205
0.11769935528256192 0.08700865160124248 0.9892301836845684 52.28718480278924 0.004346851986252537 0.9960994935052143 -0.0881300398074579 -4.16199160489674 -0.9930397608574789 0.0146728860551745 0.11686205445281617 93.23338607747424
0.15394196610699604 0.08724543819122318 0.9842205568803853 52.80127078919351 0.0036951779256488406 0.9960363079619892 -0.08887079881235566 -4.19314422606476 -0.9880729814802195 0.01731781557442749 0.15300940014430423 93.31892134217975
0.19202879006539508 0.08685253961189465 0.9775385312861006 53.29965229886387 0.002485223107490282 0.9960299843775595 -0.08898367202438427 -4.215587280965439 -0.9813861459446667 0.019516828220832744 0.1910505848304894 93.44299932622987
0.2346655215973978 0.08617897769793804 0.9682485614636158 53.79705203434221 0.0029897588835279677 0.9959937356532679 -0.0893730377757491 -4.239353044579925 -0.9720715788023223 0.02386760026448908 0.23346773512066904 93.57095531950755
0.27584344449193643 0.08736258134700091 0.9572242023221178 54.26152209399004 -0.0004186233326797014 0.9958718689861191 -0.09076918704383133 -4.250526185201879 -0.9612024858921918 0.024637368822205484 0.27474129862870844 93.79658124083423
0.32222991713761423 0.09021111565206458 0.9423533493941103 54.71147226516298 -0.004674375414481245 0.995588661757744 -0.09370894724575542 -4.262472411852492 -0.9466498987038297 0.025790912977890892 0.32123013260246286 94.0081631340342
0.37494217653733347 0.09334669459670403 0.9223365756931247 55.16239063284041 -0.007451825259632231 0.9951889373642118 -0.09769057911687101 -4.280144054293561 -0.9270182493099839 0.02975522736863941 0.37383390949791234 94.22166030518933
0.4331908871582615 0.09694376239225218 0.8960734134077829 55.6088161231403 -0.010290344139334738 0.9946658024609738 -0.10263552129823124 -4.3027669063990865 -0.9012434544009366 0.0352398687270569 0.4318777460712313 94.43212239737682
0.4938619277523009 0.1046614510941665 0.8632186148199349 56.01334871949215 -0.01427695928002048 0.9935719891261408 -0.11229813381191771 -4.3141617018358795 -0.8694231218172763 0.04313563583379955 0.4921816251859831 94.66284238654833
0.5332773870392623 0.11567424398272248 0.8379944497140808 56.038966111723546 -0.020094055010039847 0.9920595302634467 -0.12415360392160077 -4.265861207339022 -0.8457017544180875 0.04936960292015589 0.5313672787081223 95.1398285668938
0.5982641533563907 0.1228025085207712 0.7918330295648002 56.424203802278356 -0.031218630979026843 0.9910086335049466 -0.1301049015158633 -4.286782089291513 -0.8006905768700899 0.05311715560591613 0.5967186672895191 95.38257022972634
0.6592276817579426 0.131123263620744 0.740422550535501 56.80893893697255 -0.04365548807304228 0.9896916616902461 -0.13639872852010998 -4.29115086334423 -0.7506750708296863 0.05759430977312888 0.6581563898623204 95.66531609787896
0.7150153683278115 0.1372833955703372 0.6854971133095492 57.177720869549006 -0.05520216006741592 0.9885551932379558 -0.1403971205052229 -4.300224934276855 -0.6969259247430364 0.06254517745554078 0.7144104955822798 95.9664331866737
0.765508149278264 0.14375314203131473 0.6271621062729272 57.51628510469391 -0.06882357635110656 0.987424492547879 -0.14232423143936426 -4.300806896763686 -0.6397347799884041 0.06578681990100338 0.7657751011886592 96.26649557534583
0.8099161087425987 0.14776084843099227 0.5676289531641274 57.834176948532246 -0.08365954306153711 0.9869557430133703 -0.1375479632261404 -4.311159015559407 -0.5805488589722518 0.06391473229137608 0.8117129599446704 96.6226085230333
0.8494835158113513 0.1527923066656111 0.5050071953829869 58.129897368375026 -0.09852338971060681 0.9862518229274757 -0.1326668136805952 -4.29459072196693 -0.5183347355181971 0.06294325059950286 0.8528582819901842 96.9977445011493
0.8819667728551884 0.16250838595670167 0.44240890143978195 58.38550836510872 -0.11724137170070716 0.9848171604492578 -0.12802195611064557 -4.276592562194222 -0.4564965195279618 0.0610424850281116 0.8876287189362733 97.37628080442751
0.9068867276307021 0.15856348156559297 0.3904024661308855 58.471704719772625 -0.12387070326387105 0.9858806978532478 -0.1126734151133521 -4.360486437420585 -0.4027561447330042 0.053822596687541156 0.9137234898839021 97.84224279059168
0.9277725146830601 0.16244059353172716 0.3359333484066949 58.661160883158864 -0.13567709578569592 0.9855059676897371 -0.10183178937381362 -4.421892616897713 -0.3476059359070731 0.04889827421263402 0.9363648178467586 98.28146715122044
0.9427310326442587 0.16601256521447122 0.2893061151797578 58.74403607042312 -0.14379576792577384 0.9848829353100785 -0.0965835434307488 -4.413492698288494 -0.300966737723837 0.049451308637015745 0.9523516109389206 98.74408166573583
0.9474374237559472 0.17556375174361707 0.26746905828600454 58.44055776449628 -0.15492360065464109 0.9831940341656399 -0.09658244737681189 -4.296868066320545 -0.27993035924475457 0.05006855554935705 0.9587137913466683 99.11183897870141
0.9565558506249388 0.17987232681419923 0.22944901542967738 58.55968585257071 -0.16210744674047087 0.982265113832722 -0.09421476454608423 -4.344472817370292 -0.24232639217899374 0.05292629019338797 0.968750085140578 99.57369604015464
0.9626870246680888 0.18365892034315656 0.19875385157045736 58.65415347467245 -0.16843185095082788 0.9814916890409513 -0.09113054333656505 -4.386391956050445 -0.21181219068076113 0.054253712517445846 0.975803325756318 100.05434851532873
0.9656125055398671 0.18304117639691717 0.18463048742896052 58.62592435773346 -0.16808954376747107 0.9813034082927281 -0.09375247276268243 -4.359678700096846 -0.1983390894933876 0.05949410572743211 0.9783261506075704 100.54525816561211
0.9686076383620684 0.1816371162826898 0.16972684199963045 58.718868719100755 -0.16791510545183788 0.9814901055875707 -0.0920960910940104 -4.409416871532264 -0.18331328448248582 0.06070527672457194 0.9811784287834888 101.03000066620008
0.9687140021635088 0.18880537668140013 0.16107672627836306 58.72953649649056 -0.17538061859913381 0.9800055855615433 -0.09397175579907295 -4.403834212787201 -0.17559846420781977 0.06278201975382913 0.982457936689141 101.53718327947833
0.9692834094261844 0.19312467516110104 0.15229094541394628 58.79690344965761 -0.18031182722779626 0.9791068895750769 -0.09400714732609612 -4.451638749738984 -0.16726421366487051 0.0636597096328308 0.9838547271810689 102.04877941174576
0.9681371649011782 0.20151189731389213 0.1486720726231622 58.818527002267274 -0.18874506781289885 0.9773583248626262 -0.09563474367626154 -4.48815359612834 -0.16457742650015939 0.06452642917964371 0.9842512944486832 102.57274233072205
0.9674023498351354 0.20670212309458746 0.14631105850772472 58.89994287322909 -0.19351100589111067 0.9760465715729553 -0.09943128642278122 -4.551985581521482 -0.16335906504528935 0.06787726002770596 0.9842288826480655 103.09871650009245
0.9670730207468464 0.20867051981258183 0.14569278192387933 58.977233872715736 -0.19508607865121286 0.9754501649497885 -0.10216847662523804 -4.607196428568117 -0.16343559728548931 0.07038174380175656 0.9840402510463476 103.63623522663988
0.967675470517135 0.20545364827513438 0.14626339996691418 59.05368838228299 -0.19104325692906757 0.9757649155551107 -0.1067019379095852 -4.6640622505484854 -0.16464099653907016 0.07531021167254977 0.983474307888344 104.18454592330487
0.9688404653717848 0.19970198555932647 0.1465171308135979 59.14134568030647 -0.18391045430161623 0.9762491180805337 -0.1145190125942082 -4.730360632210801 -0.1659068939398217 0.08400462136479174 0.9825569327690882 104.73835737232103
0.9687598063225147 0.19836836397795957 0.14884364221112878 59.24587291880801 -0.18147618222331105 0.9760827187646871 -0.11970347285934305 -4.8171090250894295 -0.16902908903386454 0.08895233724666135 0.981588838953835 105.2986971595689
0.9679074754056883 0.20166080948629306 0.14996011793514544 59.36298411211491 -0.18465470547513133 0.9754597167839308 -0.11992072663933043 -4.896275629608066 -0.17046336497817333 0.08838132635995966 0.9813923692138491 105.87942323313453
0.9674139587362457 0.20273187391120298 0.15169053939755245 59.480321582226566 -0.1861465156449376 0.9755698866527788 -0.11667420867326468 -4.9962965793222525 -0.17163830328780647 0.0846355927298662 0.9815177580093734 106.46844611939062
0.967127206004762 0.20101444109239539 0.1557503190293275 59.60482111630579 -0.18442581223862428 0.976138125514418 -0.11463629310703129 -5.0476094063893395 -0.17507737485337388 0.08214349876593745 0.9811219895736418 107.07714149387965
0.9671470695320177 0.19719879369229726 0.16043435312281482 59.69733081292124 -0.18059658563627703 0.9771203492874531 -0.11234187226890953 -5.084951466145245 -0.17891735285363414 0.0796772161578709 0.9806325112258821 107.70275668243694
0.967602834121803 0.19465168921960685 0.16079637832802932 59.93397368948769 -0.1786727173377885 0.9778952245173312 -0.10861394912868384 -5.171681405229743 -0.1783838991573724 0.07636523914813169 0.9809931369644034 108.29834223822479
0.9685081684950705 0.18920923122250355 0.16183879132802406 60.11623376770325 -0.17323427891848536 0.97896093008177 -0.10782106464428722 -5.268145014624203 -0.17883459443272903 0.0763895555270777 0.9809091821572762 108.91773085202877
0.9695720926170881 0.1849871140603467 0.160342523523074 60.276819001884924 -0.16863395371223144 0.9794853401903282 -0.11032251813486402 -5.3510062802794645 -0.17746139544561226 0.07992644108091428 0.9808767594059077 109.55442906718586
0.9703396099442584 0.18286114699036501 0.15812287087766608 60.38393863476072 -0.16548177948551615 0.9792530315112771 -0.1169584581562183 -5.450908436442303 -0.17622945846689111 0.087322970616792 0.9804681926361124 110.2041999943116
0.9705572663646601 0.1841920057830472 0.15521564905762106 60.508033750934885 -0.1657048210243623 0.9782551749472351 -0.12473461820295742 -5.5304430507422495 -0.17481563144079676 0.09534210871682856 0.9799741717562681 110.86677561410261
0.9704763648883655 0.18620585800192757 0.15330689364419525 60.59877567393005 -0.16736635751522655 0.9775670442138888 -0.12787171868323854 -5.6306083145901065 -0.1736782299689622 0.09843806434853382 0.979870307705138 111.54641401009813
0.9709818181781691 0.18456325869580967 0.15208784404745643 60.69760368611281 -0.16626172841893064 0.9780698433144702 -0.12544488535590737 -5.71310281253336 -0.17190505062553949 0.096518315041192 0.9803738411601157 112.24829635350899
0.9719767104641022 0.18029952466321142 0.15084215498860304 60.83035783619129 -0.16285859855653903 0.9791996525151879 -0.12101701281363117 -5.796156405123505 -0.16952389563594134 0.09305977606009315 0.981122585046364 112.9611249354331
0.9720218003793273 0.18134179767959716 0.14929424637830527 60.944469037760285 -0.16505693494805812 0.9795381937617431 -0.1151570023382582 -5.903830841266849 -0.16712219425583874 0.08729306602653682 0.982064199943568 113.68387347353332
0.9715395822446027 0.1849941695423712 0.14794592717379637 61.04944637900197 -0.1686697153727126 0.9787912410517771 -0.11626793864350243 -5.9942505975663085 -0.16631706842075378 0.08800490711119313 0.9821373473584418 114.41413272425618
0.9702553825470223 0.19171498579052526 0.1478169708182159 61.087873104361655 -0.17456778097609574 0.9771248920637206 -0.12146207290567435 -6.0769990440039665 -0.16772174123713415 0.0920451494257051 0.9815279455948176 115.15760661078514
0.9705923700349984 0.1926065138737729 0.14440630887616995 61.18703745639935 -0.1749261788397355 0.976409305480352 -0.12659265432047992 -6.187193892753549 -0.16538223358745727 0.09760942057387689 0.9813873434219822 115.90429579359439
0.9707134663180496 0.1930610639875648 0.14297829164173598 61.20143274442001 -0.17504621166546372 0.9760116047766049 -0.12946107956820402 -6.276470217574513 -0.16454236563988417 0.10064180499864243 0.9812222159104663 116.67276459831024
0.9709175117039324 0.192161243267233 0.14280490906351473 61.2164934573342 -0.17421788691410361 0.9762060801337494 -0.12911164544332523 -6.358403155612421 -0.16421727480941756 0.10047758802782744 0.981293503982513 117.45781635953247
0.9715183154826323 0.18958996570223366 0.1421541683765108 61.25690608105933 -0.17209877219496716 0.9768961789222788 -0.1267117524779559 -6.479333510260278 -0.16289314071125297 0.09863823047924185 0.9817007304658318 118.24556997746737
0.9713804192543093 0.1899701617374055 0.14258828401656848 61.31237202523608 -0.172825872751576 0.9770683323915813 -0.12437319464092371 -6.574494157277935 -0.1629456927843796 0.09617074132498524 0.9819368053576673 119.04989847641522
0.9717056104099377 0.18733460639634544 0.14385392571695743 61.353423800355664 -0.17028490924345677 0.9776926350913834 -0.12296406374227217 -6.672888884373482 -0.16368034818450566 0.09498871793214399 0.9819296752231326 119.87362814145972
0.9724743957684998 0.18286260794981454 0.1444119669157887 61.43747159643994 -0.16585474097160868 0.978547006048327 -0.12222095504083905 -6.767073471871013 -0.1636635404478797 0.09490534003757026 0.9819405389128297 120.69523390290951
0.9725699792397825 0.18285798342056783 0.14377271431289007 61.56423224843687 -0.1660355065082711 0.9786088087732135 -0.12147843417665777 -6.852886967362091 -0.16291054619046047 0.09427490276226363 0.9821264667287465 121.52157333396286
0.9713198553592383 0.18893025244985176 0.14437139015105183 61.63682423666879 -0.17181338944182228 0.9774050211683745 -0.1231242616358002 -6.966655825745804 -0.16437121948024955 0.0947881021230185 0.9818336508301657 122.349772075186
0.9700495352979945 0.1951978800942029 0.14457415631736442 61.74260527224419 -0.17765373935663217 0.9760218536016846 -0.12577953006962828 -7.099083703537955 -0.16565943366060998 0.09632823520993294 0.9814671788402227 123.17650412648113
0.9682448593549625 0.20378691992936795 0.1448198315093403 61.85587757008099 -0.1860147388804302 0.9742661039109438 -0.12729523042688687 -7.206778761818541 -0.16703415594403853 0.09631432933832075 0.9812355174534664 124.01117032872828
0.9674804135779697 0.20655036578619315 0.14600888923827257 61.953771653644445 -0.18867823469022063 0.9737534369938582 -0.12729794851775478 -7.308810992139207 -0.1684700955575975 0.09560957240902726 0.9810589363369444 124.85583091816518
0.9664220197440277 0.2093408225865908 0.14901308584365053 62.05967700102316 -0.19154344607204069 0.9734528942683127 -0.12530191900961063 -7.436809713318873 -0.17128802649550423 0.09255205367474884 0.9808641747662423 125.70118191778278
0.9665654586526102 0.20855975606010269 0.14917788807937846 62.250080540894196 -0.19059946846549147 0.9735336120158244 -0.1261116524992556 -7.567956172040158 -0.17153150369639075 0.09346194106464746 0.9807353408601545 126.53117069975698
0.9672159840522091 0.2059795869639945 0.14854511081844107 62.41329501522164 -0.18771800586928633 0.9738357780518786 -0.12808523591167503 -7.703662943856163 -0.17104148755895157 0.0960014955104002 0.9805756076883555 127.36859053544454
0.9684108297150343 0.19938588088400241 0.14975224671020182 62.54148179222166 -0.1811029938970185 0.9751951693729931 -0.12726384888535544 -7.814364765248958 -0.17141228220923652 0.09612310926977331 0.9804989430754795 128.2321570386547
0.9699318444315232 0.19274184087161556 0.14860282613425674 62.67924101201602 -0.17439035252968973 0.9763140400087063 -0.12805819078234654 -7.957513171978228 -0.16976519696992542 0.09829281794362406 0.9805703951468575 129.08252891638156
0.9699698195241921 0.19219271552461742 0.1490654531119924 62.84044776602832 -0.17364296659708986 0.9763351233542755 -0.12891022867155458 -8.078983735075402 -0.17031344445924337 0.09915486374386438 0.9803885166771202 129.9302954211408
0.9696349085881238 0.19343447533004726 0.1496370535699434 63.004950896701416 -0.17521100572447462 0.9763376798933485 -0.12675108793809398 -8.194279892755745 -0.1706143239013729 0.09668422091666212 0.9805829459588901 130.7810807769555
0.969029333357635 0.1955229855727288 0.15084068816200785 63.145013985121516 -0.17770458529113556 0.9762603577726858 -0.12384181122727524 -8.300670898573468 -0.17147370486161084 0.09320126584050949 0.9807702547420368 131.6381813104795
0.968422198561549 0.19875842869022173 0.15051090444819595 63.333609804423695 -0.18155304402175113 0.9759522154191524 -0.12064727690620902 -8.410296076586638 -0.17087111382458922 0.08951178829093802 0.9812189879009183 132.48005886326544
0.9692907685415502 0.19642791013724037 0.14795770388611545 63.514033832247314 -0.17818617821557353 0.9756440865013986 -0.12793866642957596 -8.523908009421227 -0.1694847837213205 0.09764575051668625 0.9806835450301846 133.29996016241202
0.9710738097353726 0.1914784167023375 0.14265928635458539 63.67439410897117 -0.17090003899501263 0.9745907791329234 -0.1447963739207012 -8.634428982311595 -0.16675980546143757 0.11622748885804347 0.9791232497067041 134.11409914465813
0.9721569771941063 0.188371957790261 0.1393801177036602 63.80567789463174 -0.16644482911913355 0.9737726626952599 -0.15512227514733404 -8.743767249022222 -0.16494523500945463 0.1276041022289142 0.9780134265653148 134.9353716281291
0.9723369630462417 0.18651492381051776 0.14061654771033427 63.91043916393725 -0.16571872868578674 0.9750875578404641 -0.1474501865291642 -8.856025206683212 -0.16461510640516047 0.12006847105162843 0.9790226907495769 135.77497454649014
0.9723013560404923 0.18335470313235364 0.14495215031544262 64.02855862461524 -0.16509485507147725 0.9777547614261092 -0.12938050601809903 -8.964439155224511 -0.16545017942193915 0.10186598719797575 0.9809431985499618 136.63000069455884
0.9722140222363822 0.18135368864080786 0.1480227502221611 64.11638491254885 -0.16491631330654744 0.9793751544937526 -0.11673438381948201 -9.069450165900651 -0.16614001496429384 0.08907943857428956 0.9820704399639334 137.48071410597495
0.9719097078199754 0.18474018445163082 0.14581695406937853 64.23637199001914 -0.16751196232443155 0.9781932181462478 -0.12279157320803653 -9.172206950667668 -0.16532169344496736 0.09491623792304486 0.9816616756576699 138.29861580470933
0.970511395410881 0.1933779817259318 0.14391868385040776 64.339802688343 -0.17359365083529826 0.9749118074042283 -0.1393277150228641 -9.306619531682907 -0.1672509365214458 0.11023576537324604 0.9797322084453864 139.10058720604576
0.9709016389937968 0.19392463914647742 0.14051064632643198 64.49032616716474 -0.173623141545533 0.974120421371585 -0.14472183451955148 -9.492564572863785 -0.16493941954251773 0.11611476649743313 0.9794449187586937 139.88864227372946
0.9717987553235606 0.19055600654111549 0.13890855813334513 64.62226747790234 -0.17027206866748068 0.9745658011526315 -0.1457014819946087 -9.619552502505567 -0.1631398228001951 0.11794027130217721 0.9795281979718041 140.6982401485041
0.9722733573652708 0.18928397772676717 0.13731749463779788 64.6692936040461 -0.1693094832437654 0.9748424976139968 -0.14497035465719443 -9.714854091025439 -0.16130349482078127 0.11770165938353036 0.9798609605127483 141.5242260683673
0.972582492693776 0.188881988185836 0.1356719921152907 64.71040528499613 -0.16878020742101255 0.9746361409833992 -0.1469613359761901 -9.814735874832486 -0.15998917616040637 0.12003327550288968 0.9797935886111737 142.33917898047454
0.9727132025066142 0.19044241975765172 0.13251683072795434 64.77678295690745 -0.17037746358311492 0.9740232031077501 -0.14916541057062138 -9.915669444206683 -0.15748188966454219 0.12251728271786122 0.9798923256476278 143.14778514852108
0.9717857140681213 0.19622236783095054 0.1308789834004333 64.84523960383578 -0.17634643703424943 0.9729383218882515 -0.1493082581326226 -10.033878619579973 -0.15663479842755573 0.12201558984034697 0.9800906773138245 143.96879988274262
0.9706473282511278 0.20249061745517724 0.12977408832880535 64.9156654875233 -0.18264477526637576 0.9716651887772949 -0.15002548778883548 -10.1458632857367 -0.1564757176907853 0.12191927969359193 0.980128072759958 144.7603837599677
0.9710510583646234 0.20284289699161087 0.12615308632371755 65.05804670984791 -0.18350825510036137 0.9715609510195172 -0.14964637905432604 -10.250293746156606 -0.15292011757440233 0.1221641420143463 0.9806586358396736 145.5614281014416
0.971399880696386 0.20092164216166203 0.1265415563920083 65.12990649188329 -0.18216909271838327 0.9724291027794933 -0.1455886730677551 -10.366517592669673 -0.1523046074195118 0.11837285912965824 0.9812192276857697 146.3697668821369
0.9716678431747224 0.1998973557377962 0.12610570847199512 65.20619286282871 -0.1811721963180962 0.9725918386242982 -0.14574549983681578 -10.489995775138077 -0.15178352289186015 0.11876936730673977 0.9812520571026044 147.17047636617284
0.9724612827449105 0.19791550683930395 0.1230792659820024 65.29997363981123 -0.17911788598130338 0.9725343791208456 -0.14863937684752015 -10.617137812804415 -0.14911685512951117 0.12250034114471679 0.9812022370213556 147.9651532304191
0.977363499616393 0.18627301221732628 0.10031427882950962 65.78768580863516 -0.1700248677220294 0.9737185809882228 -0.15153768308373722 -10.759045063466644 -0.12590525792716917 0.13105147827386315 0.9833480442185911 148.5868806566991
0.9781159701372851 0.18461123936662036 0.0959574867424208 65.83869360405617 -0.16881577165759581 0.9737591730154435 -0.15262473000116716 -10.86320399505104 -0.12161572349845116 0.13308554868128755 0.9836146870244207 149.38923176674928
0.9790191728356337 0.18160197436187167 0.09242392616690581 65.89155314458932 -0.167152489820626 0.9751440088271938 -0.14544485963826398 -11.039411067085048 -0.11653971154503899 0.12694441679845206 0.98503990308855 150.18430077237724
0.9794561953719487 0.18015521892168487 0.09060716551570751 65.89797266282102 -0.16682845107264507 0.9763086591690006 -0.13780301137612755 -11.139816931292328 -0.11328649195827765 0.11985616015419101 0.9863065809437145 150.9966901285636
0.9798102413734184 0.17721761412455111 0.09255165122119124 65.83675410295096 -0.16444338459237612 0.9776384976893722 -0.1310776147916574 -11.196596703574851 -0.11371131941707051 0.11321168261124001 0.9870424766729955 151.80989712903119
0.9788827536143887 0.18393767422248408 0.08919353495595402 65.87254836669126 -0.17177542422794131 0.9766658832246881 -0.1289067731977238 -11.292584479210452 -0.11082309464920335 0.11086335980188468 0.9876373611532786 152.61471767450448
0.9786052728992051 0.1863285356252841 0.08725478018775464 65.87817701072093 -0.1739238813025552 0.9757366006183149 -0.13299838242049608 -11.414062651167912 -0.1099190764450404 0.11497722829130684 0.9872679644391984 153.40744082524148
0.9794579448110339 0.18547267646819032 0.07913293012567758 65.92984984626153 -0.1731151388968893 0.974655317994185 -0.1416974233723516 -11.549404736430288 -0.10340833153697013 0.12508755889127796 0.9867420228100967 154.1917077840052
0.9805006272537478 0.18084003881866254 0.07691163965925779 65.92304347364866 -0.16858382463421856 0.9751583544288507 -0.14368603919418824 -11.718978958169657 -0.10098521687212325 0.12791819318486158 0.9866300835802702 154.97919066432686
0.9807918750711017 0.18068564498687176 0.07348466159814747 65.89740694503865 -0.16894545445560535 0.9752033683928191 -0.14295392157645528 -11.811321225883692 -0.09749221103916418 0.12779314524252333 0.9869975586675576 155.7894595913056
0.9797685886926812 0.18728438442490414 0.07055545309712044 65.82698083728036 -0.1762758537373183 0.974495366632015 -0.13887261717816501 -11.925964644873522 -0.09476463475545414 0.12362580541019146 0.9877936648087733 156.60062828046594
0.9788566902687142 0.1929424451931538 0.06791754382388238 65.76923367519545 -0.18200451573866275 0.9730957646762572 -0.14127628612001364 -12.028378031179484 -0.09334846633403689 0.12592793817106723 0.9876376958283171 157.4100570938006
0.9788167210361707 0.19515311778991234 0.061911931296638925 65.75987283042852 -0.18453803148180056 0.971911922221688 -0.14605796924565448 -12.162925697421901 -0.08867661223132581 0.13153887661151503 0.9873368130394795 158.21146100682722
