0.9999995999999536 -0.0009035185117502277 -0.00021011707047952286 0.0012891277768010306 0.0009037963879493273 0.9999987000004832 0.001325645643752537 -0.0182161604669324 0.00020891912921429045 -0.0013258343560958196 0.9999990999995636 1.3106430000062694
0.9999984999998864 -0.0016463470116590434 -0.0005538206704857486 0.00044483215298501185 0.0016473749878275607 0.9999969000006825 0.0018597186437570097 -0.04203318093526889 0.000550757228949578 -0.0018606273559685534 0.9999980999994319 2.6252990000148984
0.9999938999998348 -0.003413454011884352 -0.0007312198704701535 0.00203758032883262 0.003413846987763979 0.9999940000002329 0.0005361916437585999 -0.06302801140426689 0.0007293853283210558 -0.0005386844556662929 0.9999995999999335 3.941730000022106
0.9999931999998475 -0.0036353480118369906 -0.000643400470473465 0.002777891104203141 0.0036358719877956766 0.9999930000003343 0.0008141184437575838 -0.08483761187427215 0.0006404364282420786 -0.0008164520556281114 0.9999994999998195 5.2610170000297485
0.9999921999998662 -0.003925219011696102 -0.0005162241704831949 0.004157926879284235 0.003926061987842236 0.9999909000006322 0.001640786643756417 -0.1014678023447603 0.0005097790281388686 -0.0016428003555779508 0.9999984999995033 6.581638000035437
0.9999847999998657 -0.005504052011516333 -0.0004169863704954388 0.007571020653236496 0.005505157987880666 0.9999812000010264 0.0026944536437560128 -0.11658740281759412 0.00040214812757757666 -0.002696707355305361 0.999996299999111 7.908775000040243
0.9999863999998395 -0.005184552011364713 -0.0005975597705055864 0.008323816426681974 0.0051866619878176545 0.9999801000013395 0.0035830376437592073 -0.13280350329148263 0.0005789714276907684 -0.0035860873553594315 0.9999933999988253 9.238962000045893
0.9999888999997996 -0.004630870011657149 -0.0008604707704858032 0.007728337200054383 0.0046324719877204245 0.9999875000007218 0.001867104643760753 -0.14976490376552637 0.0008518137278877725 -0.0018710703554564501 0.9999978999994813 10.569630000052033
0.9999976999998135 -0.0019008070121095916 -0.0009601047704542719 0.006780915972712232 0.001900054987681211 0.9999978999997435 -0.0007842222562385161 -0.16345470424097736 0.0009615934288596966 0.0007823960440744673 0.9999992000004427 11.904260000057073
0.9999985999999131 0.0015435879877295777 -0.0006218671704428519 0.003419392744821554 -0.0015446590121968213 0.999997299999366 -0.0017249733562422459 -0.17674800471753585 0.0006192029300867237 0.0017259306434875361 0.9999983000007203 13.242080000062382
0.9999919999999585 0.003962553987754322 -0.0005304798704446495 -0.0018621844830975852 -0.003963388012162902 0.9999908999993887 -0.0015791393562434467 -0.19592020519427794 0.0005242176309495218 0.0015812286430774705 0.9999986000006525 14.58048000007011
0.9999864999999973 0.005189812987874786 -0.00038694357045327825 -0.005851757712992839 -0.005190150012112314 0.9999860999996258 -0.0008728859562455223 -0.2177602056752322 0.0003824081313874938 0.0008748822428699779 0.9999996000003767 15.930660000078571
0.9999955000000402 0.002993089988325403 2.8767439515285743e-05 -0.00426771794316149 -0.0029931370119678255 0.9999939000005943 0.0017690626437499258 -0.23641400615674485 -2.3472309396726763e-05 -0.0017691413567583378 0.9999983999993645 17.282220000084948
0.9999996000000333 -0.0008993856112946338 0.0002524902294896799 0.0004827858264989269 0.0008983691881149923 0.9999916000014349 0.003998215643749526 -0.25374750663861956 -0.00025608407078377577 -0.003997986356093991 0.999991999998532 18.63469000009031
0.9999933999999513 -0.0036386410116639395 -3.959232048544376e-05 0.005006082596223735 0.0036387079880121054 0.9999917000006959 0.0018313916437507792 -0.26991010712032776 3.292821824103444e-05 -0.0018315233556270832 0.9999982999993539 19.986700000095293
0.9999868999998992 -0.0051192620120703095 -0.00023203577045713235 0.004134682365596422 0.005119133987940241 0.9999866999998643 -0.00055392845624745 -0.2931092076028834 0.00023486842771474015 0.0005527332446270895 0.9999998000002365 21.34127000010371
0.9999959000000381 -0.002848774012328693 0.0004262613295613275 -0.0007654783666492726 0.0028496499881735626 0.9999937999992973 -0.002066802356254621 -0.3222297080889211 -0.0004203708714782895 0.0020680076442375237 0.9999978000006633 22.705750000114914
0.9999992000002146 0.00014248528789320095 0.0012454248295455626 -0.007369328099268087 -0.00014153131153251145 0.9999996999997253 -0.0007660732562648235 -0.34681190857560457 -0.0012455341704132423 0.000765896343725521 0.9999989000000602 24.0721000001248
0.9999971000003477 0.0014406339889495709 0.001942057829474033 -0.009719268333662509 -0.0014511560112871458 0.999984200001917 0.005427243643732353 -0.3687424090659835 -0.0019342081699463296 -0.005430044356490241 0.9999833999977349 25.448680000133017
0.999996600000393 -0.0010508910110448488 0.0023692378294737654 -0.005061185567253729 0.0010379299888698722 0.9999845000019586 0.005465289643727628 -0.3871399095546792 -0.0023749451708329817 -0.005462811356065635 0.9999822999976484 26.820300000138776
0.9999839000002729 -0.005339007011315024 0.001951314829491258 0.0019622681987304536 0.005331391988726486 0.9999782000014451 0.0038879066437297123 -0.40993851004440085 -0.001972030172360364 -0.003877439355332423 0.9999904999982817 28.1947200001457
0.9999804000002691 -0.005933229011753506 0.001984891829520903 0.005281587964549502 0.00593062298873388 0.999981500000536 0.0013171926437269233 -0.4328977105344274 -0.001992671172573244 -0.001305395355232307 0.9999971999991919 29.57012000015331
0.9999781000003339 -0.006177289012144817 0.0023966958295484455 0.007939018729671218 0.006179642988875678 0.999980399999721 -0.0009754604562778302 -0.4591179110259848 -0.0023906231726615657 0.0009902495448096869 0.9999966999999382 30.949840000162197
0.9999909000005062 -0.0028642630122139513 0.003173274829553819 0.006827070493808852 0.002868671989152926 0.9999948999995373 -0.0013857133562861688 -0.4850133115195455 -0.003169290171484212 0.00139480364423977 0.9999939999999521 32.33531000017162
0.9999918000005846 -0.0019166040125738592 0.003569831829580242 0.008305161258470414 0.0019290979892932093 0.9999919999987738 -0.0034994973562886018 -0.5122367120120758 -0.0035630961711496426 0.003506354644079261 0.9999875000006374 33.71780000018107
0.9999934000005838 -0.0010214490126523243 0.0034984268295860494 0.010173394021379045 0.0010353119892686996 0.9999915999985991 -0.003963092356287212 -0.5431160125083655 -0.003494350170831504 0.003966687643926812 0.9999860000008147 35.11083000019177
0.9999937000005699 -0.0009562966122596235 0.0034089618295572986 0.012119393783608226 0.0009619573892377092 0.9999980999994191 -0.0016592423562885633 -0.5746233130060917 -0.0034073691708054227 0.0016625106439133916 0.9999928000000091 36.507890000202664
0.9999955000005073 -0.00018895671198664932 0.0029861438295376904 0.015114773545602554 0.00018913808908762176 0.9999999999999805 -6.045387628446147e-05 -0.5999006135041656 -0.002986132170530413 6.101837378191246e-05 0.9999954999995118 37.90589000021116
0.9999925000005359 0.0025145359879604656 0.0029626708295415055 0.01696850330797819 -0.0025134250109203637 0.9999966999998374 -0.0003789505562841803 -0.6238526140013956 -0.002963614169567113 0.00037150124332224017 0.9999954999996293 39.30156000021937
0.9999824000005905 0.005051550987930899 0.0031014098295437755 0.019429483069087716 -0.005049835010870158 0.999987099999745 -0.0005613034562856637 -0.6437120145011764 -0.0031042051686617947 0.0005456319428931908 0.9999949999996706 40.70437000022602
0.9999692000006174 0.007203651988019308 0.003111046829537622 0.019163432829631722 -0.007203531010867464 0.9999739999999038 -5.03365862858506e-05 -0.6707246150022858 -0.003111328167892289 2.792449253100277e-05 0.9999951999994869 42.111000000235684
0.9999615000005846 0.008308310988067159 0.0028436208295341625 0.021344302589970613 -0.008308996010963455 0.9999653999999905 0.00022853834371710282 -0.6941320155037628 -0.0028416241674971555 -0.00025215705765423764 0.9999958999994331 43.518580000243645
0.9999707000004991 0.007259715987995855 0.0024122588295388873 0.026223632349963878 -0.007259297011116075 0.999973599999854 -0.00018305445627815855 -0.7178581160060025 -0.002413524167872679 0.0001655377425215882 0.9999970999996532 44.92821000025127
0.9999779000003718 0.00642623798788825 0.0017209328295461777 0.030860352109341793 -0.00642485801136106 0.9999789999996392 -0.0008074733562702708 -0.739025016509461 -0.0017260851681711756 0.0007963985426617419 0.9999981999999936 46.341270000258014
0.9999829000002002 0.0058001689880134615 0.000761618929537041 0.03408030186826781 -0.005800122011704579 0.9999831999999084 -6.598204625931649e-05 -0.7610315170138678 -0.0007619888683945912 6.156341276696822e-05 0.999999699999893 47.7570400002653
0.9999819000000308 0.0060105649881588424 -0.00024119537047324291 0.03359220162604261 -0.006010374012063647 0.9999816000002097 0.0007926517437526932 -0.78398561752066 0.0002459552316804811 -0.0007911876572683262 0.9999996999997584 49.17963000027356
0.999977099999857 0.006648909988202008 -0.001303817170476172 0.03175531138380861 -0.006647540012442937 0.999977300000292 0.0010527996437658112 -0.8056350180274219 0.001310787831908289 -0.0010441083573756087 0.9999985999998465 50.602180000281585
0.999974899999657 0.006638250988136104 -0.0024794801704713125 0.028957941140955443 -0.006636601012860831 0.9999777000001542 0.0006739961437805685 -0.8265408185354476 0.002483899831904766 -0.0006575237573739345 0.9999967000001818 52.02831000028952
0.9999698999994693 0.0068827759883529505 -0.0035883011704857925 0.02536976089761392 -0.006875797013258973 0.9999744000006044 0.001954122643795628 -0.845383619044433 0.0036016588319908315 -0.0019293913574144406 0.9999916999999148 53.45716000029685
0.9999752999993159 0.005497091988517808 -0.004387406170496419 0.020829370654537105 -0.005484306013544651 0.9999807000009657 0.0029210946438071924 -0.8668316195529189 0.00440337883149419 -0.0028969603571804762 0.9999860999997067 54.88464000030526
0.9999793999991895 0.004003114988503392 -0.005028578170494905 0.01680869041067983 -0.003988904013771446 0.9999880000009538 0.0028330376438158336 -0.8868800200630067 0.005039858830960754 -0.002812920356928408 0.9999833999998473 56.31660000031309
0.9999824999990569 0.0017193769884307234 -0.005654443170489306 0.01322909016734805 -0.0017058460139918897 0.9999956000008295 0.002396847643824113 -0.9072442205720097 0.005658539830146884 -0.002387160356541822 0.9999812000001093 57.74550000032095
0.9999834999990281 0.00037493958850659905 -0.0057307691704942725 0.010075339924112161 -0.000358700714018004 0.9999959000010041 0.0028344056438255965 -0.9249469210807508 0.0057318088296667916 -0.0028323023563127502 0.9999795999999664 59.1736500003278
0.9999855999990876 -0.0008364906113835583 -0.005300789170501959 0.006524244680664454 0.0008549022861365674 0.9999936000012482 0.00347204164382034 -0.9446035215899787 0.005297851829234087 -0.003476522356105425 0.9999798999996661 60.603180000335406
0.9999861999991415 -0.0018587910112752952 -0.0049179311705094386 0.0027641994380339574 0.0018789719862746408 0.9999898000014867 0.004102185643815897 -0.9647484220975084 0.00491025682886916 -0.004111369355929806 0.9999794999993764 62.027950000343225
0.9999826999991925 -0.003792549011347734 -0.004488790170504883 -0.0013082538044353956 0.003809032986429809 0.9999860000013583 0.0036691286438094396 -0.9878100226047708 0.004474811828182171 -0.003686163355598817 0.9999831999994576 63.45198000035214
0.9999779999992567 -0.0052961960114915625 -0.0040081981704955414 -0.002873615046231297 0.005307525986601445 0.9999819000010756 0.002820927643801974 -1.0081750231105884 0.003993185827649133 -0.0028421383553410393 0.999987999999678 64.87187000035966
0.9999806999993676 -0.0052204640115892445 -0.0033595951704893717 -0.005953945287611021 0.005228045986831336 0.9999838000008706 0.0022517226437928535 -1.029700023615547 0.003347785827676988 -0.0022692423553546254 0.9999917999997702 66.28940000036785
0.9999906999995253 -0.0034824620115798278 -0.002553135170490534 -0.010020321528351887 0.003488377987117191 0.9999912000008696 0.0023161036437823745 -1.050203024119133 0.0025450468282950407 -0.002324987355653528 0.9999940999996095 67.70311000037584
0.9999976999996407 -0.0006481361113536786 -0.0020687721705060186 -0.019364411768876696 0.0006556851872876295 0.9999931000013083 0.0036504286437776066 -1.0760750246223383 0.002066391829302996 -0.003651776356137353 0.9999911999990515 69.11593000038665
0.9999945999998148 0.0030128649888689373 -0.0012879711705209792 -0.027022762009663838 -0.0030064420124403368 0.9999832000017296 0.004960904643769786 -1.0978310251260095 0.0013028968306081595 -0.004957004356757895 0.9999868999984516 70.53000000039569
0.9999776999999841 0.006659932988962971 -0.0005287414705271895 -0.035134432249735975 -0.006656920012177409 0.9999626000018821 0.005510823643761478 -1.1182310256281471 0.0005654234319115248 -0.00550718035737225 0.9999846999981261 71.93978000040433
0.9999378000001478 0.011151469988896406 0.0001358831294772026 -0.04214651248818629 -0.011152020011947403 0.9999247000016883 0.005112812643752734 -1.135987026126842 -7.885759648029267e-05 -0.005114008358124394 0.9999868999981549 73.33986000041185
0.999898600000305 0.014216909988814795 0.0008503238294827346 -0.046775902727069635 -0.014220700011695536 0.9998882000014802 0.004621050643743429 -1.1533110266264595 -0.0007845316653803922 -0.004632673358633938 0.9999889999982084 74.74245000041881
0.9998649000004483 0.016365979988770263 0.001544957829485979 -0.053276792965782006 -0.01637256001144964 0.9998565000013605 0.0043445006437349675 -1.1772260271258623 -0.0014736341646080465 -0.0043692073589889835 0.9999893999981887 76.14450000042841
0.9998598000005087 0.01663765998879314 0.0018836208294846528 -0.054585123203550794 -0.016645950011330127 0.9998514000014047 0.004472344643731339 -1.1979420276232755 -0.0018089311645097823 -0.004503071359033477 0.9999881999980853 77.54079000043603
0.9998793000005213 0.015401919988820765 0.002040509829482868 -0.05287326344096565 -0.015411250011273386 0.9998705000014779 0.004635584643729818 -1.2180350281199692 -0.0019688481649529684 -0.0046664703588296325 0.9999871999980003 78.9349600004429
0.9998967000004967 0.01423629998865783 0.001959368829493558 -0.049542513677770884 -0.014243450011295738 0.9998917000011519 0.0036846026437293293 -1.2366550286153717 -0.0019067011653719637 -0.00371212935863849 0.9999912999983531 80.32545000044898
0.9999076000004407 0.01348986998863569 0.0016772148294948706 -0.048832133913689416 -0.013495780011394795 0.9999026000011147 0.0035607246437323525 -1.2582870291089647 -0.0016290181656401798 -0.0035830303585151343 0.9999922999984452 81.71095000045656
0.9999074000004016 0.013534159988681635 0.0014484628294917268 -0.04838808414975235 -0.013539630011477649 0.9999010000012102 0.0038331906437353413 -1.2786760296028252 -0.0013964401656245242 -0.0038524473585221136 0.9999915999983869 83.09721000046376
0.9999140000003056 0.01308009998859238 0.0009085342294974725 -0.052690744385837845 -0.013083050011667036 0.999908900001029 0.0033178106437409174 -1.3000310300967006 -0.0008650541657883063 -0.0033294113584475277 0.9999940999986626 84.48367000047209
0.9999097000001859 0.01343477998865279 0.00018704712949327277 -0.060720054621168223 -0.013435390011926148 0.9999029000011509 0.0036812016437498796 -1.3202450305889246 -0.0001375728656620524 -0.0036833823585058494 0.9999931999986563 85.86562000048065
0.9999145000000211 0.013054089988772735 -0.0007454493705147761 -0.07518043485689964 -0.013050690012261204 0.999905100001406 0.0043972686437621505 -1.343695031081991 0.0008027811342000794 -0.004387163358441739 0.99999009999856 87.25015000049147
0.9999384999998022 0.010930639988951574 -0.0018779751705263294 -0.08437621509172803 -0.010920240012665741 0.9999254000018057 0.005458589643778137 -1.3629820315731287 0.0019375008334370143 -0.005437745358087 0.999983299998375 88.62909000049991
0.9999565999995713 0.00879073098907258 -0.0030866471705337153 -0.09813230532626387 -0.008771544013094618 0.9999424000020847 0.006176184643795142 -1.3826400320636099 0.0031407628326684547 -0.0061488403577282785 0.9999761999983253 90.00634000050924
0.9999699999994428 0.006803259989101029 -0.0037116371705351574 -0.11104751555940652 -0.00677963201331347 0.9999569000021684 0.0063421246438037674 -1.3997810325511262 0.0037546238319565504 -0.006316769357394652 0.9999729999983727 91.37524000051755
0.999976099999348 0.005509751988985611 -0.004188780170527407 -0.12833511579204798 -0.005485989013479284 0.999968900001943 0.005663658643808698 -1.4180590330375715 0.00421985583149465 -0.005640542357178431 0.9999751999986956 92.74128000052698
0.999980899999287 0.004282216988897598 -0.004468492170521457 -0.145460316024024 -0.004259218013575731 0.9999777000017741 0.005143989643811479 -1.4359640335226185 0.004490420831056794 -0.0051248573569723154 0.9999767999989285 94.10339000053631
0.9999771999992714 0.004941454988831992 -0.004604768170517113 -0.16970481625516437 -0.004919521013624767 0.9999765000016291 0.004762663643812647 -1.4561900340058915 0.004628194831292657 -0.004739901357084264 0.9999780999990876 95.46076000054764
0.9999786999992896 0.004738574988714197 -0.004487410170509435 -0.1913409164855723 -0.004720319013581468 0.9999805000013856 0.004070436643809959 -1.4762130344876603 0.004506610831221435 -0.004049167357051107 0.9999816999993142 96.81382000055848
0.9999760999993393 0.00546203098859881 -0.004246260170501948 -0.2120314167157336 -0.005447632013495261 0.9999794000011358 0.0033953956438058245 -1.4964780349689315 0.004264718831480983 -0.003372181357174039 0.9999851999995136 98.16545000056922
0.9999675999994203 0.0070608399886202934 -0.003876949170503685 -0.23440561694555118 -0.007047185013365839 0.9999689000011613 0.0035249106438010095 -1.5176830354494872 0.003901717832052273 -0.0034974733574428376 0.9999862999994042 99.5151300005806
0.9999650999994665 0.007529259988854834 -0.00362720717051932 -0.2485715171746466 -0.007511447013281107 0.9999598000016455 0.004900142643799765 -1.534999035928535 0.003663955832218092 -0.0048727253575194425 0.9999813999988717 100.86030000058916
0.9999549999995074 0.008833810989120332 -0.0034582981705365986 -0.2694021174036857 -0.008811343013227974 0.9999403000021843 0.006459622643800663 -1.5560180364074783 0.0035151548326829017 -0.006428858357734872 0.9999731999982874 102.2054000006002
0.9999596999995112 0.008302253988897324 -0.003413289170522226 -0.2867601176319622 -0.008284616013206918 0.9999524000017247 0.00514995764379738 -1.575247036884824 0.0034558838324944548 -0.005121471357648572 0.9999808999987462 103.54590000061002
0.9999609999995264 0.00817387098844687 -0.003338205170492347 -0.3053256178598959 -0.008165524013172267 0.999963500000785 0.0025070956437927773 -1.5960460373614782 0.0033585758324518066 -0.002479739357630644 0.999991299999675 104.88450000062059
0.9999650999995133 0.007633273988246465 -0.0033873561704786132 -0.3153955180874801 -0.007628806013186149 0.999970000000373 0.0013304466437926187 -1.6132990378374148 0.0033974108322599016 -0.001304558357540809 0.9999934000001025 106.22080000062846
0.9999795999995124 0.005504927988470044 -0.003239048170493877 -0.33430861831636777 -0.005496405013135054 0.999981400000866 0.0026348186437915905 -1.6384320383161668 0.0032534928314977615 -0.0026169613571820636 0.9999912999996127 107.56530000064063
0.9999915999995883 0.0031421049888313225 -0.0026258831705181225 -0.3508131185447032 -0.003129622012916907 0.9999838000016494 0.004744783643786384 -1.6612750387937365 0.0026407488306525485 -0.004736525356780142 0.9999852999987564 108.9064000006516
0.9999972999997266 0.001561464988945071 -0.001709519170525808 -0.3737761187725129 -0.001552202012588222 0.999984200001906 0.005406522643775908 -1.6867390392701955 0.0017179338300896208 -0.005403854356510842 0.9999838999983645 110.24460000066456
0.9999992999998382 0.0006761648886988179 -0.0010001881705098184 -0.39431491899929094 -0.0006721988123335003 0.9999919000014023 0.003960468643764635 -1.710102039744475 0.0010028578297757791 -0.0039597923563626765 0.9999916999987586 111.5766000006764
0.9999965999999743 0.002581199988289012 -0.0003337542704822243 -0.41371291922544884 -0.0025806780120965303 0.999995400000523 0.0015568316437541605 -1.7339970402174854 0.00033777123045613644 -0.0015559643566886655 0.9999986999995012 112.90500000068822
0.9999895000001833 0.004532669987914381 0.0007482825295440168 -0.4219683194508354 -0.004532188011708497 0.9999894999997163 -0.0006455752562590819 -1.7539860406889194 -0.0007512009688474257 0.0006421770429807785 0.9999995000001013 114.22860000069676
0.9999690000004612 0.007570196987877639 0.002161281829547146 -0.42958991967755633 -0.007568322011203568 0.9999709999996027 -0.0008754179562752201 -1.7750040411631751 -0.002167846167762306 0.0008590333424695804 0.9999972999999424 115.56010000070555
0.9999531000007198 0.008996723988249989 0.0035969448295219727 -0.4334779199045371 -0.009001425010698456 0.9999586000003635 0.0012920986437092233 -1.7942300416379746 -0.0035851711672490504 -0.001324415357769171 0.9999926999989255 116.89300000071303
0.9999479000008994 0.009079887988666855 0.004667312829494601 -0.4334151201317936 -0.009097321010325014 0.9999516000012336 0.0037271556437001438 -1.8117940421133554 -0.004633246167213999 -0.003769420357780851 0.9999821999978757 118.2274000007193
0.9999525000010204 0.008077878988785977 0.0054495398294874065 -0.430613720359007 -0.008102033010047076 0.9999574000014946 0.0044247126436931985 -1.8258470425885909 -0.005413565167569355 -0.004468654357612109 0.9999753999974937 119.56130000072382
0.999942200001201 0.008587161988659137 0.00646893882949697 -0.4334146205877286 -0.008611020009682302 0.9999562000012234 0.0036689786436820597 -1.8463220430670733 -0.006437149167386271 -0.003724469357698497 0.9999723999975891 120.9045000007316
0.9999167000014334 0.010350309988580723 0.007709246829504009 -0.4472932208198098 -0.010375110009240712 0.9999411000010381 0.003183678643669771 -1.8809290435527968 -0.007675841166753467 -0.003263396357993671 0.9999651999975505 122.26840000074631
0.999884200001652 0.012380239988520196 0.008849719829510053 -0.4560744210505761 -0.012405430008834721 0.9999191000008866 0.0027972986436590693 -1.9100300440356957 -0.008814373166024623 -0.0029067593583318634 0.9999568999974936 123.62420000075817
0.999864100001853 0.01313727998833968 0.009963118829524364 -0.46225492128192464 -0.013155020008433589 0.9999120000005001 0.0017164426436485855 -1.9403250445198723 -0.009939693165754153 -0.0018472743584583835 0.9999488999976888 124.98350000077002
0.9998377000020524 0.01423200998824606 0.011050939829533079 -0.4641329215123532 -0.014245470008043567 0.9998979000002909 0.0011398446436393342 -1.9662950450020698 -0.011033590165361177 -0.0012970853586399727 0.9999382999977087 126.3371000007796
0.9998388000021976 0.01339480998820002 0.011957539829538075 -0.470849521742924 -0.013406140007718947 0.9999097000002051 0.0008676728436321107 -2.0060260454848513 -0.011944840165660378 -0.0010278373585014648 0.9999280999976511 127.6925000007949
0.9998362000023212 0.012864549988333866 0.012729949829530502 -0.4718094219738732 -0.012886580007447164 0.9999156000004914 0.0016496526436266005 -2.0383430459683067 -0.012707650165845024 -0.0018134273584131753 0.9999175999972408 129.04960000080658
0.9998371000024514 0.01188957998859199 0.013577399829514857 -0.4742800222048435 -0.011933610007151107 0.9999238000010428 0.0031667436436217233 -2.0731890464518514 -0.013538720166184673 -0.003328255358249897 0.9999027999965557 130.40700000081944
0.9998441000024942 0.010891699988601846 0.013896229829514821 -0.4701254224344337 -0.01093766000703671 0.9999349000010754 0.003235383643619543 -2.0994890469323764 -0.013860080166540672 -0.0033868703580837486 0.9998981999964769 131.75570000082806
0.9998649000024661 0.008812544988663122 0.013872569829510323 -0.4656937226649039 -0.008863631007044119 0.999954100001229 0.003625221643620183 -2.1277020474147923 -0.013839990167283092 -0.0037476923577361675 0.9998971999963421 133.10970000083736
0.9998827000023913 0.007142772988748803 0.01354833982950358 -0.46510282289489835 -0.0071996530071589725 0.9999654000014284 0.004154061643623211 -2.162932047896343 -0.013518200167878918 -0.004251117357455556 0.9998995999962089 134.46140000084978
0.9998996000022821 0.00563661398868321 0.013004989829506432 -0.46611972312514555 -0.005686390007349737 0.9999766000013095 0.003793552643626654 -2.198388048378409 -0.012983300168420905 -0.003867122357202801 0.9999081999964301 135.8146000008626
0.99992280000205 0.004048642988666632 0.01174934982950457 -0.4644953233542555 -0.004092637007795044 0.9999847000012941 0.0037226506436360282 -2.2263090488579413 -0.011734100168992637 -0.003770448356934995 0.9999240999966693 137.16060000087225
0.9999391000018526 0.0027917269888364125 0.010678369829491115 -0.4645723235843467 -0.0028424350081761147 0.9999847000016642 0.004736387643646112 -2.2548540493395195 -0.010664980169440803 -0.004766451356720734 0.9999317999964908 138.51240000088248
0.9999526000016609 0.0012280589888872156 0.00965658082948583 -0.46418072381418424 -0.001276893008537776 0.9999864000017893 0.005052511643655214 -2.2817490498205335 -0.00965024517000083 -0.005064602356454791 0.9999405999965524 139.86260000089203
0.9999650000014306 0.00048538518887103477 0.008355190829484794 -0.4674418240439646 -0.0005268857090001839 0.9999875000017645 0.004965533643666454 -2.3148660503015397 -0.008352676170270135 -0.004969760356328586 0.9999527999968051 141.2129000009044
0.9999748000012142 0.00022927458879207918 0.007102143829488298 -0.470457424273648 -0.00026127410944619747 0.9999898000016026 0.004505000643677257 -2.3418860507821924 -0.007101039170366432 -0.004506741356285749 0.9999645999971828 142.56220000091452
0.9999816000010324 -0.00014618261129340242 0.006061112829492736 -0.4747020245030759 0.00012190149018343838 0.9999919000014285 0.004006238643686519 -2.36745505126226 -0.006061650170504101 -0.004005425356222496 0.9999735999975381 143.90990000092432
0.9999856000008454 -0.0017742470115971955 0.005074855829512104 -0.47890132473251396 0.0017629359898332485 0.9999959000008132 0.002232535643694412 -2.3950240517423995 -0.005078797171089403 -0.0022235563559463963 0.9999845999983381 145.2578000009349
0.9999656000005871 -0.007298614011845769 0.0039474038295281046 -0.4813925249611198 0.007295541989432451 0.9999730000003592 0.0007925717437053141 -2.426593052220921 -0.003953082173056986 -0.0007637458549965353 0.9999918999990434 146.6011000009466
0.9998967000003184 -0.014095680011366737 0.0028028418294947753 -0.4844150251912702 0.014085529989041515 0.9998943000014398 0.00360825264371984 -2.4629690527027854 -0.0028534061754641785 -0.003568400353809841 0.9999895999982356 147.95380000096006
0.9997629999999823 -0.021730800011203852 0.0013201808294837055 -0.4832843254209439 0.021724599988531962 0.9997536000018682 0.004543875643737881 -2.4893660531834514 -0.00141859817816281 -0.004514118352458204 0.9999887999981549 149.30300000096923
0.9996861999997325 -0.025049470011612937 0.00013324352951127918 -0.48879862564988436 0.025049139988093817 0.9996840000010512 0.0021133716437488907 -2.518617053662578 -0.0001861402793340884 -0.002109370351867698 0.9999977999992232 150.6481000009806
0.9996840999997565 -0.025132520012295285 0.00038074202955909323 -0.49798542587859607 0.02513319998814625 0.9996822999996259 -0.0018847033562542147 -2.545628054141125 -0.00033325367936367663 0.0018936766481470598 0.9999982000006051 151.9917000009918
0.9997661999999414 -0.021587490012599228 0.0012488218295811317 -0.513989726107539 0.021591919988443294 0.99976019999895 -0.003645129356262615 -2.581792054620304 -0.0011698331781160884 0.0036712406475150066 0.9999926000010846 153.3373000010074
0.9997705000000727 -0.021331870012599407 0.0020019388295811564 -0.5203405263367933 0.021339039988711925 0.9997656999989467 -0.003630061356271207 -2.611885055100097 -0.0019240341780267318 0.003671946647469473 0.9999914000009508 154.68430000101924
0.9997071000001547 -0.02405938001206523 0.0026092888295425557 -0.5188374265663267 0.024060719988952425 0.9997104000000945 -0.00047952415628029973 -2.641449055580554 -0.002596996178985523 0.0005421650479541188 0.999996499999725 156.0329000010295
0.999559700000186 -0.029512170011513423 0.00308180482950443 -0.5104870267961569 0.029503649989155608 0.9995608000013093 0.002776576643715857 -2.6661630560615923 -0.0031623941808994406 -0.002684429351063079 0.9999913999984845 157.3829000010369
0.9994284000001404 -0.03366699001139173 0.0030707178294962093 -0.4996047270258372 0.0336562299891658 0.9994273000016098 0.0034943106437167726 -2.689150056542305 -0.0031866021823564166 -0.0033889643503072723 0.9999891999982309 158.7319000010432
0.9993665000001112 -0.035462420011328454 0.003006803829491977 -0.4908894272551342 0.03545070998915062 0.9993639000017618 0.003864763643717965 -2.7113830570221715 -0.0031419451829851493 -0.0037557213499786303 0.9999879999981096 160.0786000010496
0.9994176000002698 -0.03391111001126755 0.003821912829488112 -0.48487592748502456 0.03389482998944277 0.999416300001872 0.004248694643709735 -2.736780057503324 -0.003963760182439577 -0.00411667535026174 0.9999836999978338 161.42900000105763
0.9995379000005207 -0.02997704001133042 0.00504369582949287 -0.48365162771483144 0.029957489989866998 0.9995435000016967 0.003909705643696563 -2.7606040579842057 -0.005158595181057403 -0.003756801350977671 0.9999795999977461 162.77880000106592
0.9996297000007104 -0.026543470011740358 0.005992325829521284 -0.4767803279447575 0.026534819990176525 0.9996467000008015 0.0015187856436847409 -2.787254058465475 -0.006030523179853723 -0.001359217351599737 0.9999808999984363 164.1295000010743
0.9996963000008695 -0.02370307001188471 0.006750226829532023 -0.4687840281748074 0.02369903999043717 0.9997189000004674 0.0006776074436770539 -2.8106670589469362 -0.0067643911788548275 -0.0005174276521096448 0.9999769999986067 165.4807000010813
0.9997390000009658 -0.0217009800116551 0.007145420829516694 -0.4599264284060505 0.021687039990587437 0.9997627000009244 0.0020229736436739583 -2.8355580594309373 -0.007187626178145328 -0.00186748235246653 0.9999723999980599 166.83900000108858
0.9997748000009455 -0.02006189001168641 0.006919388829518718 -0.4494840286377353 0.020049719990503992 0.99979730000084 0.0018253426436759528 -2.8619860599159193 -0.0069546071775681345 -0.001686199352758262 0.9999743999981687 168.20000000109619
0.9998149000008776 -0.018132990012095493 0.006434411829546896 -0.44244382886930567 0.018137189990313975 0.999835299999963 -0.0005943433563199113 -2.8865600604005754 -0.00642257517689363 0.0007109353468993888 0.9999790999991134 169.56020000110374
0.9998753000008269 -0.014634660012588067 0.005933088829582314 -0.43897172910073684 0.01465565999012033 0.9998863999988931 -0.0035104503563128716 -2.9142400608849757 -0.005881041175663629 0.0035969656462848405 0.9999762000002375 170.919800001113
0.9999362000008535 -0.00973329401280682 0.005740250829598739 -0.41115432933307927 0.009761014990052611 0.9999406999983785 -0.004820709356309029 -2.932731061371341 -0.005692989173930291 0.004876431645429989 0.9999719000007372 172.28410000111487
0.9999686000009635 -0.0051431460126598535 0.0060370068295883365 -0.3881120295660571 0.005167230990167444 0.9999786999986314 -0.003980535356313294 -2.9607710618592162 -0.006016406172299276 0.004011604644633998 0.9999739000003872 173.65280000112094
0.999976800001097 -0.0018281080122349736 0.006567233829558119 -0.3779301298003588 0.0018380349903625941 0.9999971999994803 -0.0015057733563208571 -2.986448062349645 -0.006564463171114647 0.0015178096440623175 0.9999772999994153 175.0291000011283
0.9999765000011239 -0.0014776100118978049 0.006696020829534421 -0.35887823003524877 0.0014744949904097102 0.9999988000001807 0.00047013814367752684 -3.0085390628413204 -0.006696708170985085 -0.00046025375599799607 0.9999774999986892 176.40860000113292
0.9999731000009568 -0.004339593011670796 0.005909489829517712 -0.3405308302698447 0.004328925990132088 0.9999890000006894 0.0018169116436857345 -3.013913063331955 -0.005917309172001399 -0.001791280355506638 0.9999808999983436 177.78520000113167
0.999967300000641 -0.0068927990116959565 0.00423197382951795 -0.32140423050420924 0.006885777989535822 0.9999749000006668 0.00167188764370269 -3.0229530638222055 -0.004243392172911293 -0.0016426923550663856 0.9999896999986811 179.16070000113163
0.9999709000002794 -0.007309297012394197 0.002170146829566317 -0.3136545307394532 0.007314584988790812 0.9999702999992122 -0.002437950356274394 -3.0411230643143865 -0.0021522631730646726 0.0024537526450062437 0.999994700000497 180.5420000011368
0.9999803000000331 -0.006249158013160813 0.0006762722296235856 -0.3089995309743397 0.0062537079882494 0.999956299997597 -0.006947885356249694 -3.062100064805854 -0.0006328242726883392 0.0069519756448305076 0.9999756000023581 181.9214000011435
0.9999988999999936 -0.001472010013317239 7.62512696357385e-05 -0.31405643121069965 0.0014725649880467755 0.999967899997213 -0.007868715356240156 -3.088158065300411 -6.466598098822711e-05 0.007868818644012041 0.9999690000027885 183.3098000011536
0.9999966000000257 0.0025932309869200225 -4.985588038264187e-05 -0.3186558314480281 -0.0025935000119880064 0.9999755999976604 -0.00647631935624221 -3.114466065797005 3.30600904607017e-05 0.006476425643316321 0.9999790000023139 184.7039000011638
0.999990700000094 0.0043035329874435545 0.00023342582957799115 -0.31413053168563376 -0.004302714011887778 0.9999848999987343 -0.0034055863562510212 -3.137555066294206 -0.00024807836892938405 0.0034045496430214696 0.9999942000011718 186.0994000011712
0.9999868000001733 0.005091027987814534 0.0006512881295511355 -0.30872773192385844 -0.005090224011741858 0.9999862999995004 -0.0012314973562577384 -3.1644780667928076 -0.0006575488686481678 0.001228165642886735 0.9999990000003258 187.49880000117983
0.9999898000001787 0.004448721987953287 0.0007330861295412639 -0.3089327321624105 -0.004448418011714326 0.9999899999997982 -0.00041719085625896825 -3.19394506729209 -0.0007349347688773227 0.00041392544299490854 0.9999997000000218 188.90030000119035
0.9999954000001504 0.0029540099880860722 0.0006755490295319148 -0.30702113240149254 -0.0029542570117359343 0.9999955000000939 0.0003634323437417199 -3.221858067792467 -0.0006744724694105728 -0.000365426356752255 0.9999996999997536 190.3048000012
0.9999997000001176 0.00036672538816021104 0.0006633028295267157 -0.30300423264116216 -0.0003672563117400724 0.9999996000002798 0.0008003937437419374 -3.250530068294115 -0.0006630090703329256 -0.0008006369563126764 0.9999994999996 191.7128000012095
0.9999968000001501 -0.0022967860118385222 0.0010395298295266656 -0.3007558328808935 0.002295943988394757 0.9999970000003143 0.0008102721437375743 -3.2811620687959206 -0.0010413871712811966 -0.0008078827558577178 0.9999990999995325 193.12130000122002
0.9999851000001717 -0.005294323011675139 0.0013695568295154115 -0.29793383312228455 0.00529189298851514 0.9999844000006912 0.0017727376437341909 -3.3141350693012592 -0.0013789201723465095 -0.0017654633553422562 0.9999974999991332 194.53970000123132
0.9999546000001956 -0.009368607011368216 0.0017715868294947018 -0.2945301333638957 0.009362220988667305 0.9999497000013807 0.003580278643731333 -3.344375069806997 -0.0018050401737913651 -0.0035635293546353733 0.9999919999984208 195.95920000124156
0.9999160000001951 -0.012804870011363 0.0019973568294943435 -0.2955048336057628 0.012797589988752717 0.9999115000014317 0.003617324643728807 -3.3845570703134658 -0.0020435001750086367 -0.0035914583540360063 0.9999914999983692 197.380900001256
0.9999376000002483 -0.010943470012082677 0.0022333558295439112 -0.2998637338474385 0.010944849988817694 0.9999398999999061 -0.0006040290562760804 -3.4193650708193606 -0.002226612174352279 0.0006284350456365688 0.9999972999998329 198.8011000012691
0.9999866000004035 -0.004404760013038359 0.0027057768296146383 -0.3150034340894025 0.00442152398897803 0.9999708999978312 -0.0062207383562744994 -3.4713630713261594 -0.0026782971720366944 0.006232617644510902 0.9999770000017534 200.2242000012902
0.9999803000007237 0.004937678986879194 0.003867004829622035 -0.33219873433317054 -0.004911558010586604 0.9999651999975467 -0.006735801356285842 -3.5150790718364955 -0.003900129168710705 0.006716674642920383 0.999969800001739 201.6573000013087
0.9998989000010674 0.013191289987605947 0.005303120829569417 -0.34858083457772715 -0.013178030010074095 0.9999098999989653 -0.0025272973563076765 -3.555576072348409 -0.005335981165751895 0.002457156641533148 0.999982799999995 203.09480000132592
0.999874000001214 0.014661489988016594 0.006089231829541033 -0.3518432348225066 -0.014660920009804958 0.9998924999998055 -0.00013868935631663115 -3.580327072860551 -0.00609061116521937 4.939808128873397e-05 0.9999814999990099 204.5325000013353
0.9999049000010988 0.012626279988006769 0.005556507829540943 -0.34813593506733176 -0.01262551000999498 0.99992029999981 -0.00017523705631135544 -3.6040830733728484 -0.005558278165949754 0.00010506654162575983 0.9999845999991138 205.97040000134317
0.9999449000008628 0.00953533298801227 0.004390271829539201 -0.34383133531385185 -0.009534934010411257 0.9999544999998593 -0.0001122397562994546 -3.628674073888715 -0.004391142167057593 7.037260214047075e-05 0.99999039999929 207.41830000135118
0.9999698000006414 0.0070567089879974045 0.0032653568295392685 -0.34219803556069034 -0.007056163010812201 0.9999750999998586 -0.0001791663562875141 -3.6508860744051543 -0.003266540167944903 0.00015612004255564758 0.9999946999995055 208.8679000013588
0.9999687000005583 0.007421206987847698 0.0027463678295495866 -0.3429638358084849 -0.007418335010994736 0.9999718999995412 -0.0010549723562816534 -3.6743600749235967 -0.0027541201678156916 0.0010345656424946524 0.999995699999906 210.32320000136733
0.9999572000005574 0.0088659679878717 0.0026398678295478785 -0.34795103605723754 -0.008863573011032437 0.9999602999995738 -0.0009180184562805206 -3.7089450754442685 -0.002647902167298865 0.0008945803422525057 0.9999960999998753 211.7849000013805
0.9999457000005514 0.010116069988039047 0.0025244978295360368 -0.3533161363057897 -0.010116260011076524 0.9999487999999083 6.078869372061046e-05 -3.741769075964472 -0.002523753166850635 -8.632386795649294e-05 0.9999967999995463 213.2453000013931
0.9999520000005042 0.009528195988015468 0.002287636829537541 -0.3575809365557493 -0.009528055011160502 0.9999545999998661 -7.33864962767664e-05 -3.7780650764877164 -0.0022882321670612575 5.1586212141651824e-05 0.9999973999996344 214.71420000140677
0.9999567000004326 0.009109498987776125 0.0018820978295543335 -0.3574839368063237 -0.009106736011300494 0.9999573999993709 -0.0014726653562718362 -3.8099870770121895 -0.0018954331672121545 0.0014554616422120246 0.9999972000002022 216.1864000014181
0.9999636000003903 0.008359214987759387 0.0016876758295554335 -0.35598123705745033 -0.008356573011369944 0.999963799999345 -0.001567357356269579 -3.837087077537712 -0.001700717167480577 0.0015531966423376412 0.9999974000002692 217.6615000014275
0.999961300000318 0.008710908987817866 0.0012407258295510993 -0.3604882373094392 -0.008709396011530013 0.999961299999463 -0.001221145356264619 -3.8676190780650512 -0.001251315167354492 0.001210291642278581 0.9999985000002222 219.14190000143915
0.9999614000002599 0.008743634987724383 0.0008939216295577175 -0.3669047375608811 -0.008742048011651847 0.9999601999992672 -0.001766652356260287 -3.8996940785912635 -0.0009093330673428772 0.0017587686422733935 0.9999980000004756 220.61920000145167
0.9999611000002269 0.008794204987678095 0.000693718929561001 -0.3711882378138065 -0.008792778011722286 0.9999591999991699 -0.0020365523562577816 -3.9331700791206354 -0.0007116005673247536 0.0020303736422651293 0.9999977000006058 222.10530000146431
0.9999510000001813 0.009892700987687983 0.00034803492956023206 -0.3755068380664501 -0.009891997011844723 0.9999490999991772 -0.0019766263562537483 -3.961696079649295 -0.0003675713669314351 0.001973086642081474 0.9999980000006436 223.58940000147524
0.9999545000001188 0.0095352709876186 3.0605905652001458e-06 -0.3771503383200108 -0.009535239011966536 0.9999516999990365 -0.002380069356249331 -3.9905030801799106 -2.5755047059127265e-05 0.002379931642141476 0.9999972000008461 225.07890000148578
0.99994960000008 0.010038119987637838 -0.00026045357043621303 -0.37877073857371796 -0.010038680012060337 0.9999469999990707 -0.002264917356246247 -4.017067080710775 0.00023770423312105863 0.0022674176420574336 0.9999974000008499 226.56910000149549
0.9999586000000504 0.009094605987661007 -0.00036509157043790845 -0.37852663882752435 -0.009095365012098929 0.9999562999991304 -0.002127619356245101 -4.048136081241982 0.000345725832783468 0.0021308516422149553 0.9999977000008187 228.06020000150653
0.9999692000000541 0.0078403219875525 -0.00025768627043002166 -0.37866143908134603 -0.007841006012059969 0.9999653999989188 -0.002764804356245852 -4.075078081773115 0.0002360004323347955 0.0027667396424255223 0.9999962000010273 229.55110000151615
0.9999775000000684 0.006708943987612269 -8.900682043436536e-05 -0.37660863933578315 -0.006709141012001933 0.9999745999990577 -0.002414917356248193 -4.099044082305484 7.280302193015368e-05 0.002415459642615105 0.9999971000008738 231.04540000152437
0.9999869000000825 0.005120321987739942 0.00011284512955641358 -0.37457013959060553 -0.00512012801193287 0.9999854999993438 -0.001666319356251146 -4.124994082838708 -0.0001213755686375347 0.0016657186428820255 0.9999986000005727 232.54210000153327
0.999987700000079 0.004961833987814026 0.00010488202955110443 -0.37396263984522526 -0.004961702011936582 0.9999868999995006 -0.001231555356251265 -4.15362408337156 -0.00011099136869411043 0.001231019642908544 0.9999992000004191 234.03780000154336
0.9999858000000692 0.005337974987787009 2.0221419553033477e-05 -0.3764692401007338 -0.005337943011966252 0.9999847999994396 -0.0013897843562501798 -4.186333083906334 -2.7639748559750705e-05 0.0013896556428451734 0.9999990000004899 235.5390000015554
0.9999818000001157 0.006028186987576703 0.0002363443295682568 -0.3784077403569782 -0.006027547011886216 0.9999783999989917 -0.002625311356251876 -4.220226084442681 -0.0002521650683133968 0.002623837642729795 0.9999965000008931 237.04460000156777
0.9999731000002211 0.00730076098771253 0.0007680275295585145 -0.381494340613181 -0.007299344011697575 0.9999716999992602 -0.001833168356258779 -4.253315084978908 -0.0007813892678588348 0.0018275126425152555 0.9999980000005203 238.54990000158006
0.9999700000003333 0.0076150559881263576 0.0014216368295293662 -0.38290654087026527 -0.007615902011471062 0.9999708000001213 0.0005892758437331044 -4.285388085516972 -0.0014171081677455313 -0.0006000851575379948 0.9999987999995459 240.0603000015917
0.9999712000004171 0.007345182988192245 0.0019349618295249641 -0.38209244112746316 -0.007347076011289156 0.9999725000002624 0.0009725277437273481 -4.315103086055241 -0.0019277651678415043 -0.000986715857492596 0.9999976999993219 241.57120000160214
0.999968300000502 0.007596370987921025 0.002404235829544206 -0.3818797413855196 -0.007594896011117717 0.9999708999996926 -0.0006227485562779851 -4.347138086595355 -0.0024088961677527234 0.0006044687424651529 0.9999968999998105 243.0873000016135
0.9999670000005962 0.007564990987688745 0.002950397829561121 -0.37963934164335555 -0.007559141010919461 0.9999693999992075 -0.0019895763562833846 -4.377646087134994 -0.002965359167765238 0.001967207642471034 0.9999937000002043 244.602000001624
0.999957800000661 0.008594223987766929 0.0032604368295557377 -0.3770780419023238 -0.008589250010809565 0.9999618999993583 -0.0015371573562870272 -4.404696087676917 -0.003273523167396693 0.0015090876422982598 0.9999934999999902 246.12310000163322
0.9999617000006648 0.008101686987926963 0.00332683982954434 -0.37215724216188545 -0.00809974701078893 0.9999669999996987 -0.0005968844562881085 -4.432022088220115 -0.0033315661675717427 0.000569914842380404 0.9999942999996437 247.6477000016421
0.999962000000613 0.00817963198805288 0.0030225638295352793 -0.3683885424207621 -0.008180107010899473 0.9999664999999609 0.00014400354371514265 -4.458219088761838 -0.003021285167543166 -0.00016872295763270355 0.9999953999994317 249.16820000165083
0.9999599000005781 0.008505823988109108 0.0027981178295312177 -0.3658944426809195 -0.008507187010980426 0.9999637000000744 0.0004745745437176165 -4.48706308930629 -0.0027939791674262853 -0.0004983595576873095 0.9999959999993521 250.6964000016607
0.9999463000006025 0.009971467988125978 0.002839531829530132 -0.3629857429410465 -0.0099731220109661 0.9999501000000917 0.0005680794437171917 -4.511301089850567 -0.0028337261669017276 -0.0005963677579323035 0.9999957999993117 252.22410000166877
0.9999354000006492 0.010951209988131773 0.003044267829529896 -0.3598899432020578 -0.010953070010893354 0.9999398000000919 0.0005963356437149534 -4.535745090396701 -0.003037554166550762 -0.0006296411580956447 0.9999951999992668 253.75700000167694
0.9999290000006371 0.011551569988136091 0.002931933829529553 -0.35652834346285145 -0.011553440010933527 0.9999330000000933 0.0006206592437161917 -4.558441090942339 -0.0029245681663357887 -0.0006544889581955618 0.9999954999992771 255.28850000168444
0.99994590000062 0.009972902988189666 0.002944503829525772 -0.3518994437241109 -0.009975714010930023 0.9999498000002247 0.0009406378437161475 -4.58494009148906 -0.002934975166900735 -0.0009699603579324405 0.9999951999991608 256.82300000169306
0.9999600000005848 0.008473833988342982 0.002849623829515097 -0.3474488439859995 -0.00847911601096621 0.9999623000005634 0.0018461636437176387 -4.611578092037098 -0.0028338731674363024 -0.0018702513576813547 0.9999941999988544 258.3612000017017
0.9999798000005615 0.005649028988515253 0.0029116178295033137 -0.3407995442480484 -0.005657374010944544 0.9999799000009577 0.0028656676437177854 -4.637604092585481 -0.0028953711684449233 -0.0028820813572060953 0.9999916999984807 259.9003000017098
0.9999882000004896 0.0041113339883816985 0.0025899618295121426 -0.33467764450939846 -0.004116750011056517 0.9999893000006972 0.0020886316437206407 -4.662237093132364 -0.0025813481689952035 -0.0020992693569473237 0.9999944999988124 261.43520000171753
0.9999932000004279 0.0028874709881402416 0.0023074918295286104 -0.3291338447712637 -0.002889040011154839 0.9999956000002076 0.0006765811437230993 -4.6865510936803085 -0.0023055281694334285 -0.0006832427567409465 0.9999970999993635 262.9731000017252
0.9999954000005027 0.0009355650884476697 0.0028836618295076965 -0.3253738450331214 -0.0009427296109497389 0.9999964000008735 0.0024840776437177288 -4.715745094228338 -0.002881328170127176 -0.0024867843564084983 0.9999927999986215 264.511300001735
0.9999945000005666 -0.00012341391112191593 0.0033291628294792853 -0.3249046452962525 0.00010672888921001774 0.9999874000017855 0.005011497643716273 -4.748173094779071 -0.003329740170500892 -0.005011114356224769 0.9999818999976452 266.0572000017465
0.9999919000005667 -0.002066105011294077 0.0034594138294905988 -0.32081794555843857 0.0020522339892591807 0.9999898000014491 0.004008458643713254 -4.788372095328065 -0.0034676601711935355 -0.004001325355894468 0.9999859999979803 267.5981000017601
0.999988700000606 -0.002908690011556587 0.0037508758295083286 -0.31739434582044995 0.002899427989362666 0.9999927000009105 0.0024724546437083755 -4.824679095876588 -0.0037580401714948026 -0.0024615513557518743 0.9999898999984778 269.13770000177243
0.9999885000007271 -0.0019380310115701845 0.0043959938295097195 -0.31660244608236654 0.0019275359895915838 0.9999953000008704 0.002390466643701504 -4.866052096425009 -0.00440060617114853 -0.0023819653559182634 0.9999874999983971 270.677100001787
0.999984900000929 -0.0004661324115043128 0.005479802829506237 -0.3155943463446335 0.0004509531899765454 0.9999960000009904 0.002770952643690768 -4.906588096974144 -0.005481073170621882 -0.002768439356169417 0.9999811999980769 272.21850000180126
0.9999785000011125 0.0012329329884259166 0.006440202829512066 -0.31404014660771634 -0.0012480980096827264 0.9999964000008243 0.0023511796436809407 -4.950219097525068 -0.006437281170015502 -0.0023591673564591895 0.9999764999980629 273.76490000181656
0.9999697000012905 0.0024245889884123954 0.007402641829514229 -0.3112309468701741 -0.0024413930093406776 0.9999944000007817 0.002261699643671694 -4.987626098074546 -0.007397117169588889 -0.002279703356661612 0.9999700999979306 275.3072000018294
0.9999614000014343 0.003182728988351978 0.008193148829519508 -0.31142064713313644 -0.0031983900090591646 0.9999931000006466 0.0018990446436641865 -5.039836098625414 -0.008187048169317793 -0.0019251753567903849 0.9999645999979249 276.853500001848
0.9999530000015813 0.0035402419882497316 0.009029622829527817 -0.30620264739542674 -0.00355206300876055 0.9999928000004288 0.0012933266436563778 -5.082755099174706 -0.00902498016919036 -0.0013253393568512224 0.9999583999979981 278.3952000018624
0.9999461000017295 0.0030023259881710317 0.0099354168295347 -0.30112924765901317 -0.0030107600084370335 0.9999951000002707 0.000833953043648416 -5.134136099726919 -0.009932865169382018 -0.0008638211567603477 0.999950299998007 279.94510000187984
0.9999391000018655 0.0024120819881982285 0.010774539829534245 -0.28975364792289754 -0.002422969008137973 0.9999965000003346 0.0009974194436415014 -5.172038100279493 -0.010772100169590225 -0.0010234643566602308 0.9999414999978058 281.4958000018914
0.9999325000019817 0.001490614988420734 0.011521569829520295 -0.2764899481873433 -0.0015173430078721391 0.9999962000008107 0.0023114126436362937 -5.210037100833265 -0.011518080169911725 -0.0023287383565030444 0.9999309999972105 283.0498000019027
0.9999296000020237 6.994982849019542e-05 0.011864409829516089 -0.25992334845130205 -0.00010240840774881129 0.9999962000009729 0.0027352036436340045 -5.241690101385902 -0.011864170170415302 -0.002736226356260871 0.9999258999970011 284.60050000191114
0.9999287000020264 -0.0005783054119125491 0.011926799829543793 -0.24472964871422181 0.000573805792273589 0.9999997000001392 0.0003807032436322277 -5.277598101936454 -0.01192702017065605 -0.0003738324561516188 0.9999287999978291 286.14540000192125
0.9999319000019539 -0.0014922950123514669 0.011572369829574181 -0.23015834897874535 0.0015176649921460304 0.9999963999992328 -0.0021838313563642023 -5.31624410249042 -0.011569070170992847 0.0022012446440053536 0.9999306999988032 287.6999000019326
0.999941800001814 -0.001171813012402254 0.01072947982957632 -0.21708054924312892 0.0011985569918457535 0.9999961999991229 -0.0024864783563572066 -5.355148103044082 -0.010726520170880851 0.002499192643950794 0.9999393999990548 289.2536000019441
0.9999459000016736 -0.0027833880122890044 0.010021369829566683 -0.20452514950806655 0.002801632991592683 0.9999943999993789 -0.001806982356351862 -5.390475103598809 -0.010016290171452646 0.0018349606442261517 0.9999481999989336 290.81030000195454
0.9999558000015017 -0.0026817870123928534 0.00900787082957261 -0.1926927497733905 0.002703688991230982 0.9999933999991606 -0.00241999535634268 -5.424878104154309 -0.009001322171419444 0.002444242644209188 0.9999564999993249 292.36920000196477
0.9999614000014094 -0.0024120340124384205 0.00844723282957514 -0.18282715003927194 0.0024348449910311883 0.999993399999062 -0.0026910883563374616 -5.462578104711032 -0.008440686171324624 0.002711551644163204 0.9999606999995172 293.93160000197656
0.9999673000012891 -0.002373487012351571 0.00773756482956787 -0.1753107503062725 0.002390448990778769 0.9999946999992431 -0.002183543356331456 -5.502144105270116 -0.007732342171309814 0.0022019676441561707 0.9999676999994573 295.5007000019894
0.9999723000011389 -0.002819612012299208 0.0068872088295630195 -0.1681708505736879 0.0028325909904757312 0.9999941999993579 -0.001875372356323695 -5.542654105830084 -0.00688188117146818 0.0018948286442323976 0.9999744999994925 297.0723000020025
0.9999769000009548 -0.0034668370121666526 0.005851378829552369 -0.1571664508422968 0.00347331399010719 0.9999932999996427 -0.001096977356314069 -5.573209106392344 -0.005847537171697223 0.0011172756443430477 0.9999822999993917 298.6502000020116
0.9999842000008792 -0.0018847480118984942 0.005291488829533034 -0.14983015111234865 0.001882307989909321 0.9999981000001844 0.000466142243691353 -5.605662106957622 -0.005292358171131672 -0.00045617455592834844 0.9999858999989303 300.2367000020219
0.9999815000009933 -0.0013581350118004243 0.0059231528295268475 -0.14365675138204362 0.0013520009901345745 0.999998500000383 0.0010395446436852127 -5.638056107522139 -0.005924556170942288 -0.0010315173560182587 0.9999818999986185 301.8211000020324
0.9999759000011655 -0.0007817355118902072 0.006894867829534173 -0.13623085165297408 0.0007782358904804568 0.9999995000001886 0.0005102683436756415 -5.674045108089343 -0.006895264170736927 -0.0005048901561168711 0.9999760999986413 303.413000002044
0.9999714000012152 -0.0020661710119682587 0.007276387829539987 -0.12457965192474967 0.0020657749906163253 0.9999978000000407 6.192127367199885e-05 -5.704927108658237 -0.0072765001711948465 -4.688813589731638e-05 0.9999734999987357 305.00950000205296
0.9999651000012242 -0.003784307012118711 0.007453065829550677 -0.11130755219691217 0.003790432990678192 0.9999924999997467 -0.0008078687563295465 -5.740563109228075 -0.007449952171808182 0.0008360906443974503 0.9999718999990157 306.6086000020633
0.9999552000012543 -0.005428677012450336 0.007758260829574789 -0.10099055246974177 0.005450079990782794 0.9999813999990729 -0.0027401383563311695 -5.775938109799269 -0.0077432411723977424 0.0027822986446817068 0.9999661999996522 308.21160000207414
0.9999537000012508 -0.005687325012618623 0.007763488829587157 -0.09649995274318691 0.005716382990782413 0.9999766999987243 -0.0037256473563300548 -5.821106110371924 -0.007742119172492358 0.00376985264472747 0.9999629000000024 309.8189000020895
0.9999708000008959 -0.005147094012772193 0.0056443968295963555 -0.09324946301784781 0.005173321990026335 0.9999757999983968 -0.004641742356308379 -5.863046110947021 -0.00562036917230181 0.0046708066446356986 0.99997330000069 311.4331000021039
0.999985000000542 -0.0042213160126999775 0.0034966698295894718 -0.09658439329199749 0.0042361029892632115 0.999981999998537 -0.004231981356286792 -5.907766111521043 -0.003478743171970349 0.004246729644475678 0.99998490000091 313.04450000212046
0.999992200000495 -0.00248476801216158 0.0030841298295500486 -0.10652305356824915 0.0024881089891215843 0.9999962999996417 -0.0010796363562853455 -5.952029112099368 -0.0030814361713488525 0.0010873006441745698 0.9999946999998574 314.6682000021379
0.9999867000005674 -0.0037169610116022877 0.0035839828295112877 -0.1079811538451476 0.0037090679893035917 0.9999907000008252 0.0022066296437099125 -5.990688112679004 -0.003592151171782881 -0.002193306355613385 0.9999911999986013 316.2953000021518
0.9999815000005913 -0.00476709401145894 0.0037902468295016767 -0.10866965412229902 0.004755539989379387 0.9999840000011374 0.0030518526437085113 -6.032426113259257 -0.003804734172154801 -0.003033771355431988 0.9999881999982652 317.9241000021667
0.9999725000006217 -0.00619481801168352 0.004072382829517032 -0.10584195439945175 0.006187769989478657 0.999979300000685 0.0017412286437044201 -6.068362113839409 -0.004083086172663499 -0.0017159813551869399 0.9999901999986841 319.55250000217904
0.9999660000006706 -0.006964861011677952 0.004412162829516836 -0.10396985467681256 0.006957069989600342 0.9999742000007058 0.001779037643700885 -6.106845114420048 -0.004424440172936453 -0.0017482803550538583 0.9999886999986125 321.18230000219245
0.9999660000007061 -0.006841180011606616 0.004609290829512104 -0.10091795495450338 0.006831104989671509 0.9999742000008535 0.0021983196436991294 -6.143404115001344 -0.0046242111728915765 -0.0021667583550749403 0.9999869999984295 322.8139000022049
0.9999627000007877 -0.00697615401164144 0.005098732829514843 -0.09883118523114218 0.006966044989845513 0.9999737000007821 0.0019980236436939803 -6.18528211558056 -0.0051125381729390865 -0.0019624303550517547 0.9999849999984175 324.4397000022194
0.9999691000008865 -0.005531858011743539 0.0055825568295223196 -0.09648443550827784 0.005524151990015599 0.9999837000005518 0.0013950656436887206 -6.224088116160742 -0.005590184172426502 -0.0013641833553015184 0.99998349999855 326.06820000223274
0.9999692000010096 -0.004739913011872614 0.0062548228295319615 -0.09411057578549614 0.004736021990253426 0.9999886000002726 0.0006369860436818452 -6.268819116741243 -0.006257771172145746 -0.0006073433554382628 0.9999801999987054 327.69760000224835
0.9999576000011415 -0.005867213011567906 0.007096037829511833 -0.08496961606233394 0.005850058990557239 0.9999799000009226 0.0024358696436747266 -6.305428117320829 -0.007110188172540644 -0.0023942543552429967 0.9999718999979209 329.32420000225983
0.9999510000011543 -0.0067667780113792285 0.00722405682949923 -0.07442723633917117 0.006741272990606365 0.9999710000013275 0.0035493516436747247 -6.342113117900432 -0.0072478651728570135 -0.0035004773550864807 0.9999675999975024 330.9508000022711
0.9999441000010869 -0.00798853801162919 0.0069226008295156455 -0.06421236661472252 0.007974251990496433 0.9999660000008196 0.002089081643676091 -6.372244118477181 -0.006939054173295087 -0.0020337623548764353 0.9999738999980742 332.56940000228
0.9999502000010982 -0.007183819011610791 0.0069347288295144634 -0.05844900689036259 0.007168775990500359 0.9999719000008487 0.0021919336436760526 -6.41349711905434 -0.006950281173009175 -0.0021421103550157126 0.9999735999980356 334.1893000022938
0.9999652000011076 -0.0047874340118396735 0.0068333158295302765 -0.05434966716489077 0.004781850990459904 0.999988200000342 0.0008332569436763058 -6.450780119629057 -0.00683722517216139 -0.0008005519554300181 0.999976299998537 335.80240000230646
0.9999750000009957 -0.003571959012573704 0.0061092988295821495 -0.04949753743837693 0.0035932879901960026 0.9999874999987935 -0.0034837113563146644 -6.492551120201717 -0.006096779171739636 0.003505575644363031 0.9999753000001984 337.4097000023205
0.999984300000867 -0.001994183012379822 0.005234119829567261 -0.045480477712587564 0.0020065439898868855 0.9999951999991799 -0.0023571823563071055 -6.532188120775826 -0.005229394171175944 0.002367647644091336 0.9999834999999463 339.021100002334
0.9999894000007261 -0.0014623010117953295 0.004362283829525152 -0.04257012798615531 0.0014576569895784698 0.9999983000003952 0.0010677786437010544 -6.57139712134857 -0.004363838170981274 -0.001061409356000431 0.9999898999988748 340.6287000023475
0.9999945000005589 -0.00028266401124101416 0.0032994258294870627 -0.03930301826151626 0.0002684305891996351 0.9999906000015393 0.004313589643715421 -6.601811121924843 -0.0033006141705584817 -0.004312679356198769 0.9999852999978996 342.24620000235774
0.9999978000003585 0.00020624168854479287 0.0020916998295007773 -0.0368100885350589 -0.00021263351123130848 0.999995300001086 0.003056042643727071 -6.6289181224972245 -0.0020910591703876672 -0.0030564803562837875 0.9999931999985534 343.85280000236696
0.9999999000000407 -0.0004441106118028505 0.00027165662952411817 -0.03514664880746424 0.00044383408812066435 0.9999994000003674 0.0010174896437466245 -6.652782123067139 -0.0002721083706218939 -0.0010173693561743892 0.99999949999959 345.4525000023752
0.9999976999997057 -0.001439658011535754 -0.0016258051704939147 -0.03454795908040289 0.0014438529874458844 0.9999956000009373 0.0025816396437708094 -6.67764412363818 0.0016220818290222218 -0.002583980356003329 0.9999953999993563 347.0554000023839
0.999991899999517 -0.0030626060113873553 -0.0026254891705034485 -0.0370718093527284 0.0030716469870922586 0.9999893000012667 0.003446058643784491 -6.708152124208043 0.0026149078284433075 -0.003454094355724429 0.9999905999992186 348.6551000023952
0.9999896999994395 -0.003341987011549946 -0.0030575111704922737 -0.041563379624798405 0.003349606986937581 0.9999913000009303 0.0024902006437890955 -6.737239124777312 0.0030491628283446587 -0.0025004163556775184 0.9999921999996327 350.25320000240634
0.9999865999993944 -0.004006270011703104 -0.0032736661704816823 -0.05261023989619069 0.0040114889868599155 0.9999907000006181 0.0015887816437912573 -6.773059125345257 0.0032672708281093915 -0.0016018923555640688 0.9999933999999907 351.84780000242097
0.99998629999939 -0.004071348011693311 -0.003294287170482332 -0.0627708101683011 0.004076786986852693 0.9999903000006393 0.0016459096437915753 -6.805862125914637 0.0032875548280861797 -0.0016593163555528325 0.9999931999999736 353.4464000024343
0.9999842999993894 -0.004565924011722916 -0.0032633151704803015 -0.0750661204391428 0.004570742986863758 0.9999884000005832 0.001470617643791062 -6.8435641264814615 0.0032565628279105493 -0.0014855103554678485 0.9999936000000307 355.0379000024498
0.9999809999993758 -0.0052158290118252335 -0.003293599170473186 -0.08570362071020744 0.00521871498685223 0.999986000000377 0.0008679436437912115 -6.882552127048804 0.0032890268276802707 -0.0008851153553562091 0.9999942000002505 356.63080000246555
0.9999795999993519 -0.005401737011937805 -0.003418004170465245 -0.09729995098094588 0.0054024749868067145 0.999985400000144 0.00020623674379273752 -6.921763127615459 0.0034168408276150455 -0.000224698155324306 0.9999941000005075 358.2218000024814
0.9999769999993587 -0.005897304011876764 -0.0033457771704695507 -0.10910146125166029 0.005899220986833264 0.9999824000002776 0.000562850543791801 -6.958715128182005 0.0033423998274385233 -0.0005825750552387606 0.9999943000003685 359.8125000024967
0.999979699999376 -0.0054687440120479765 -0.003269773170457598 -0.12230146152245626 0.005467335986858266 0.9999848999999146 -0.00043952095620921553 -6.995935128748712 0.003272127827591923 0.00042163504468729354 0.9999946000007127 361.40370000251215
0.9999704999993682 -0.006990990012255775 -0.0031993921704427477 -0.13222066179223618 0.006985694986880171 0.9999741999994983 -0.0016638123562096655 -7.034017129313358 0.003210941827052575 0.0016414126449505921 0.999993500001137 362.9890000025273
0.9999603999993733 -0.008343867012002688 -0.003084171170460771 -0.1419952620641228 0.008343343986924948 0.9999652000000432 -0.00018310005621165193 -7.072717129882421 0.003085591826570634 0.00015736044518441694 0.9999952000005897 364.5867000025429
0.9999447999993327 -0.010007190011805167 -0.0032156831704744223 -0.1552999623358953 0.010010349986882298 0.9999494000004755 0.0009681149437902074 -7.112398130451227 0.0032058328259794216 -0.0010002513545264164 0.9999944000002021 366.1838000025593
0.999939299999334 -0.010557610011924035 -0.0031631051704661545 -0.1668615626077643 0.01055851998689866 0.9999442000002335 0.0002692063437893645 -7.146884131020127 0.0031600858257850727 -0.0003025876544307379 0.9999950000004421 367.78110000257357
0.99995149999941 -0.009444498012074103 -0.0027860771704558583 -0.18589116288094798 0.00944285398702977 0.999955199999907 -0.0006033257562154708 -7.1882901315918595 0.0027916508261804493 0.0005769879453755968 0.9999959000006886 369.38660000259165
0.9999696999995175 -0.007434945011861436 -0.0023074701704711284 -0.20291856315132298 0.007436475987203801 0.9999721000003279 0.0006546480437783691 -7.225081132157631 0.00230253882689212 -0.0006717875549729779 0.9999971000001587 370.9753000026077
0.9999797999996192 -0.006100116011811553 -0.001805530170474851 -0.2229981634303765 0.006101846987382823 0.9999809000004163 0.0009540587437720726 -7.268840132741676 0.0017996758273658609 -0.0009650562552036525 0.9999978999999667 372.61540000262676
0.9999826999996869 -0.005698435011854581 -0.001435322170472001 -0.23781346370435144 0.005699451987514029 0.9999835000003215 0.0007046582437673541 -7.3068081333150285 0.0014312828275087203 -0.000712826555273051 0.9999986999999925 374.22530000264277
0.9999819999997243 -0.005879431011990582 -0.0011999671704625609 -0.25198936396910226 0.005879325987596259 0.9999827000000394 -9.211585623567788e-05 -7.344936133869113 0.00120048782744476 8.505919475808614e-05 0.9999993000002362 375.7811000026588
0.999983199999774 -0.005717950012032613 -0.0009178672704596648 -0.26258786424248914 0.005717643987696247 0.9999835999999496 -0.0003368164562391274 -7.379336134441195 0.0009197782275021552 0.0003315626447302386 0.9999995000002753 377.3873000026729
0.999985499999817 -0.005335829012041979 -0.0006929260704590615 -0.27040126451576574 0.005335560987776299 0.9999856999999255 -0.0003900624562418925 -7.414418135013098 0.0006949974276378807 0.0003863595446643526 0.999999700000256 378.9929000026867
0.9999911999998838 -0.004183305012022037 -0.00038135707046052655 -0.2783585647905212 0.004183202987887564 0.9999911999999535 -0.0002705878562456953 -7.448411135588062 0.00038248572804743707 0.00026899004446592973 0.9999999000001604 380.6071000027001
0.9999957999999552 -0.002891363011899184 -5.6859640469179244e-05 -0.28779256506505746 0.00289138898800398 0.9999957000001949 0.0004518739437504178 -7.485057136162615 5.555286850686246e-05 -0.000452036355755902 0.9999998999998475 382.22020000271476
0.9999985000000146 -0.001738505012004054 0.0002114520295381626 -0.29608666534086764 0.0017385389880989676 0.999998499999962 -0.00016259795625283072 -7.522079136739854 -0.00021116907108289422 0.00016296524404657906 1.0000000000000204 383.84080000272945
0.9999995000000709 -0.0008743833121038073 0.00048129662954523764 -0.30396526561494386 0.0008747431881949562 0.9999992999997432 -0.0007476728562559195 -7.558709137313466 -0.0004806425707753368 0.0007480933438989918 0.999999600000183 385.45120000274386
0.9999997000001355 -0.00012795231208753786 0.0008073790295441148 -0.3110174658900601 0.00012847908831132464 0.9999997999997683 -0.0006525096562597894 -7.596748137889296 -0.0008072953705095138 0.0006526130437715744 0.9999995000000936 387.0678000027587
0.9999988000001936 0.0011165429880692537 0.0010609188295331317 -0.316453866165436 -0.0011168260115984163 0.9999993000000811 0.00026596614373720906 -7.631598138465608 -0.0010606211700657198 -0.00026715065644038747 0.999999399999723 388.6857000027721
0.9999964000002735 0.0022412379881917854 0.001452394829524703 -0.32065826644122836 -0.0022426670114596026 0.9999970000003237 0.0009825509437328408 -7.664429139042755 -0.001450189169664229 -0.000985804556631287 0.9999984999994012 390.30590000278454
0.9999941000003475 0.0029033669880782704 0.001839557829532738 -0.3238003667187039 -0.002903950011321191 0.9999957000000784 0.00031445764372827595 -7.6961951396234065 -0.0018386371694282541 -0.000319797756743694 0.9999982999995731 391.9359000027964
0.9999935000003907 0.002925451988102951 0.0020917418295311155 -0.32378966699477096 -0.002926418011231497 0.9999956000001297 0.0004584593437254694 -7.731691140201244 -0.0020903911694201472 -0.0004645776567474229 0.9999976999994789 393.5579000028091
