0.000000 -0.000000 0.000000 -0.000000
-0.140643 2.574964 -0.140643 2.574964
-0.281220 5.148987 -0.281220 5.148987
-0.421837 7.724036 -0.421837 7.724036
-0.562431 10.298960 -0.562431 10.298960
-0.701879 12.869650 -0.701879 12.869650
-0.854664 15.479570 -0.854664 15.479570
-1.011589 18.173180 -1.011589 18.173180
-1.171840 20.913680 -1.171840 20.913680
-1.334841 23.709530 -1.334841 23.709530
-1.487044 26.544710 -1.487044 26.544710
-1.633363 29.422930 -1.633363 29.422930
-1.768976 32.357140 -1.768976 32.357140
-1.929780 35.330970 -1.929780 35.330970
-2.126953 38.471510 -2.126953 38.471510
-2.329940 41.561110 -2.329940 41.561110
-2.535885 44.597900 -2.535885 44.597900
-2.728914 47.592750 -2.728914 47.592750
-2.937935 50.537730 -2.937935 50.537730
-3.130185 53.464980 -3.130185 53.464980
-3.310922 56.350390 -3.310922 56.350390
-3.511313 59.225400 -3.511313 59.225400
-3.703384 62.006320 -3.703384 62.006320
-3.912602 64.697860 -3.912602 64.697860
-4.114442 67.264550 -4.114442 67.264550
-4.313021 69.714240 -4.313021 69.714240
-4.514875 72.037350 -4.514875 72.037350
-4.709494 74.175390 -4.709494 74.175390
-4.891889 76.138280 -4.891889 76.138280
-5.039038 77.925340 -5.039038 77.925340
-5.159772 79.592300 -5.159772 79.592300
-5.235209 81.135380 -5.235209 81.135380
-5.207469 82.555940 -5.207469 82.555940
-5.029560 83.885300 -5.029560 83.885300
-4.680938 85.118200 -4.680938 85.118200
-4.130089 86.200010 -4.130089 86.200010
-3.393066 87.095580 -3.393066 87.095580
-2.508137 87.820100 -2.508137 87.820100
-1.511055 88.343490 -1.511055 88.343490
-0.450022 88.747950 -0.450022 88.747950
0.676345 89.023150 0.676345 89.023150
1.832910 89.277150 1.832910 89.277150
3.089762 89.418990 3.089762 89.418990
4.475771 89.556060 4.475771 89.556060
5.974572 89.621010 5.974572 89.621010
7.614093 89.671530 7.614093 89.671530
9.420230 89.707860 9.420230 89.707860
11.388370 89.721450 11.388370 89.721450
13.505010 89.738680 13.505010 89.738680
15.773680 89.805260 15.773680 89.805260
18.156510 89.929480 18.156510 89.929480
20.581930 90.082780 20.581930 90.082780
23.034320 90.227690 23.034320 90.227690
25.478370 90.365000 25.478370 90.365000
27.909920 90.499220 27.909920 90.499220
30.340320 90.588890 30.340320 90.588890
32.740690 90.598330 32.740690 90.598330
35.110390 90.529620 35.110390 90.529620
37.430830 90.386730 37.430830 90.386730
39.683630 90.176290 39.683630 90.176290
41.863240 89.910310 41.863240 89.910310
43.959460 89.634420 43.959460 89.634420
45.922800 89.378560 45.922800 89.378560
47.726310 89.193250 47.726310 89.193250
49.366470 89.121130 49.366470 89.121130
50.939410 89.191540 50.939410 89.191540
52.464070 89.450930 52.464070 89.450930
53.889450 89.945260 53.889450 89.945260
55.133190 90.660970 55.133190 90.660970
56.158450 91.620300 56.158450 91.620300
56.967930 92.764920 56.967930 92.764920
57.539920 94.061200 57.539920 94.061200
57.927200 95.446880 57.927200 95.446880
58.277310 96.884370 58.277310 96.884370
58.589460 98.403450 58.589460 98.403450
58.940360 100.002400 58.940360 100.002400
59.343230 101.692600 59.343230 101.692600
59.798800 103.499800 59.798800 103.499800
60.309140 105.392300 60.309140 105.392300
60.819120 107.363700 60.819120 107.363700
61.355080 109.477800 61.355080 109.477800
61.874140 111.669200 61.874140 111.669200
62.417580 113.964900 62.417580 113.964900
62.973720 116.373200 62.973720 116.373200
63.512460 118.836400 63.512460 118.836400
64.057360 121.342700 64.057360 121.342700
64.655860 123.876700 64.655860 123.876700
65.262090 126.422600 65.262090 126.422600
65.864770 128.941000 65.864770 128.941000
66.510510 131.382800 66.510510 131.382800
67.135460 133.867500 67.135460 133.867500
67.748220 136.262500 67.748220 136.262500
68.311480 138.668800 68.311480 138.668800
68.830800 141.066900 68.830800 141.066900
69.359830 143.451000 69.359830 143.451000
69.844620 145.829800 69.844620 145.829800
70.257380 148.240700 70.257380 148.240700
70.634070 150.615300 70.634070 150.615300
70.952630 153.048800 70.952630 153.048800
71.236680 155.482600 71.236680 155.482600
71.430750 157.958600 71.430750 157.958600
71.592060 160.420500 71.592060 160.420500
71.705560 162.889100 71.705560 162.889100
71.811250 165.386800 71.811250 165.386800
71.901490 167.846500 71.901490 167.846500
71.944200 170.358200 71.944200 170.358200
71.944230 172.867000 71.944230 172.867000
71.880770 175.411200 71.880770 175.411200
71.759300 177.947700 71.759300 177.947700
71.629380 180.489300 71.629380 180.489300
71.495820 183.069400 71.495820 183.069400
71.389860 185.611000 71.389860 185.611000
71.229200 188.181800 71.229200 188.181800
71.075770 190.694700 71.075770 190.694700
70.908190 193.208300 70.908190 193.208300
70.732240 195.676300 70.732240 195.676300
70.587330 197.902600 70.587330 197.902600
70.462020 200.022200 70.462020 200.022200
70.336670 202.141700 70.336670 202.141700
70.211280 204.261000 70.211280 204.261000
70.085900 206.379000 70.085900 206.379000
69.986060 208.445300 69.986060 208.445300
70.007780 210.375700 70.007780 210.375700
70.026080 212.295900 70.026080 212.295900
70.017620 214.252400 70.017620 214.252400
70.013230 216.217200 70.013230 216.217200
69.972110 218.270700 69.972110 218.270700
69.934360 220.317400 69.934360 220.317400
69.972850 222.305500 69.972850 222.305500
69.981630 224.353700 69.981630 224.353700
69.981870 226.399100 69.981870 226.399100
69.949190 228.454500 69.949190 228.454500
69.907170 230.454300 69.907170 230.454300
69.859830 232.418200 69.859830 232.418200
69.810200 234.247600 69.810200 234.247600
69.754960 235.896800 69.754960 235.896800
69.602960 237.437200 69.602960 237.437200
69.315000 238.920100 69.315000 238.920100
68.846420 240.276600 68.846420 240.276600
68.166090 241.479400 68.166090 241.479400
67.318270 242.492800 67.318270 242.492800
66.332240 243.344200 66.332240 243.344200
65.260110 243.991900 65.260110 243.991900
64.140300 244.474300 64.140300 244.474300
62.867510 244.772700 62.867510 244.772700
61.458940 244.926000 61.458940 244.926000
59.947420 244.952000 59.947420 244.952000
58.335370 244.902100 58.335370 244.902100
56.595980 244.824000 56.595980 244.824000
54.694040 244.743800 54.694040 244.743800
52.650420 244.604800 52.650420 244.604800
50.451970 244.390700 50.451970 244.390700
48.058070 244.235000 48.058070 244.235000
45.515050 244.100900 45.515050 244.100900
42.921790 243.969200 42.921790 243.969200
40.316590 243.840300 40.316590 243.840300
37.706940 243.722400 37.706940 243.722400
35.094890 243.629800 35.094890 243.629800
32.472950 243.489000 32.472950 243.489000
29.851950 243.348200 29.851950 243.348200
27.264200 243.258500 27.264200 243.258500
24.724050 243.174900 24.724050 243.174900
22.210390 243.091000 22.210390 243.091000
19.736330 242.979500 19.736330 242.979500
17.311070 242.850400 17.311070 242.850400
14.901790 242.682800 14.901790 242.682800
12.542000 242.455300 12.542000 242.455300
10.258080 242.218100 10.258080 242.218100
8.077281 241.997300 8.077281 241.997300
6.032146 241.805400 6.032146 241.805400
4.114420 241.647100 4.114420 241.647100
2.325909 241.523700 2.325909 241.523700
0.684853 241.422100 0.684853 241.422100
-0.804697 241.361800 -0.804697 241.361800
-2.147061 241.322400 -2.147061 241.322400
-3.335045 241.321100 -3.335045 241.321100
-4.362696 241.347700 -4.362696 241.347700
-5.195608 241.375100 -5.195608 241.375100
-5.787975 241.411000 -5.787975 241.411000
-6.148943 241.435700 -6.148943 241.435700
-6.347609 241.453500 -6.347609 241.453500
-6.441034 241.457400 -6.441034 241.457400
-6.441440 241.456100 -6.441440 241.456100
-6.439927 241.462600 -6.439927 241.462600
-6.440440 241.482800 -6.440440 241.482800
-6.480607 241.498100 -6.480607 241.498100
-6.560264 241.507700 -6.560264 241.507700
-6.742488 241.516100 -6.742488 241.516100
-7.099251 241.541700 -7.099251 241.541700
-7.627305 241.597900 -7.627305 241.597900
-8.293171 241.705000 -8.293171 241.705000
-9.050632 241.890800 -9.050632 241.890800
-9.863606 242.207700 -9.863606 242.207700
-10.727660 242.661600 -10.727660 242.661600
-11.566170 243.294100 -11.566170 243.294100
-12.317670 244.121800 -12.317670 244.121800
-12.969870 245.164100 -12.969870 245.164100
-13.469580 246.441200 -13.469580 246.441200
-13.828110 247.877300 -13.828110 247.877300
-14.057520 249.558000 -14.057520 249.558000
-14.176210 251.405900 -14.176210 251.405900
-14.264690 253.405000 -14.264690 253.405000
-14.328890 255.544200 -14.328890 255.544200
-14.399650 257.837600 -14.399650 257.837600
-14.471380 260.263200 -14.471380 260.263200
-14.561590 262.807800 -14.561590 262.807800
-14.652820 265.491700 -14.652820 265.491700
-14.739760 268.254400 -14.739760 268.254400
-14.858340 271.134800 -14.858340 271.134800
-14.973530 274.134700 -14.973530 274.134700
-15.069550 277.175700 -15.069550 277.175700
-15.175210 280.293600 -15.175210 280.293600
-15.297230 283.446400 -15.297230 283.446400
-15.436590 286.619600 -15.436590 286.619600
-15.585790 289.810900 -15.585790 289.810900
-15.736240 292.959600 -15.736240 292.959600
-15.885310 296.071900 -15.885310 296.071900
-16.046970 299.165600 -16.046970 299.165600
-16.219660 302.246300 -16.219660 302.246300
-16.389710 305.314100 -16.389710 305.314100
-16.559690 308.378300 -16.559690 308.378300
-16.709350 311.458900 -16.709350 311.458900
-16.839300 314.563300 -16.839300 314.563300
-16.972270 317.709200 -16.972270 317.709200
-17.118400 320.893100 -17.118400 320.893100
-17.281700 324.127200 -17.281700 324.127200
-17.454380 327.375400 -17.454380 327.375400
-17.614190 330.593900 -17.614190 330.593900
-17.775860 333.802500 -17.775860 333.802500
-17.959610 336.995200 -17.959610 336.995200
-18.128440 340.134300 -18.128440 340.134300
-18.295640 343.191900 -18.295640 343.191900
-18.453080 346.169000 -18.453080 346.169000
-18.632610 349.056200 -18.632610 349.056200
-18.817710 351.841100 -18.817710 351.841100
-18.986450 354.488400 -18.986450 354.488400
-19.124870 356.982400 -19.124870 356.982400
-19.220930 359.289500 -19.220930 359.289500
-19.310450 361.377700 -19.310450 361.377700
-19.390050 363.254000 -19.390050 363.254000
-19.458340 364.945900 -19.458340 364.945900
-19.552440 366.417400 -19.552440 366.417400
-19.716910 367.755600 -19.716910 367.755600
-19.992010 369.044200 -19.992010 369.044200
-20.413100 370.267200 -20.413100 370.267200
-20.994480 371.390500 -20.994480 371.390500
-21.767920 372.412000 -21.767920 372.412000
-22.740410 373.381300 -22.740410 373.381300
-23.931400 374.199500 -23.931400 374.199500
-25.311900 374.775400 -25.311900 374.775400
-26.849130 375.102700 -26.849130 375.102700
-28.541320 375.088500 -28.541320 375.088500
-30.331610 374.930400 -30.331610 374.930400
-32.178580 374.714400 -32.178580 374.714400
-34.124600 374.519300 -34.124600 374.519300
-36.192510 374.312000 -36.192510 374.312000
-38.360350 374.089000 -38.360350 374.089000
-40.674090 373.890900 -40.674090 373.890900
-43.125350 373.717400 -43.125350 373.717400
-45.733890 373.570600 -45.733890 373.570600
-48.422050 373.450300 -48.422050 373.450300
-51.153580 373.336900 -51.153580 373.336900
-53.919190 373.217300 -53.919190 373.217300
-56.668140 373.082400 -56.668140 373.082400
-59.399580 372.949600 -59.399580 372.949600
-62.128270 372.797100 -62.128270 372.797100
-64.827270 372.599800 -64.827270 372.599800
-67.509200 372.402100 -67.509200 372.402100
-70.186170 372.208700 -70.186170 372.208700
-72.845340 372.028400 -72.845340 372.028400
-75.495320 371.886100 -75.495320 371.886100
-78.116050 371.787300 -78.116050 371.787300
-80.717850 371.718500 -80.717850 371.718500
-83.311780 371.694800 -83.311780 371.694800
-85.842710 371.709900 -85.842710 371.709900
-88.215690 371.734100 -88.215690 371.734100
-90.402660 371.755300 -90.402660 371.755300
-92.376860 371.747200 -92.376860 371.747200
-94.181170 371.700000 -94.181170 371.700000
-95.954170 371.610100 -95.954170 371.610100
-97.692900 371.484000 -97.692900 371.484000
-99.428840 371.332400 -99.428840 371.332400
-101.212400 371.150100 -101.212400 371.150100
-103.049100 370.929900 -103.049100 370.929900
-104.963700 370.712900 -104.963700 370.712900
-106.999900 370.469800 -106.999900 370.469800
-109.147400 370.218500 -109.147400 370.218500
-111.413900 369.990500 -111.413900 369.990500
-113.850400 369.787500 -113.850400 369.787500
-116.381500 369.587900 -116.381500 369.587900
-119.079000 369.402000 -119.079000 369.402000
-121.870500 369.312400 -121.870500 369.312400
-124.798000 369.251000 -124.798000 369.251000
-127.749200 369.222000 -127.749200 369.222000
-130.738100 369.191300 -130.738100 369.191300
-133.724900 369.151000 -133.724900 369.151000
-136.693200 369.116700 -136.693200 369.116700
-139.640200 369.026200 -139.640200 369.026200
-142.545400 368.909400 -142.545400 368.909400
-145.452900 368.800400 -145.452900 368.800400
-148.326000 368.653700 -148.326000 368.653700
-151.184500 368.483700 -151.184500 368.483700
-154.029500 368.306700 -154.029500 368.306700
-156.834000 368.110800 -156.834000 368.110800
-159.601600 367.929800 -159.601600 367.929800
-162.352900 367.769700 -162.352900 367.769700
-165.025300 367.622800 -165.025300 367.622800
-167.587100 367.473600 -167.587100 367.473600
-169.989700 367.347100 -169.989700 367.347100
-172.229800 367.237400 -172.229800 367.237400
-174.255000 367.118500 -174.255000 367.118500
-176.113500 366.976300 -176.113500 366.976300
-177.851600 366.825100 -177.851600 366.825100
-179.482200 366.619100 -179.482200 366.619100
-181.041000 366.257200 -181.041000 366.257200
-182.506900 365.700900 -182.506900 365.700900
-183.830900 364.922700 -183.830900 364.922700
-184.967900 363.901900 -184.967900 363.901900
-185.900600 362.645300 -185.900600 362.645300
-186.575700 361.163300 -186.575700 361.163300
-186.999600 359.497900 -186.999600 359.497900
-187.152300 357.675600 -187.152300 357.675600
-187.206000 355.773500 -187.206000 355.773500
-187.197400 353.800900 -187.197400 353.800900
-187.078300 351.712900 -187.078300 351.712900
-186.904300 349.515700 -186.904300 349.515700
-186.700200 347.199500 -186.700200 347.199500
-186.441500 344.761700 -186.441500 344.761700
-186.138100 342.245600 -186.138100 342.245600
-185.836200 339.600700 -185.836200 339.600700
-185.558800 336.870000 -185.558800 336.870000
-185.300200 334.088400 -185.300200 334.088400
-185.053400 331.295700 -185.053400 331.295700
-184.825700 328.513100 -184.825700 328.513100
-184.626700 325.706700 -184.626700 325.706700
-184.418100 322.895600 -184.418100 322.895600
-184.219300 320.049800 -184.219300 320.049800
-184.077900 317.187100 -184.077900 317.187100
-183.933200 314.300800 -183.933200 314.300800
-183.761600 311.460200 -183.761600 311.460200
-183.601800 308.616200 -183.601800 308.616200
-183.458100 305.794900 -183.458100 305.794900
-183.343100 303.000200 -183.343100 303.000200
-183.261300 300.211900 -183.261300 300.211900
-183.178800 297.450000 -183.178800 297.450000
-183.090500 294.684900 -183.090500 294.684900
-182.927300 291.908300 -182.927300 291.908300
-182.766600 289.099200 -182.766600 289.099200
-182.613800 286.267300 -182.613800 286.267300
-182.441900 283.385600 -182.441900 283.385600
-182.300400 280.490600 -182.300400 280.490600
-182.149900 277.557000 -182.149900 277.557000
-182.001400 274.627800 -182.001400 274.627800
-181.823500 271.689000 -181.823500 271.689000
-181.638500 268.767800 -181.638500 268.767800
-181.424600 265.787800 -181.424600 265.787800
-181.219800 262.838200 -181.219800 262.838200
-181.009300 259.844900 -181.009300 259.844900
-180.770400 256.828000 -180.770400 256.828000
-180.561000 253.860400 -180.561000 253.860400
-180.372700 250.908200 -180.372700 250.908200
-180.191000 247.979500 -180.191000 247.979500
-180.025600 245.104800 -180.025600 245.104800
-179.890000 242.301100 -179.890000 242.301100
-179.765100 239.629200 -179.765100 239.629200
-179.603400 237.077700 -179.603400 237.077700
-179.486600 234.610600 -179.486600 234.610600
-179.426200 232.293500 -179.426200 232.293500
-179.384800 230.153000 -179.384800 230.153000
-179.372900 228.203000 -179.372900 228.203000
-179.353200 226.445600 -179.353200 226.445600
-179.284500 224.889700 -179.284500 224.889700
-179.159500 223.520400 -179.159500 223.520400
-178.892900 222.222300 -178.892900 222.222300
-178.440800 221.019500 -178.440800 221.019500
-177.799300 219.912400 -177.799300 219.912400
-176.993100 218.868700 -176.993100 218.868700
-175.953700 217.908600 -175.953700 217.908600
-174.646400 217.098800 -174.646400 217.098800
-173.037500 216.423500 -173.037500 216.423500
-171.242400 215.987700 -171.242400 215.987700
-169.251700 215.748100 -169.251700 215.748100
-167.160900 215.651300 -167.160900 215.651300
-164.983800 215.579200 -164.983800 215.579200
-162.753200 215.542200 -162.753200 215.542200
-160.419600 215.517400 -160.419600 215.517400
-157.986900 215.494400 -157.986900 215.494400
-155.493900 215.476600 -155.493900 215.476600
-152.924600 215.528800 -152.924600 215.528800
-150.250300 215.556200 -150.250300 215.556200
-147.567100 215.656900 -147.567100 215.656900
-144.855900 215.751900 -144.855900 215.751900
-142.145800 215.896800 -142.145800 215.896800
-139.455100 216.087400 -139.455100 216.087400
-136.768400 216.330800 -136.768400 216.330800
-134.103700 216.562300 -134.103700 216.562300
-131.505400 216.803000 -131.505400 216.803000
-128.992800 217.018200 -128.992800 217.018200
-126.584900 217.191000 -126.584900 217.191000
-124.357100 217.330100 -124.357100 217.330100
-122.326100 217.418900 -122.326100 217.418900
-120.463500 217.466200 -120.463500 217.466200
-118.653600 217.497200 -118.653600 217.497200
-116.849600 217.495900 -116.849600 217.495900
-115.067800 217.514000 -115.067800 217.514000
-113.324000 217.535300 -113.324000 217.535300
-111.616000 217.623100 -111.616000 217.623100
-109.927700 217.875300 -109.927700 217.875300
-108.290900 218.301300 -108.290900 218.301300
-106.749500 218.945400 -106.749500 218.945400
-105.349200 219.793800 -105.349200 219.793800
-104.115500 220.834900 -104.115500 220.834900
-103.036000 222.051200 -103.036000 222.051200
-102.179100 223.400100 -102.179100 223.400100
-101.543200 224.848700 -101.543200 224.848700
-101.115700 226.383800 -101.115700 226.383800
-100.830600 227.968600 -100.830600 227.968600
-100.531100 229.501100 -100.531100 229.501100
-100.252100 231.017900 -100.252100 231.017900
-99.883990 232.463500 -99.883990 232.463500
-99.425550 233.824100 -99.425550 233.824100
-98.775880 234.872900 -98.775880 234.872900
-98.086100 235.806300 -98.086100 235.806300
-97.174270 236.468700 -97.174270 236.468700
-96.254150 236.931100 -96.254150 236.931100
-95.283150 237.358800 -95.283150 237.358800
-94.185080 237.674800 -94.185080 237.674800
-92.955310 237.898800 -92.955310 237.898800
-91.596850 238.102700 -91.596850 238.102700
-90.074690 238.248300 -90.074690 238.248300
-88.387450 238.391700 -88.387450 238.391700
-86.486290 238.540100 -86.486290 238.540100
-84.443490 238.650800 -84.443490 238.650800
-82.253860 238.746800 -82.253860 238.746800
-79.940140 238.872300 -79.940140 238.872300
-77.539590 239.011100 -77.539590 239.011100
-75.087440 239.150700 -75.087440 239.150700
-72.574930 239.313900 -72.574930 239.313900
-69.991910 239.446400 -69.991910 239.446400
-67.351620 239.548800 -67.351620 239.548800
-64.666360 239.657700 -64.666360 239.657700
-61.998030 239.808800 -61.998030 239.808800
-59.311750 239.952600 -59.311750 239.952600
-56.701950 240.109100 -56.701950 240.109100
-54.151130 240.267600 -54.151130 240.267600
-51.625940 240.427100 -51.625940 240.427100
-49.127390 240.564300 -49.127390 240.564300
-46.665870 240.712700 -46.665870 240.712700
-44.240570 240.886300 -44.240570 240.886300
-41.878960 241.088900 -41.878960 241.088900
-39.649020 241.312800 -39.649020 241.312800
-37.552430 241.539400 -37.552430 241.539400
-35.488740 241.743100 -35.488740 241.743100
-33.456700 241.939000 -33.456700 241.939000
-31.533090 242.124800 -31.533090 242.124800
-29.764560 242.287900 -29.764560 242.287900
-28.172420 242.408100 -28.172420 242.408100
-26.747170 242.468900 -26.747170 242.468900
-25.460260 242.473300 -25.460260 242.473300
-24.318710 242.437400 -24.318710 242.437400
-23.324200 242.322300 -23.324200 242.322300
-22.483780 242.186900 -22.483780 242.186900
-21.843230 242.069500 -21.843230 242.069500
-21.357270 241.937100 -21.357270 241.937100
-20.874950 241.791000 -20.874950 241.791000
-20.410090 241.641000 -20.410090 241.641000
-19.938580 241.453200 -19.938580 241.453200
-19.330890 241.150500 -19.330890 241.150500
-18.603550 240.674100 -18.603550 240.674100
-17.817550 240.000300 -17.817550 240.000300
-17.047940 239.130000 -17.047940 239.130000
-16.371440 238.041100 -16.371440 238.041100
-15.819140 236.731500 -15.819140 236.731500
-15.431720 235.164300 -15.431720 235.164300
-15.160930 233.366900 -15.160930 233.366900
-14.985430 231.359800 -14.985430 231.359800
-14.879450 229.166100 -14.879450 229.166100
-14.834570 226.783800 -14.834570 226.783800
-14.805910 224.227300 -14.805910 224.227300
-14.776150 221.503700 -14.776150 221.503700
-14.726190 218.625200 -14.726190 218.625200
-14.646810 215.602400 -14.646810 215.602400
-14.509690 212.459600 -14.509690 212.459600
-14.353480 209.201300 -14.353480 209.201300
-14.179740 205.869600 -14.179740 205.869600
-13.962380 202.478800 -13.962380 202.478800
-13.739120 199.045100 -13.739120 199.045100
-13.514930 195.572200 -13.514930 195.572200
-13.275440 192.054900 -13.275440 192.054900
-13.052000 188.499600 -13.052000 188.499600
-12.854570 184.884700 -12.854570 184.884700
-12.675140 181.220200 -12.675140 181.220200
-12.508030 177.502000 -12.508030 177.502000
-12.341190 173.718700 -12.341190 173.718700
-12.175010 169.898000 -12.175010 169.898000
-12.018250 166.028100 -12.018250 166.028100
-11.841350 162.134100 -11.841350 162.134100
-11.655180 158.220500 -11.655180 158.220500
-11.466580 154.287300 -11.466580 154.287300
-11.281310 150.320000 -11.281310 150.320000
-11.057620 146.379100 -11.057620 146.379100
-10.815240 142.443600 -10.815240 142.443600
-10.570550 138.517900 -10.570550 138.517900
-10.333980 134.639100 -10.333980 134.639100
-10.123240 130.785800 -10.123240 130.785800
-9.914350 127.027500 -9.914350 127.027500
-9.696148 123.395700 -9.696148 123.395700
-9.493383 119.914400 -9.493383 119.914400
-9.310280 116.607700 -9.310280 116.607700
-9.151332 113.442300 -9.151332 113.442300
-9.017561 110.482000 -9.017561 110.482000
-8.888960 107.744800 -8.888960 107.744800
-8.774269 105.222900 -8.774269 105.222900
-8.679794 102.918000 -8.679794 102.918000
-8.504861 100.812800 -8.504861 100.812800
-8.163715 98.919720 -8.163715 98.919720
-7.618518 97.243660 -7.618518 97.243660
-6.858427 95.725240 -6.858427 95.725240
-5.899838 94.392380 -5.899838 94.392380
-4.759829 93.253900 -4.759829 93.253900
-3.450087 92.348760 -3.450087 92.348760
-1.973871 91.691730 -1.973871 91.691730
-0.436803 91.261860 -0.436803 91.261860
1.138073 91.026340 1.138073 91.026340
2.751248 90.881970 2.751248 90.881970
4.431705 90.766140 4.431705 90.766140
6.211745 90.683570 6.211745 90.683570
8.081090 90.578530 8.081090 90.578530
10.076580 90.469280 10.076580 90.469280
12.205890 90.365360 12.205890 90.365360
14.489810 90.290310 14.489810 90.290310
16.910510 90.321490 16.910510 90.321490
19.453620 90.459650 19.453620 90.459650
22.045730 90.671110 22.045730 90.671110
24.644280 90.895340 24.644280 90.895340
27.207850 91.064010 27.207850 91.064010
29.764780 91.130150 29.764780 91.130150
32.287690 91.085550 32.287690 91.085550
34.803420 90.937800 34.803420 90.937800
37.325120 90.728940 37.325120 90.728940
39.896170 90.508470 39.896170 90.508470
42.547960 90.289960 42.547960 90.289960
45.244630 90.097810 45.244630 90.097810
47.943020 89.903610 47.943020 89.903610
50.617990 89.629730 50.617990 89.629730
53.252150 89.185630 53.252150 89.185630
55.814150 88.557720 55.814150 88.557720
58.313300 87.791630 58.313300 87.791630
60.805470 86.920740 60.805470 86.920740
63.322020 85.994100 63.322020 85.994100
65.833720 85.055040 65.833720 85.055040
68.406220 84.080780 68.406220 84.080780
70.998610 83.045350 70.998610 83.045350
73.578520 81.879280 73.578520 81.879280
76.170160 80.586970 76.170160 80.586970
78.819830 79.219290 78.819830 79.219290
81.480420 77.842690 81.480420 77.842690
84.108690 76.469870 84.108690 76.469870
86.695220 75.055290 86.695220 75.055290
89.188920 73.556030 89.188920 73.556030
91.573040 71.968490 91.573040 71.968490
93.850380 70.285940 93.850380 70.285940
96.020560 68.521450 96.020560 68.521450
98.103890 66.740880 98.103890 66.740880
100.107700 65.034010 100.107700 65.034010
101.996900 63.459780 101.996900 63.459780
103.764900 62.070330 103.764900 62.070330
105.408600 60.801050 105.408600 60.801050
107.003200 59.530310 107.003200 59.530310
108.589500 58.247390 108.589500 58.247390
110.134700 56.970520 110.134700 56.970520
111.717500 55.637520 111.717500 55.637520
113.353400 54.247110 113.353400 54.247110
115.077800 52.831180 115.077800 52.831180
116.904200 51.439420 116.904200 51.439420
118.836800 50.054850 118.836800 50.054850
120.853600 48.602090 120.853600 48.602090
122.938000 47.083700 122.938000 47.083700
125.092700 45.485300 125.092700 45.485300
127.330000 43.820780 127.330000 43.820780
129.637600 42.087830 129.637600 42.087830
131.967100 40.344760 131.967100 40.344760
134.297900 38.609850 134.297900 38.609850
136.621900 36.849050 136.621900 36.849050
138.949900 35.131110 138.949900 35.131110
141.293500 33.464730 141.293500 33.464730
143.603900 31.795640 143.603900 31.795640
145.871800 30.121580 145.871800 30.121580
148.133300 28.418200 148.133300 28.418200
150.347600 26.750990 150.347600 26.750990
152.506100 25.137140 152.506100 25.137140
154.521200 23.603510 154.521200 23.603510
156.409800 22.104300 156.409800 22.104300
158.102600 20.729550 158.102600 20.729550
159.605700 19.470090 159.605700 19.470090
161.034400 18.328640 161.034400 18.328640
162.527500 17.369930 162.527500 17.369930
164.102000 16.690040 164.102000 16.690040
165.725700 16.231240 165.725700 16.231240
167.465400 15.980230 167.465400 15.980230
169.275300 15.912810 169.275300 15.912810
171.157200 15.957740 171.157200 15.957740
173.098700 15.972680 173.098700 15.972680
175.120500 15.945180 175.120500 15.945180
177.167200 15.872150 177.167200 15.872150
179.305300 15.756280 179.305300 15.756280
181.477000 15.604010 181.477000 15.604010
183.703700 15.412020 183.703700 15.412020
185.980700 15.238130 185.980700 15.238130
188.280500 15.072990 188.280500 15.072990
190.577500 14.896800 190.577500 14.896800
192.894300 14.714610 192.894300 14.714610
195.244200 14.510220 195.244200 14.510220
197.633500 14.283820 197.633500 14.283820
200.090000 14.030130 200.090000 14.030130
202.592100 13.785300 202.592100 13.785300
205.104900 13.534110 205.104900 13.534110
207.640700 13.310070 207.640700 13.310070
210.148900 13.111090 210.148900 13.111090
212.697300 12.915740 212.697300 12.915740
215.224700 12.737830 215.224700 12.737830
217.808000 12.513180 217.808000 12.513180
220.389500 12.282700 220.389500 12.282700
223.037500 12.068550 223.037500 12.068550
225.699900 11.872960 225.699900 11.872960
228.380800 11.657570 228.380800 11.657570
231.063800 11.400770 231.063800 11.400770
233.768800 11.157120 233.768800 11.157120
236.452700 10.908570 236.452700 10.908570
239.115400 10.628320 239.115400 10.628320
241.756200 10.390980 241.756200 10.390980
244.376200 10.177670 244.376200 10.177670
246.942400 9.977031 246.942400 9.977031
249.503100 9.796410 249.503100 9.796410
251.962400 9.616742 251.962400 9.616742
254.329800 9.452561 254.329800 9.452561
256.557200 9.297183 256.557200 9.297183
258.681500 9.140396 258.681500 9.140396
260.487900 8.870715 260.487900 8.870715
262.171000 8.558198 262.171000 8.558198
263.852900 8.246051 263.852900 8.246051
265.533700 7.934305 265.533700 7.934305
267.212200 7.623220 267.212200 7.623220
268.719700 7.309828 268.719700 7.309828
269.768600 7.040605 269.768600 7.040605
270.654800 6.869143 270.654800 6.869143
271.433400 6.780906 271.433400 6.780906
272.188300 6.798910 272.188300 6.798910
272.939800 6.915555 272.939800 6.915555
273.674100 7.139266 273.674100 7.139266
274.435500 7.486302 274.435500 7.486302
275.206100 8.021776 275.206100 8.021776
275.841400 9.123003 275.841400 9.123003
276.399700 10.403880 276.399700 10.403880
276.938800 11.672800 276.938800 11.672800
277.461700 12.927990 277.461700 12.927990
277.969300 14.165350 277.969300 14.165350
278.402000 15.600760 278.402000 15.600760
278.675500 17.540870 278.675500 17.540870
278.887100 19.689590 278.887100 19.689590
279.050300 22.004090 279.050300 22.004090
279.153100 24.513040 279.153100 24.513040
279.310000 27.147550 279.310000 27.147550
279.492000 29.910160 279.492000 29.910160
279.682000 32.722430 279.682000 32.722430
279.891600 35.618700 279.891600 35.618700
280.117300 38.587970 280.117300 38.587970
280.340800 41.563150 280.340800 41.563150
280.553900 44.602790 280.553900 44.602790
280.757500 47.669170 280.757500 47.669170
280.966700 50.717990 280.966700 50.717990
281.189800 53.763250 281.189800 53.763250
281.387500 56.840290 281.387500 56.840290
281.609200 59.915920 281.609200 59.915920
281.892800 62.993940 281.892800 62.993940
282.168100 66.061440 282.168100 66.061440
282.386200 69.137860 282.386200 69.137860
282.581400 72.205720 282.581400 72.205720
282.741100 75.260420 282.741100 75.260420
282.945600 78.300480 282.945600 78.300480
283.185400 81.322840 283.185400 81.322840
283.441700 84.363870 283.441700 84.363870
283.683800 87.353300 283.683800 87.353300
283.940100 90.352150 283.940100 90.352150
284.231300 93.355260 284.231300 93.355260
284.541900 96.345100 284.541900 96.345100
284.938000 99.320580 284.938000 99.320580
285.395000 102.259500 285.395000 102.259500
285.844100 105.163200 285.844100 105.163200
286.321900 108.053700 286.321900 108.053700
286.793800 110.912200 286.793800 110.912200
287.216900 113.736500 287.216900 113.736500
287.630900 116.518500 287.630900 116.518500
288.058700 119.219300 288.058700 119.219300
288.448800 121.780900 288.448800 121.780900
288.846400 124.280600 288.846400 124.280600
289.285300 126.630100 289.285300 126.630100
289.743500 128.835400 289.743500 128.835400
290.213000 130.821100 290.213000 130.821100
290.683600 132.626000 290.683600 132.626000
291.166200 134.262000 291.166200 134.262000
291.580800 135.832500 291.580800 135.832500
291.961700 137.426400 291.961700 137.426400
292.194000 139.020100 292.194000 139.020100
292.237900 140.604400 292.237900 140.604400
291.762300 142.158200 291.762300 142.158200
290.662500 143.578100 290.662500 143.578100
289.562400 144.964600 289.562400 144.964600
288.468100 146.318100 288.468100 146.318100
287.386000 147.641500 287.386000 147.641500
286.399400 148.976200 286.399400 148.976200
284.571900 149.919400 284.571900 149.919400
282.598600 150.835500 282.598600 150.835500
280.553400 151.805400 280.553400 151.805400
278.418500 152.847000 278.418500 152.847000
276.187000 153.972900 276.187000 153.972900
273.848800 155.201700 273.848800 155.201700
271.423500 156.516000 271.423500 156.516000
268.909500 157.880900 268.909500 157.880900
266.393100 159.278800 266.393100 159.278800
263.831700 160.712200 263.831700 160.712200
261.343100 162.229400 261.343100 162.229400
258.927700 163.839100 258.927700 163.839100
256.567900 165.515700 256.567900 165.515700
254.220600 167.219800 254.220600 167.219800
251.812400 168.915300 251.812400 168.915300
249.342900 170.564800 249.342900 170.564800
246.829700 172.171100 246.829700 172.171100
244.268800 173.728400 244.268800 173.728400
241.687800 175.211100 241.687800 175.211100
239.066600 176.646400 239.066600 176.646400
236.435100 178.027700 236.435100 178.027700
233.828600 179.391700 233.828600 179.391700
231.251200 180.752600 231.251200 180.752600
228.707700 182.113100 228.707700 182.113100
226.214900 183.484500 226.214900 183.484500
223.769900 184.811700 223.769900 184.811700
221.367300 186.107100 221.367300 186.107100
219.059200 187.344000 219.059200 187.344000
216.843700 188.521200 216.843700 188.521200
214.730300 189.612200 214.730300 189.612200
212.761600 190.600600 212.761600 190.600600
210.934100 191.518800 210.934100 191.518800
209.293500 192.364900 209.293500 192.364900
207.831400 193.113300 207.831400 193.113300
206.576700 193.798300 206.576700 193.798300
205.539900 194.395600 205.539900 194.395600
204.729700 194.901600 204.729700 194.901600
204.122300 195.321500 204.122300 195.321500
203.546300 195.745200 203.546300 195.745200
203.042900 196.282400 203.042900 196.282400
202.515700 196.788100 202.515700 196.788100
201.945400 197.325500 201.945400 197.325500
201.195300 198.000000 201.195300 198.000000
200.227400 198.808500 200.227400 198.808500
199.076800 199.760000 199.076800 199.760000
197.730700 200.791700 197.730700 200.791700
196.253000 201.872000 196.253000 201.872000
194.623700 202.967100 194.623700 202.967100
192.619800 204.117900 192.619800 204.117900
190.615300 205.269000 190.615300 205.269000
188.611600 206.419500 188.611600 206.419500
186.608000 207.569800 186.608000 207.569800
184.604500 208.720100 184.604500 208.720100
182.452000 209.923800 182.452000 209.923800
180.162600 211.202300 180.162600 211.202300
177.855000 212.473600 177.855000 212.473600
175.554100 213.761200 175.554100 213.761200
173.260900 215.031900 173.260900 215.031900
171.006800 216.296100 171.006800 216.296100
168.770100 217.549300 168.770100 217.549300
166.635700 218.725900 166.635700 218.725900
164.640400 219.823800 164.640400 219.823800
162.800000 220.792300 162.800000 220.792300
161.109900 221.618400 161.109900 221.618400
159.510500 222.334400 159.510500 222.334400
157.845500 222.860900 157.845500 222.860900
156.181300 223.202900 156.181300 223.202900
154.511100 223.364000 154.511100 223.364000
152.786900 223.350100 152.786900 223.350100
150.969000 223.245000 150.969000 223.245000
149.048400 223.060600 149.048400 223.060600
146.999200 222.886700 146.999200 222.886700
144.811400 222.709100 144.811400 222.709100
142.452400 222.507300 142.452400 222.507300
139.985700 222.307100 139.985700 222.307100
137.342300 222.162600 137.342300 222.162600
134.568800 222.029900 134.568800 222.029900
131.695500 221.932100 131.695500 221.932100
128.711000 221.803000 128.711000 221.803000
125.647300 221.650100 125.647300 221.650100
122.615400 221.500000 122.615400 221.500000
119.543800 221.309500 119.543800 221.309500
116.511500 221.102100 116.511500 221.102100
113.516800 220.903600 113.516800 220.903600
110.545200 220.708000 110.545200 220.708000
107.636200 220.532300 107.636200 220.532300
104.717200 220.373700 104.717200 220.373700
101.840600 220.218600 101.840600 220.218600
98.994700 220.067300 98.994700 220.067300
96.181550 219.895100 96.181550 219.895100
93.438620 219.686500 93.438620 219.686500
90.855460 219.500600 90.855460 219.500600
88.388610 219.326300 88.388610 219.326300
86.123680 219.157800 86.123680 219.157800
84.049970 219.045300 84.049970 219.045300
82.152880 219.016300 82.152880 219.016300
80.388010 219.115100 80.388010 219.115100
78.664760 219.366200 78.664760 219.366200
77.016290 219.796000 77.016290 219.796000
75.461480 220.446100 75.461480 220.446100
74.069090 221.411200 74.069090 221.411200
72.862850 222.604000 72.862850 222.604000
71.841850 224.015300 71.841850 224.015300
71.023420 225.699900 71.023420 225.699900
70.421670 227.540000 70.421670 227.540000
70.034550 229.518400 70.034550 229.518400
69.813760 231.610700 69.813760 231.610700
69.670080 233.800300 69.670080 233.800300
69.603690 236.022800 69.603690 236.022800
69.545910 238.342600 69.545910 238.342600
69.499400 240.719700 69.499400 240.719700
69.469400 243.192800 69.469400 243.192800
69.384530 245.776400 69.384530 245.776400
69.232580 248.432800 69.232580 248.432800
69.094640 251.146000 69.094640 251.146000
68.950990 253.982700 68.950990 253.982700
68.811860 256.917100 68.811860 256.917100
68.650580 259.920100 68.650580 259.920100
68.462200 263.082100 68.462200 263.082100
68.288560 266.252800 68.288560 266.252800
68.096650 269.464100 68.096650 269.464100
67.903830 272.683000 67.903830 272.683000
67.721470 275.872400 67.721470 275.872400
67.525460 279.043300 67.525460 279.043300
67.317450 282.219100 67.317450 282.219100
67.111650 285.343500 67.111650 285.343500
66.901350 288.508400 66.901350 288.508400
66.688140 291.652400 66.688140 291.652400
66.478800 294.782200 66.478800 294.782200
66.289190 297.878200 66.289190 297.878200
66.078070 300.944500 66.078070 300.944500
65.826270 304.008500 65.826270 304.008500
65.573590 307.018200 65.573590 307.018200
65.274710 310.032300 65.274710 310.032300
64.924470 313.030600 64.924470 313.030600
64.540610 315.995300 64.540610 315.995300
64.089990 318.947600 64.089990 318.947600
63.671720 321.903700 63.671720 321.903700
63.304260 324.895900 63.304260 324.895900
62.967580 327.898100 62.967580 327.898100
62.699080 330.909200 62.699080 330.909200
62.553590 333.929000 62.553590 333.929000
62.402330 336.963400 62.402330 336.963400
62.266570 340.021300 62.266570 340.021300
62.116500 343.035800 62.116500 343.035800
61.993500 346.032900 61.993500 346.032900
61.866370 348.989100 61.866370 348.989100
61.760870 351.857800 61.760870 351.857800
61.679290 354.611700 61.679290 354.611700
61.586300 357.261400 61.586300 357.261400
61.550600 359.776900 61.550600 359.776900
61.577240 362.145700 61.577240 362.145700
61.603020 364.290800 61.603020 364.290800
61.628690 366.323100 61.628690 366.323100
61.649880 368.352400 61.649880 368.352400
61.624730 370.355800 61.624730 370.355800
61.511180 372.339500 61.511180 372.339500
61.271590 374.388200 61.271590 374.388200
60.966710 376.528400 60.966710 376.528400
60.637150 378.796200 60.637150 378.796200
60.324540 381.208000 60.324540 381.208000
60.065570 383.741300 60.065570 383.741300
59.884830 386.413700 59.884830 386.413700
59.789830 389.195600 59.789830 389.195600
59.765420 392.106700 59.765420 392.106700
59.766400 395.121300 59.766400 395.121300
59.728620 398.268800 59.728620 398.268800
59.673270 401.492900 59.673270 401.492900
59.575390 404.694600 59.575390 404.694600
59.425140 407.916600 59.425140 407.916600
59.267000 411.104300 59.267000 411.104300
59.084670 414.257800 59.084670 414.257800
58.913680 417.417100 58.913680 417.417100
58.748810 420.528100 58.748810 420.528100
58.574140 423.604200 58.574140 423.604200
58.437200 426.635400 58.437200 426.635400
58.286850 429.523300 58.286850 429.523300
58.117570 432.280500 58.117570 432.280500
57.924100 434.902000 57.924100 434.902000
57.663190 437.382700 57.663190 437.382700
57.368250 439.710400 57.368250 439.710400
57.036690 441.889000 57.036690 441.889000
56.656850 443.874800 56.656850 443.874800
56.323860 445.645400 56.323860 445.645400
56.148660 447.270100 56.148660 447.270100
56.616130 448.530800 56.616130 448.530800
57.333540 449.649800 57.333540 449.649800
58.025620 450.723300 58.025620 450.723300
58.683230 451.752100 58.683230 451.752100
59.300760 452.745900 59.300760 452.745900
60.051910 453.493100 60.051910 453.493100
61.232100 453.863600 61.232100 453.863600
62.575150 454.072200 62.575150 454.072200
64.075560 454.193600 64.075560 454.193600
65.729870 454.237800 65.729870 454.237800
67.536180 454.320400 67.536180 454.320400
69.481920 454.413600 69.481920 454.413600
71.568440 454.517900 71.568440 454.517900
73.783230 454.637300 73.783230 454.637300
76.158670 454.789800 76.158670 454.789800
78.646770 454.943100 78.646770 454.943100
81.225870 455.115600 81.225870 455.115600
83.916780 455.302300 83.916780 455.302300
86.702020 455.456700 86.702020 455.456700
89.526350 455.578300 89.526350 455.578300
92.412350 455.733700 92.412350 455.733700
95.328570 455.895400 95.328570 455.895400
98.249890 456.054300 98.249890 456.054300
101.184100 456.224200 101.184100 456.224200
104.093100 456.393100 104.093100 456.393100
106.998900 456.525600 106.998900 456.525600
109.897200 456.654500 109.897200 456.654500
112.749700 456.816600 112.749700 456.816600
115.610200 456.965500 115.610200 456.965500
118.400100 457.099300 118.400100 457.099300
121.145900 457.258900 121.145900 457.258900
123.876500 457.448100 123.876500 457.448100
126.583800 457.666500 126.583800 457.666500
129.241600 457.972700 129.241600 457.972700
131.877300 458.360200 131.877300 458.360200
134.472300 458.810900 134.472300 458.810900
137.047800 459.328100 137.047800 459.328100
139.578900 459.909300 139.578900 459.909300
142.082300 460.548100 142.082300 460.548100
144.536100 461.240400 144.536100 461.240400
146.935100 462.035700 146.935100 462.035700
149.323900 462.890800 149.323900 462.890800
151.645200 463.789700 151.645200 463.789700
153.953700 464.746000 153.953700 464.746000
156.216300 465.719100 156.216300 465.719100
158.442000 466.755000 158.442000 466.755000
160.610800 467.844100 160.610800 467.844100
162.721500 468.976400 162.721500 468.976400
164.765200 470.136200 164.765200 470.136200
166.772400 471.335900 166.772400 471.335900
168.632200 472.526000 168.632200 472.526000
170.346500 473.697400 170.346500 473.697400
171.909300 474.797000 171.909300 474.797000
173.302800 475.783300 173.302800 475.783300
174.556500 476.625400 174.556500 476.625400
175.656700 477.273900 175.656700 477.273900
176.667400 477.791400 176.667400 477.791400
177.693700 478.199200 177.693700 478.199200
178.769200 478.445200 178.769200 478.445200
179.820200 478.560500 179.820200 478.560500
180.911200 478.531600 180.911200 478.531600
182.068600 478.323700 182.068600 478.323700
183.262200 477.935100 183.262200 477.935100
184.488300 477.285200 184.488300 477.285200
185.759400 476.306800 185.759400 476.306800
187.077400 475.006900 187.077400 475.006900
188.478700 473.464500 188.478700 473.464500
189.953700 471.703500 189.953700 471.703500
191.518900 469.725200 191.518900 469.725200
193.208300 467.608400 193.208300 467.608400
195.017400 465.320900 195.017400 465.320900
196.863700 462.933100 196.863700 462.933100
198.729100 460.522700 198.729100 460.522700
200.614200 458.121400 200.614200 458.121400
202.510500 455.730200 202.510500 455.730200
204.411000 453.358300 204.411000 453.358300
206.321800 451.001000 206.321800 451.001000
208.222000 448.665100 208.222000 448.665100
210.114400 446.337900 210.114400 446.337900
211.976500 444.014500 211.976500 444.014500
213.836200 441.706600 213.836200 441.706600
215.683700 439.420500 215.683700 439.420500
217.555600 437.143300 217.555600 437.143300
219.471300 434.824100 219.471300 434.824100
221.450500 432.447100 221.450500 432.447100
223.466700 430.017100 223.466700 430.017100
225.486700 427.604100 225.486700 427.604100
227.506500 425.191500 227.506500 425.191500
229.526100 422.779100 229.526100 422.779100
231.545400 420.367100 231.545400 420.367100
233.564400 417.955300 233.564400 417.955300
235.559300 415.588300 235.559300 415.588300
237.436800 413.389000 237.436800 413.389000
238.780200 411.507400 238.780200 411.507400
239.937800 409.690800 239.937800 409.690800
241.095100 407.877000 241.095100 407.877000
242.251200 406.068000 242.251200 406.068000
243.408000 404.262500 243.408000 404.262500
244.011000 402.484000 244.011000 402.484000
244.001400 400.839200 244.001400 400.839200
243.616800 399.284000 243.616800 399.284000
242.890100 397.828700 242.890100 397.828700
241.873600 396.462000 241.873600 396.462000
240.631500 395.201500 240.631500 395.201500
239.221600 394.033800 239.221600 394.033800
237.618600 392.957600 237.618600 392.957600
235.793400 391.994800 235.793400 391.994800
233.764600 391.138800 233.764600 391.138800
231.526900 390.407500 231.526900 390.407500
229.101900 389.773400 229.101900 389.773400
226.502900 389.204300 226.502900 389.204300
223.725900 388.759000 223.725900 388.759000
220.797800 388.372500 220.797800 388.372500
217.710700 387.983400 217.710700 387.983400
214.530600 387.607200 214.530600 387.607200
211.281800 387.245500 211.281800 387.245500
207.989900 386.906600 207.989900 386.906600
204.658000 386.595500 204.658000 386.595500
201.286800 386.304300 201.286800 386.304300
197.918900 386.031200 197.918900 386.031200
194.555800 385.786300 194.555800 385.786300
191.207200 385.554600 191.207200 385.554600
187.886200 385.358400 187.886200 385.358400
184.599200 385.187900 184.599200 385.187900
181.348200 385.028900 181.348200 385.028900
178.125300 384.880300 178.125300 384.880300
174.940200 384.732200 174.940200 384.732200
171.787000 384.605200 171.787000 384.605200
168.667500 384.479200 168.667500 384.479200
165.610000 384.375800 165.610000 384.375800
162.651900 384.300900 162.651900 384.300900
159.841600 384.253100 159.841600 384.253100
157.212800 384.244100 157.212800 384.244100
154.757500 384.238100 154.757500 384.238100
152.465500 384.177300 152.465500 384.177300
150.349500 384.033300 150.349500 384.033300
148.462800 383.774700 148.462800 383.774700
146.861800 383.342900 146.861800 383.342900
145.493000 382.652100 145.493000 382.652100
144.342900 381.710300 144.342900 381.710300
143.476000 380.548800 143.476000 380.548800
142.885900 379.215000 142.885900 379.215000
142.512900 377.743300 142.512900 377.743300
142.317800 376.136600 142.317800 376.136600
142.188100 374.395800 142.188100 374.395800
142.147200 372.567400 142.147200 372.567400
142.122900 370.607400 142.122900 370.607400
142.117600 368.494900 142.117600 368.494900
142.130800 366.233800 142.130800 366.233800
142.204400 363.814600 142.204400 363.814600
142.299400 361.231000 142.299400 361.231000
142.415300 358.474700 142.415300 358.474700
142.582500 355.558100 142.582500 355.558100
142.739700 352.539000 142.739700 352.539000
142.891900 349.439100 142.891900 349.439100
143.064500 346.281300 143.064500 346.281300
143.227100 343.091000 143.227100 343.091000
143.425200 339.887400 143.425200 339.887400
143.616200 336.700500 143.616200 336.700500
143.795900 333.502200 143.795900 333.502200
144.005700 330.337500 144.005700 330.337500
144.230000 327.130600 144.230000 327.130600
144.419100 323.896200 144.419100 323.896200
144.587400 320.591100 144.587400 320.591100
144.754600 317.239000 144.754600 317.239000
144.941900 313.833000 144.941900 313.833000
145.157300 310.363000 145.157300 310.363000
145.368500 306.861100 145.368500 306.861100
145.569800 303.322100 145.569800 303.322100
145.779600 299.781500 145.779600 299.781500
145.995800 296.224300 145.995800 296.224300
146.232800 292.723700 146.232800 292.723700
146.466500 289.221500 146.466500 289.221500
146.685200 285.746000 146.685200 285.746000
146.893800 282.281200 146.893800 282.281200
147.103700 278.834100 147.103700 278.834100
147.309200 275.380000 147.309200 275.380000
147.469000 272.014900 147.469000 272.014900
147.644100 268.640500 147.644100 268.640500
147.828000 265.287400 147.828000 265.287400
148.018700 262.011300 148.018700 262.011300
148.191600 258.776500 148.191600 258.776500
148.362500 255.568000 148.362500 255.568000
148.542700 252.484800 148.542700 252.484800
148.699400 249.530100 148.699400 249.530100
148.855100 246.697000 148.855100 246.697000
149.012000 244.059600 149.012000 244.059600
149.177500 241.565300 149.177500 241.565300
149.354100 239.240800 149.354100 239.240800
149.518500 237.141100 149.518500 237.141100
149.688400 235.241100 149.688400 235.241100
149.831600 233.536700 149.831600 233.536700
149.906300 232.004900 149.906300 232.004900
149.838700 230.619900 149.838700 230.619900
149.635100 229.344100 149.635100 229.344100
149.241300 228.150200 149.241300 228.150200
148.716100 227.039600 148.716100 227.039600
148.000700 226.008200 148.000700 226.008200
147.075700 225.048900 147.075700 225.048900
145.937600 224.217300 145.937600 224.217300
144.564400 223.496400 144.564400 223.496400
143.010800 222.963900 143.010800 222.963900
141.316600 222.568700 141.316600 222.568700
139.454500 222.334500 139.454500 222.334500
137.425000 222.166300 137.425000 222.166300
135.205500 222.050100 135.205500 222.050100
132.804000 221.961500 132.804000 221.961500
130.267400 221.919300 130.267400 221.919300
127.508700 221.882500 127.508700 221.882500
124.622700 221.854300 124.622700 221.854300
121.664000 221.830100 121.664000 221.830100
118.657200 221.763300 118.657200 221.763300
115.641600 221.685500 115.641600 221.685500
112.627300 221.570300 112.627300 221.570300
109.673500 221.356100 109.673500 221.356100
106.754900 221.166500 106.754900 221.166500
103.815900 220.977200 103.815900 220.977200
100.933900 220.822800 100.933900 220.822800
98.075460 220.656000 98.075460 220.656000
95.253020 220.487500 95.253020 220.487500
92.486910 220.344500 92.486910 220.344500
89.875370 220.223200 89.875370 220.223200
87.458400 220.103100 87.458400 220.103100
85.308900 219.940400 85.308900 219.940400
83.404740 219.814900 83.404740 219.814900
81.811460 219.719400 81.811460 219.719400
80.386560 219.682400 80.386560 219.682400
79.003730 219.767200 79.003730 219.767200
77.660700 220.007600 77.660700 220.007600
76.371580 220.406400 76.371580 220.406400
75.155860 220.960300 75.155860 220.960300
74.011040 221.726500 74.011040 221.726500
72.923470 222.715600 72.923470 222.715600
71.978870 223.872400 71.978870 223.872400
71.184520 225.266700 71.184520 225.266700
70.559680 226.755300 70.559680 226.755300
70.106430 228.212400 70.106430 228.212400
69.780350 229.717400 69.780350 229.717400
69.611080 231.273600 69.611080 231.273600
69.507330 232.885000 69.507330 232.885000
69.413710 234.508900 69.413710 234.508900
69.343880 236.144900 69.343880 236.144900
69.165330 237.775100 69.165330 237.775100
68.850580 239.377200 68.850580 239.377200
68.411010 240.827300 68.411010 240.827300
67.727420 242.111200 67.727420 242.111200
66.803100 243.182900 66.803100 243.182900
65.701790 244.107800 65.701790 244.107800
64.448250 244.782200 64.448250 244.782200
63.080800 245.260000 63.080800 245.260000
61.580750 245.474700 61.580750 245.474700
60.021940 245.545100 60.021940 245.545100
58.373630 245.501300 58.373630 245.501300
56.557790 245.387700 56.557790 245.387700
54.575700 245.267600 54.575700 245.267600
52.422320 245.171900 52.422320 245.171900
50.087930 245.081900 50.087930 245.081900
47.581640 245.008900 47.581640 245.008900
44.918970 244.937600 44.918970 244.937600
42.122820 244.817200 42.122820 244.817200
39.164720 244.672400 39.164720 244.672400
36.057060 244.510700 36.057060 244.510700
32.840100 244.318200 32.840100 244.318200
29.595440 244.119000 29.595440 244.119000
26.356030 243.938500 26.356030 243.938500
23.136280 243.778100 23.136280 243.778100
19.923890 243.574600 19.923890 243.574600
16.771670 243.333700 16.771670 243.333700
13.661940 243.082500 13.661940 243.082500
10.666390 242.818300 10.666390 242.818300
7.814747 242.555200 7.814747 242.555200
5.139292 242.325200 5.139292 242.325200
2.679849 242.118700 2.679849 242.118700
0.450309 241.930700 0.450309 241.930700
-1.528966 241.776000 -1.528966 241.776000
-3.228819 241.670700 -3.228819 241.670700
-4.618300 241.633500 -4.618300 241.633500
-5.727634 241.635600 -5.727634 241.635600
-6.594910 241.676300 -6.594910 241.676300
-7.316062 241.736500 -7.316062 241.736500
-7.999830 241.824600 -7.999830 241.824600
-8.668434 241.971800 -8.668434 241.971800
-9.310473 242.159800 -9.310473 242.159800
-10.040280 242.489600 -10.040280 242.489600
-10.900630 242.986700 -10.900630 242.986700
-11.788840 243.696900 -11.788840 243.696900
-12.605680 244.629900 -12.605680 244.629900
-13.325190 245.805400 -13.325190 245.805400
-13.876090 247.212100 -13.876090 247.212100
-14.262280 248.903900 -14.262280 248.903900
-14.456720 250.843200 -14.456720 250.843200
-14.534350 252.994100 -14.534350 252.994100
-14.597030 255.350200 -14.597030 255.350200
-14.667090 257.910700 -14.667090 257.910700
-14.735990 260.649600 -14.735990 260.649600
-14.849520 263.575900 -14.849520 263.575900
-14.957480 266.729800 -14.957480 266.729800
-15.059630 270.015600 -15.059630 270.015600
-15.182710 273.477200 -15.182710 273.477200
-15.303150 277.021400 -15.303150 277.021400
-15.440230 280.658500 -15.440230 280.658500
-15.590580 284.351600 -15.590580 284.351600
-15.764490 288.068200 -15.764490 288.068200
-15.946800 291.811700 -15.946800 291.811700
-16.099940 295.543400 -16.099940 295.543400
-16.260060 299.308400 -16.260060 299.308400
-16.425310 303.105800 -16.425310 303.105800
-16.590140 306.893300 -16.590140 306.893300
-16.756680 310.705900 -16.756680 310.705900
-16.910250 314.536100 -16.910250 314.536100
-17.062160 318.371600 -17.062160 318.371600
-17.211700 322.183300 -17.211700 322.183300
-17.359600 325.995800 -17.359600 325.995800
-17.503240 329.777900 -17.503240 329.777900
-17.652950 333.537700 -17.652950 333.537700
-17.803470 337.274400 -17.803470 337.274400
-17.965510 340.928300 -17.965510 340.928300
-18.139020 344.467400 -18.139020 344.467400
-18.309560 347.827300 -18.309560 347.827300
-18.498430 351.069300 -18.498430 351.069300
-18.657830 354.177800 -18.657830 354.177800
-18.779270 357.113600 -18.779270 357.113600
-18.870160 359.864000 -18.870160 359.864000
-18.946200 362.402300 -18.946200 362.402300
-18.990920 364.711200 -18.990920 364.711200
-19.050610 366.784400 -19.050610 366.784400
-19.150770 368.599600 -19.150770 368.599600
-19.288630 370.232600 -19.288630 370.232600
-19.600770 371.746300 -19.600770 371.746300
-20.181060 373.134000 -20.181060 373.134000
-21.046240 374.352900 -21.046240 374.352900
-22.127780 375.353800 -22.127780 375.353800
-23.457040 376.098400 -23.457040 376.098400
-24.934490 376.556700 -24.934490 376.556700
-26.555040 376.670400 -26.555040 376.670400
-28.276760 376.521700 -28.276760 376.521700
-30.056280 376.231600 -30.056280 376.231600
-31.975970 375.881500 -31.975970 375.881500
-34.041570 375.538800 -34.041570 375.538800
-36.312400 375.174700 -36.312400 375.174700
-38.740670 374.815500 -38.740670 374.815500
-41.349510 374.513500 -41.349510 374.513500
-44.097790 374.260800 -44.097790 374.260800
-47.011360 374.040700 -47.011360 374.040700
-50.040150 373.823900 -50.040150 373.823900
-53.185680 373.618900 -53.185680 373.618900
-56.406270 373.421900 -56.406270 373.421900
-59.653410 373.251300 -59.653410 373.251300
-62.943060 373.083600 -62.943060 373.083600
-66.219570 372.909300 -66.219570 372.909300
-69.486870 372.732000 -69.486870 372.732000
-72.726120 372.532900 -72.726120 372.532900
-75.949990 372.348800 -75.949990 372.348800
-79.132360 372.198800 -79.132360 372.198800
-82.276670 372.085900 -82.276670 372.085900
-85.318380 372.021300 -85.318380 372.021300
-88.202870 371.999200 -88.202870 371.999200
-90.927450 371.989600 -90.927450 371.989600
-93.555550 371.974900 -93.555550 371.974900
-96.169310 371.894100 -96.169310 371.894100
-98.735200 371.699400 -98.735200 371.699400
-101.335900 371.405700 -101.335900 371.405700
-104.006100 371.090100 -104.006100 371.090100
-106.771100 370.792200 -106.771100 370.792200
-109.682200 370.477800 -109.682200 370.477800
-112.739100 370.228500 -112.739100 370.228500
-115.931600 370.036400 -115.931600 370.036400
-119.286600 369.828600 -119.286600 369.828600
-122.729500 369.724600 -122.729500 369.724600
-126.288700 369.671200 -126.288700 369.671200
-129.839700 369.662300 -129.839700 369.662300
-133.385600 369.650900 -133.385600 369.650900
-136.894400 369.634000 -136.894400 369.634000
-140.398100 369.514400 -140.398100 369.514400
-143.862100 369.340500 -143.862100 369.340500
-147.327600 369.166400 -147.327600 369.166400
-150.737000 368.971100 -150.737000 368.971100
-154.158600 368.781900 -154.158600 368.781900
-157.533900 368.539100 -157.533900 368.539100
-160.863100 368.281900 -160.863100 368.281900
-164.185700 368.025000 -164.185700 368.025000
-167.432800 367.748600 -167.432800 367.748600
-170.642400 367.488400 -170.642400 367.488400
-173.841400 367.227100 -173.841400 367.227100
-177.023700 366.951400 -177.023700 366.951400
-180.244500 366.730400 -180.244500 366.730400
-183.473900 366.580900 -183.473900 366.580900
-186.744800 366.472000 -186.744800 366.472000
-190.033500 366.367300 -190.033500 366.367300
-193.355400 366.250500 -193.355400 366.250500
-196.716900 366.188600 -196.716900 366.188600
-200.121200 366.182600 -200.121200 366.182600
-203.540500 366.199800 -203.540500 366.199800
-206.952700 366.227500 -206.952700 366.227500
-210.347900 366.285500 -210.347900 366.285500
-213.706200 366.365900 -213.706200 366.365900
-217.009500 366.481900 -217.009500 366.481900
-220.179700 366.654500 -220.179700 366.654500
-223.191200 366.879000 -223.191200 366.879000
-226.097000 367.114900 -226.097000 367.114900
-228.814800 367.345400 -228.814800 367.345400
-231.386300 367.584000 -231.386300 367.584000
-233.712600 367.887700 -233.712600 367.887700
-235.782000 368.275800 -235.782000 368.275800
-237.675400 368.737900 -237.675400 368.737900
-239.369400 369.206200 -239.369400 369.206200
-240.923900 369.617600 -240.923900 369.617600
-242.343700 369.946600 -242.343700 369.946600
-243.617800 370.200700 -243.617800 370.200700
-244.859400 370.340600 -244.859400 370.340600
-246.077300 370.391700 -246.077300 370.391700
-247.267700 370.379800 -247.267700 370.379800
-248.493500 370.333700 -248.493500 370.333700
-249.783700 370.306600 -249.783700 370.306600
-251.078800 370.299200 -251.078800 370.299200
-252.358200 370.349900 -252.358200 370.349900
-253.632100 370.436500 -253.632100 370.436500
-254.850600 370.581800 -254.850600 370.581800
-255.940600 370.729900 -255.940600 370.729900
-256.915700 370.895600 -256.915700 370.895600
-257.880300 371.026600 -257.880300 371.026600
-258.825300 371.074700 -258.825300 371.074700
-259.790200 371.036700 -259.790200 371.036700
-260.853800 370.865000 -260.853800 370.865000
-261.981300 370.525600 -261.981300 370.525600
-263.149900 369.955400 -263.149900 369.955400
-264.334300 369.128800 -264.334300 369.128800
-265.453200 367.983800 -265.453200 367.983800
-266.451000 366.525200 -266.451000 366.525200
-267.251800 364.723800 -267.251800 364.723800
-267.949500 362.709300 -267.949500 362.709300
-268.506500 360.485200 -268.506500 360.485200
-268.941500 358.026800 -268.941500 358.026800
-269.220400 355.348600 -269.220400 355.348600
-269.448800 352.477300 -269.448800 352.477300
-269.718000 349.407100 -269.718000 349.407100
-269.985700 346.177700 -269.985700 346.177700
-270.257600 342.841000 -270.257600 342.841000
-270.518100 339.408900 -270.518100 339.408900
-270.754500 335.850800 -270.754500 335.850800
-270.955500 332.279200 -270.955500 332.279200
-271.100700 328.699800 -271.100700 328.699800
-271.205200 325.126400 -271.205200 325.126400
-271.267700 321.587300 -271.267700 321.587300
-271.275200 318.070500 -271.275200 318.070500
-271.222900 314.582000 -271.222900 314.582000
-271.120000 311.120600 -271.120000 311.120600
-270.978000 307.683800 -270.978000 307.683800
-270.782700 304.265600 -270.782700 304.265600
-270.528600 300.853100 -270.528600 300.853100
-270.242000 297.429400 -270.242000 297.429400
-269.919600 293.989900 -269.919600 293.989900
-269.545200 290.528500 -269.545200 290.528500
-269.141700 287.042100 -269.141700 287.042100
-268.688300 283.528200 -268.688300 283.528200
-268.188900 279.998100 -268.188900 279.998100
-267.644900 276.438400 -267.644900 276.438400
-267.060700 272.864800 -267.060700 272.864800
-266.415600 269.267600 -266.415600 269.267600
-265.703700 265.659900 -265.703700 265.659900
-264.933700 262.028500 -264.933700 262.028500
-264.083600 258.356100 -264.083600 258.356100
-263.198600 254.694500 -263.198600 254.694500
-262.249500 251.044300 -262.249500 251.044300
-261.237300 247.429800 -261.237300 247.429800
-260.189300 243.839800 -260.189300 243.839800
-259.094000 240.246100 -259.094000 240.246100
-257.955600 236.666200 -257.955600 236.666200
-256.772700 233.104800 -256.772700 233.104800
-255.531300 229.548500 -255.531300 229.548500
-254.248400 226.028100 -254.248400 226.028100
-252.919100 222.544000 -252.919100 222.544000
-251.574800 219.079600 -251.574800 219.079600
-250.208800 215.633800 -250.208800 215.633800
-248.823500 212.212300 -248.823500 212.212300
-247.396200 208.816100 -247.396200 208.816100
-245.924600 205.438400 -245.924600 205.438400
-244.407500 202.096000 -244.407500 202.096000
-242.864900 198.761700 -242.864900 198.761700
-241.279000 195.474400 -241.279000 195.474400
-239.649300 192.235800 -239.649300 192.235800
-237.983200 189.035400 -237.983200 189.035400
-236.298900 185.858800 -236.298900 185.858800
-234.588400 182.702700 -234.588400 182.702700
-232.835600 179.589900 -232.835600 179.589900
-231.009300 176.491000 -231.009300 176.491000
-229.111700 173.245900 -229.111700 173.245900
-227.176300 170.021800 -227.176300 170.021800
-225.177100 166.838100 -225.177100 166.838100
-223.121100 163.678300 -223.121100 163.678300
-221.021800 160.583500 -221.021800 160.583500
-218.906700 157.528200 -218.906700 157.528200
-216.758300 154.516100 -216.758300 154.516100
-214.598900 151.542200 -214.598900 151.542200
-212.419400 148.613400 -212.419400 148.613400
-210.228200 145.723000 -210.228200 145.723000
-207.984500 142.875200 -207.984500 142.875200
-205.709300 140.044600 -205.709300 140.044600
-203.367700 137.252600 -203.367700 137.252600
-200.986900 134.476000 -200.986900 134.476000
-198.545200 131.709700 -198.545200 131.709700
-196.059300 128.939500 -196.059300 128.939500
-193.510200 126.196800 -193.510200 126.196800
-190.897300 123.468900 -190.897300 123.468900
-188.227400 120.762000 -188.227400 120.762000
-185.497000 118.076800 -185.497000 118.076800
-182.724000 115.414700 -182.724000 115.414700
-179.874900 112.756200 -179.874900 112.756200
-176.963500 110.129700 -176.963500 110.129700
-174.022700 107.478800 -174.022700 107.478800
-171.062700 104.830200 -171.062700 104.830200
-168.072200 102.205400 -168.072200 102.205400
-165.063500 99.572080 -165.063500 99.572080
-162.094200 96.925240 -162.094200 96.925240
-159.158100 94.245620 -159.158100 94.245620
-156.222000 91.591220 -156.222000 91.591220
-153.302600 88.949020 -153.302600 88.949020
-150.415700 86.290970 -150.415700 86.290970
-147.525700 83.616700 -147.525700 83.616700
-144.616800 80.967880 -144.616800 80.967880
-141.680000 78.334030 -141.680000 78.334030
-138.744900 75.701910 -138.744900 75.701910
-135.803000 73.066790 -135.803000 73.066790
-132.863800 70.434610 -132.863800 70.434610
-129.933000 67.796650 -129.933000 67.796650
-127.009300 65.165490 -127.009300 65.165490
-124.094300 62.565200 -124.094300 62.565200
-121.185800 59.961850 -121.185800 59.961850
-118.275800 57.358150 -118.275800 57.358150
-115.383500 54.746480 -115.383500 54.746480
-112.487100 52.132910 -112.487100 52.132910
-109.563100 49.507800 -109.563100 49.507800
-106.649400 46.882310 -106.649400 46.882310
-103.717200 44.240620 -103.717200 44.240620
-100.776700 41.607720 -100.776700 41.607720
-97.815960 38.955960 -97.815960 38.955960
-94.863170 36.299440 -94.863170 36.299440
-91.884440 33.643060 -91.884440 33.643060
-88.909720 30.989760 -88.909720 30.989760
-85.917480 28.322680 -85.917480 28.322680
-82.929050 25.668410 -82.929050 25.668410
-79.941980 23.038030 -79.941980 23.038030
-76.962720 20.421650 -76.962720 20.421650
-74.007520 17.823510 -74.007520 17.823510
-71.092400 15.226900 -71.092400 15.226900
-68.209240 12.634500 -68.209240 12.634500
-65.354250 10.051970 -65.354250 10.051970
-62.542350 7.481356 -62.542350 7.481356
-59.754040 4.927046 -59.754040 4.927046
-57.009180 2.422195 -57.009180 2.422195
-54.340090 0.009828 -54.340090 0.009828
-51.766990 -2.296378 -51.766990 -2.296378
-49.260900 -4.526641 -49.260900 -4.526641
-46.853800 -6.677798 -46.853800 -6.677798
-44.569730 -8.685225 -44.569730 -8.685225
-42.404320 -10.528340 -42.404320 -10.528340
-40.364200 -12.198710 -40.364200 -12.198710
-38.389800 -13.695430 -38.389800 -13.695430
-36.423220 -15.003710 -36.423220 -15.003710
-34.423200 -16.097900 -34.423200 -16.097900
-32.364650 -16.913830 -32.364650 -16.913830
-30.265120 -17.411740 -30.265120 -17.411740
-28.163420 -17.604910 -28.163420 -17.604910
-26.110560 -17.459960 -26.110560 -17.459960
-24.143360 -16.987220 -24.143360 -16.987220
-22.296980 -16.217800 -22.296980 -16.217800
-20.604650 -15.231400 -20.604650 -15.231400
-19.008910 -14.153640 -19.008910 -14.153640
-17.427180 -13.090130 -17.427180 -13.090130
-15.874640 -12.069320 -15.874640 -12.069320
-14.363580 -11.106930 -14.363580 -11.106930
-12.922670 -10.242620 -12.922670 -10.242620
-11.574780 -9.466819 -11.574780 -9.466819
-10.317910 -8.788752 -10.317910 -8.788752
-9.188230 -8.193104 -9.188230 -8.193104
-8.211014 -7.716742 -8.211014 -7.716742
-7.426664 -7.335419 -7.426664 -7.335419
-6.732949 -7.004384 -6.732949 -7.004384
-6.081177 -6.624412 -6.081177 -6.624412
-5.489078 -6.233971 -5.489078 -6.233971
-4.934984 -5.802268 -4.934984 -5.802268
-4.339961 -5.285216 -4.339961 -5.285216
-3.697865 -4.592905 -3.697865 -4.592905
-3.037676 -3.769289 -3.037676 -3.769289
-2.408137 -2.790908 -2.408137 -2.790908
-1.801721 -1.625169 -1.801721 -1.625169
-1.269630 -0.215074 -1.269630 -0.215074
-0.812186 1.417145 -0.812186 1.417145
-0.577413 3.304554 -0.577413 3.304554
-0.470925 5.426109 -0.470925 5.426109
-0.476637 7.694492 -0.476637 7.694492
-0.570738 10.119870 -0.570738 10.119870
-0.648451 12.686750 -0.648451 12.686750
-0.748385 15.378500 -0.748385 15.378500
-0.860824 18.191740 -0.860824 18.191740
-0.998219 21.084400 -0.998219 21.084400
-1.176238 24.100490 -1.176238 24.100490
-1.395968 27.224660 -1.395968 27.224660
-1.640741 30.420880 -1.640741 30.420880
-1.879320 33.664680 -1.879320 33.664680
-2.150183 36.923590 -2.150183 36.923590
-2.397389 40.249040 -2.397389 40.249040
-2.638864 43.594280 -2.638864 43.594280
-2.848280 46.962570 -2.848280 46.962570
-3.041372 50.356970 -3.041372 50.356970
-3.212653 53.820380 -3.212653 53.820380
-3.380992 57.307360 -3.380992 57.307360
-3.567609 60.834770 -3.567609 60.834770
-3.786600 64.385720 -3.786600 64.385720
-3.981904 67.973540 -3.981904 67.973540
-4.173959 71.565920 -4.173959 71.565920
-4.396788 75.106490 -4.396788 75.106490
-4.593996 78.623730 -4.593996 78.623730
-4.800834 82.136440 -4.800834 82.136440
-5.016400 85.597270 -5.016400 85.597270
-5.214554 89.008160 -5.214554 89.008160
-5.369648 92.435540 -5.369648 92.435540
-5.524006 95.827610 -5.524006 95.827610
