0.000000 -0.000000 0.000000 -0.000000
0.287920 2.986691 0.287920 2.986691
0.971569 5.887651 0.971569 5.887651
2.050498 8.646240 2.050498 8.646240
3.483068 11.215600 3.483068 11.215600
5.252124 13.530580 5.252124 13.530580
7.315983 15.554830 7.315983 15.554830
9.617499 17.248350 9.617499 17.248350
12.138440 18.605410 12.138440 18.605410
14.845670 19.655580 14.845670 19.655580
17.710960 20.442900 17.710960 20.442900
20.708720 20.958900 20.708720 20.958900
23.853650 21.214680 23.853650 21.214680
27.127230 21.215640 27.127230 21.215640
30.502910 21.029600 30.502910 21.029600
33.942320 20.718590 33.942320 20.718590
37.526800 20.278900 37.526800 20.278900
41.305500 19.746480 41.305500 19.746480
45.281370 19.137530 45.281370 19.137530
49.442010 18.473180 49.442010 18.473180
53.784140 17.768220 53.784140 17.768220
58.319700 17.046980 58.319700 17.046980
63.045640 16.314830 63.045640 16.314830
67.933580 15.564290 67.933580 15.564290
72.949570 14.807080 72.949570 14.807080
78.112070 14.037650 78.112070 14.037650
83.403150 13.249300 83.403150 13.249300
88.827470 12.428430 88.827470 12.428430
94.384170 11.569350 94.384170 11.569350
100.052700 10.639880 100.052700 10.639880
105.791000 9.611618 105.791000 9.611618
111.620600 8.486629 111.620600 8.486629
117.518200 7.246929 117.518200 7.246929
123.481700 5.883248 123.481700 5.883248
129.500400 4.402279 129.500400 4.402279
135.583700 2.806947 135.583700 2.806947
141.730400 1.132152 141.730400 1.132152
147.930500 -0.644931 147.930500 -0.644931
154.181200 -2.533182 154.181200 -2.533182
160.473700 -4.525316 160.473700 -4.525316
166.825700 -6.614701 166.825700 -6.614701
173.224500 -8.806086 173.224500 -8.806086
179.671400 -11.085600 179.671400 -11.085600
186.169900 -13.447970 186.169900 -13.447970
192.708700 -15.908790 192.708700 -15.908790
199.295800 -18.474840 199.295800 -18.474840
205.877000 -21.127230 205.877000 -21.127230
212.474400 -23.878960 212.474400 -23.878960
219.085400 -26.695130 219.085400 -26.695130
225.674300 -29.566300 225.674300 -29.566300
232.258400 -32.511370 232.258400 -32.511370
238.826600 -35.515520 238.826600 -35.515520
245.357100 -38.591140 245.357100 -38.591140
251.842400 -41.746310 251.842400 -41.746310
258.295100 -44.977770 258.295100 -44.977770
264.734000 -48.300070 264.734000 -48.300070
271.174400 -51.720410 271.174400 -51.720410
277.658000 -55.253110 277.658000 -55.253110
284.188500 -58.892510 284.188500 -58.892510
290.770400 -62.649290 290.770400 -62.649290
297.421200 -66.505210 297.421200 -66.505210
304.114100 -70.451700 304.114100 -70.451700
310.871400 -74.512450 310.871400 -74.512450
317.638300 -78.729880 317.638300 -78.729880
324.412000 -83.100090 324.412000 -83.100090
331.147700 -87.570510 331.147700 -87.570510
337.838900 -92.151540 337.838900 -92.151540
344.489200 -96.836160 344.489200 -96.836160
351.109400 -101.590900 351.109400 -101.590900
357.680900 -106.441100 357.680900 -106.441100
364.205100 -111.363100 364.205100 -111.363100
370.654300 -116.349400 370.654300 -116.349400
377.044400 -121.373300 377.044400 -121.373300
383.353100 -126.497900 383.353100 -126.497900
389.648900 -131.627300 389.648900 -131.627300
395.838500 -136.824400 395.838500 -136.824400
401.977500 -142.068800 401.977500 -142.068800
408.063900 -147.386100 408.063900 -147.386100
414.119900 -152.725600 414.119900 -152.725600
420.140100 -158.070100 420.140100 -158.070100
426.135700 -163.442300 426.135700 -163.442300
432.096100 -168.831000 432.096100 -168.831000
438.042000 -174.202900 438.042000 -174.202900
444.039200 -179.520000 444.039200 -179.520000
450.064000 -184.791600 450.064000 -184.791600
456.158000 -189.992400 456.158000 -189.992400
462.246200 -195.183000 462.246200 -195.183000
468.350900 -200.337600 468.350900 -200.337600
474.468300 -205.478700 474.468300 -205.478700
480.606000 -210.588600 480.606000 -210.588600
486.757700 -215.677000 486.757700 -215.677000
492.916600 -220.757600 492.916600 -220.757600
499.072200 -225.827000 499.072200 -225.827000
505.239000 -230.914300 505.239000 -230.914300
511.393900 -235.996900 511.393900 -235.996900
517.549300 -241.076200 517.549300 -241.076200
523.710600 -246.155700 523.710600 -246.155700
529.865100 -251.222800 529.865100 -251.222800
536.037700 -256.292500 536.037700 -256.292500
542.213600 -261.366100 542.213600 -261.366100
548.376000 -266.436600 548.376000 -266.436600
554.549300 -271.525400 554.549300 -271.525400
560.720400 -276.614600 560.720400 -276.614600
566.895900 -281.702100 566.895900 -281.702100
573.077300 -286.787100 573.077300 -286.787100
579.254000 -291.852900 579.254000 -291.852900
585.438300 -296.913900 585.438300 -296.913900
591.610800 -301.938300 591.610800 -301.938300
597.802700 -306.948800 597.802700 -306.948800
604.002400 -311.952300 604.002400 -311.952300
610.204100 -316.963500 610.204100 -316.963500
616.401400 -321.978100 616.401400 -321.978100
622.606700 -326.989100 622.606700 -326.989100
628.813800 -331.994200 628.813800 -331.994200
635.032400 -336.999800 635.032400 -336.999800
641.237400 -341.988600 641.237400 -341.988600
647.445400 -346.968600 647.445400 -346.968600
653.662300 -351.935500 653.662300 -351.935500
659.877900 -356.880600 659.877900 -356.880600
666.112000 -361.828900 666.112000 -361.828900
672.350500 -366.769500 672.350500 -366.769500
678.587600 -371.720300 678.587600 -371.720300
684.819800 -376.684200 684.819800 -376.684200
691.040800 -381.648800 691.040800 -381.648800
697.271000 -386.614300 697.271000 -386.614300
703.506500 -391.568600 703.506500 -391.568600
709.744100 -396.517700 709.744100 -396.517700
715.983900 -401.433800 715.983900 -401.433800
722.229600 -406.329600 722.229600 -406.329600
728.498300 -411.207700 728.498300 -411.207700
734.766400 -416.073400 734.766400 -416.073400
741.047900 -420.934000 741.047900 -420.934000
747.328900 -425.791700 747.328900 -425.791700
753.611600 -430.654100 753.611600 -430.654100
759.909100 -435.497600 759.909100 -435.497600
766.234600 -440.329500 766.234600 -440.329500
772.573000 -445.140400 772.573000 -445.140400
778.917600 -449.932200 778.917600 -449.932200
785.270600 -454.711000 785.270600 -454.711000
791.604400 -459.487600 791.604400 -459.487600
797.914000 -464.271400 797.914000 -464.271400
804.202800 -469.044800 804.202800 -469.044800
810.490200 -473.819600 810.490200 -473.819600
816.791500 -478.590500 816.791500 -478.590500
823.116400 -483.340400 823.116400 -483.340400
829.464500 -488.061400 829.464500 -488.061400
835.854100 -492.776100 835.854100 -492.776100
842.262300 -497.485400 842.262300 -497.485400
848.682700 -502.196400 848.682700 -502.196400
855.114700 -506.913500 855.114700 -506.913500
861.557000 -511.637000 861.557000 -511.637000
868.011600 -516.355400 868.011600 -516.355400
874.441900 -521.049300 874.441900 -521.049300
880.882200 -525.706500 880.882200 -525.706500
887.323800 -530.307900 887.323800 -530.307900
893.755000 -534.861900 893.755000 -534.861900
900.174200 -539.374300 900.174200 -539.374300
906.591000 -543.848100 906.591000 -543.848100
912.989900 -548.291900 912.989900 -548.291900
919.400600 -552.731200 919.400600 -552.731200
925.806600 -557.125700 925.806600 -557.125700
932.226300 -561.535200 932.226300 -561.535200
938.632500 -565.932700 938.632500 -565.932700
945.057500 -570.322000 945.057500 -570.322000
951.507700 -574.710200 951.507700 -574.710200
957.980400 -579.074900 957.980400 -579.074900
964.464000 -583.424600 964.464000 -583.424600
970.963300 -587.758200 970.963300 -587.758200
977.455300 -592.093300 977.455300 -592.093300
983.961700 -596.421100 983.961700 -596.421100
990.461700 -600.766400 990.461700 -600.766400
996.966300 -605.096100 996.966300 -605.096100
1003.471000 -609.407800 1003.471000 -609.407800
1009.973000 -613.695400 1009.973000 -613.695400
1016.458000 -617.959200 1016.458000 -617.959200
1022.925000 -622.217200 1022.925000 -622.217200
1029.367000 -626.452700 1029.367000 -626.452700
1035.804000 -630.641600 1035.804000 -630.641600
1042.231000 -634.798800 1042.231000 -634.798800
1048.656000 -638.946200 1048.656000 -638.946200
1055.084000 -643.051500 1055.084000 -643.051500
1061.525000 -647.144100 1061.525000 -647.144100
1067.966000 -651.185500 1067.966000 -651.185500
1074.401000 -655.235300 1074.401000 -655.235300
1080.840000 -659.293400 1080.840000 -659.293400
1087.270000 -663.328400 1087.270000 -663.328400
1093.718000 -667.347400 1093.718000 -667.347400
1100.195000 -671.340900 1100.195000 -671.340900
1106.668000 -675.317100 1106.668000 -675.317100
1113.157000 -679.272000 1113.157000 -679.272000
1119.659000 -683.201000 1119.659000 -683.201000
1126.198000 -687.131900 1126.198000 -687.131900
1132.753000 -691.046400 1132.753000 -691.046400
1139.341000 -694.955400 1139.341000 -694.955400
1145.954000 -698.852200 1145.954000 -698.852200
1152.585000 -702.740800 1152.585000 -702.740800
1159.229000 -706.637800 1159.229000 -706.637800
1165.886000 -710.538400 1165.886000 -710.538400
1172.562000 -714.459000 1172.562000 -714.459000
1179.271000 -718.394000 1179.271000 -718.394000
1186.021000 -722.344800 1186.021000 -722.344800
1192.784000 -726.294800 1192.784000 -726.294800
1199.585000 -730.258400 1199.585000 -730.258400
1206.417000 -734.212600 1206.417000 -734.212600
1213.283000 -738.159200 1213.283000 -738.159200
1220.173000 -742.105200 1220.173000 -742.105200
1227.101000 -746.027900 1227.101000 -746.027900
1234.074000 -749.929400 1234.074000 -749.929400
1241.082000 -753.823500 1241.082000 -753.823500
1248.123000 -757.717500 1248.123000 -757.717500
1255.209000 -761.611600 1255.209000 -761.611600
1262.318000 -765.501500 1262.318000 -765.501500
1269.473000 -769.393200 1269.473000 -769.393200
1276.670000 -773.287000 1276.670000 -773.287000
1283.885000 -777.170800 1283.885000 -777.170800
1291.103000 -781.040700 1291.103000 -781.040700
1298.329000 -784.899000 1298.329000 -784.899000
1305.561000 -788.742100 1305.561000 -788.742100
1312.794000 -792.571300 1312.794000 -792.571300
1320.032000 -796.384600 1320.032000 -796.384600
1327.287000 -800.172300 1327.287000 -800.172300
1334.542000 -803.950000 1334.542000 -803.950000
1341.797000 -807.723100 1341.797000 -807.723100
1349.058000 -811.481900 1349.058000 -811.481900
1356.319000 -815.232700 1356.319000 -815.232700
1363.568000 -818.960500 1363.568000 -818.960500
1370.797000 -822.663500 1370.797000 -822.663500
1378.014000 -826.342400 1378.014000 -826.342400
1385.241000 -830.002800 1385.241000 -830.002800
1392.473000 -833.639800 1392.473000 -833.639800
1399.712000 -837.258600 1399.712000 -837.258600
1406.940000 -840.856000 1406.940000 -840.856000
1414.145000 -844.419900 1414.145000 -844.419900
1421.338000 -847.958700 1421.338000 -847.958700
1428.540000 -851.473700 1428.540000 -851.473700
1435.735000 -854.974700 1435.735000 -854.974700
1442.936000 -858.462100 1442.936000 -858.462100
1450.116000 -861.922600 1450.116000 -861.922600
1457.288000 -865.353900 1457.288000 -865.353900
1464.432000 -868.758100 1464.432000 -868.758100
1471.550000 -872.135000 1471.550000 -872.135000
1478.642000 -875.485100 1478.642000 -875.485100
1485.696000 -878.796500 1485.696000 -878.796500
1492.712000 -882.085000 1492.712000 -882.085000
1499.686000 -885.346400 1499.686000 -885.346400
1506.608000 -888.579300 1506.608000 -888.579300
1513.510000 -891.787400 1513.510000 -891.787400
1520.388000 -894.966500 1520.388000 -894.966500
1527.242000 -898.117000 1527.242000 -898.117000
1534.067000 -901.240100 1534.067000 -901.240100
1540.873000 -904.334900 1540.873000 -904.334900
1547.641000 -907.393900 1547.641000 -907.393900
1554.374000 -910.425200 1554.374000 -910.425200
1561.071000 -913.426300 1561.071000 -913.426300
1567.716000 -916.424100 1567.716000 -916.424100
1574.331000 -919.426300 1574.331000 -919.426300
1580.910000 -922.431500 1580.910000 -922.431500
1587.477000 -925.449400 1587.477000 -925.449400
1593.998000 -928.484000 1593.998000 -928.484000
1600.456000 -931.552300 1600.456000 -931.552300
1606.851000 -934.653500 1606.851000 -934.653500
1613.177000 -937.795300 1613.177000 -937.795300
1619.446000 -940.960600 1619.446000 -940.960600
1625.639000 -944.138700 1625.639000 -944.138700
1631.780000 -947.302000 1631.780000 -947.302000
1637.876000 -950.461600 1637.876000 -950.461600
1643.920000 -953.598100 1643.920000 -953.598100
1649.931000 -956.702500 1649.931000 -956.702500
1655.907000 -959.742900 1655.907000 -959.742900
1661.857000 -962.732200 1661.857000 -962.732200
1667.828000 -965.652000 1667.828000 -965.652000
1673.786000 -968.517000 1673.786000 -968.517000
1679.740000 -971.331200 1679.740000 -971.331200
1685.682000 -974.128800 1685.682000 -974.128800
1691.585000 -976.910500 1691.585000 -976.910500
1697.460000 -979.678900 1697.460000 -979.678900
1703.321000 -982.431100 1703.321000 -982.431100
1709.144000 -985.145100 1709.144000 -985.145100
1714.950000 -987.831400 1714.950000 -987.831400
1720.748000 -990.466700 1720.748000 -990.466700
1726.528000 -993.063100 1726.528000 -993.063100
1732.261000 -995.615600 1732.261000 -995.615600
1737.915000 -998.126400 1737.915000 -998.126400
1743.475000 -1000.590000 1743.475000 -1000.590000
1748.971000 -1002.990000 1748.971000 -1002.990000
1754.388000 -1005.375000 1754.388000 -1005.375000
1759.751000 -1007.751000 1759.751000 -1007.751000
1764.998000 -1010.123000 1764.998000 -1010.123000
1770.113000 -1012.467000 1770.113000 -1012.467000
1775.097000 -1014.785000 1775.097000 -1014.785000
1779.954000 -1017.080000 1779.954000 -1017.080000
1784.649000 -1019.347000 1784.649000 -1019.347000
1789.178000 -1021.604000 1789.178000 -1021.604000
1793.508000 -1023.881000 1793.508000 -1023.881000
1797.645000 -1026.269000 1797.645000 -1026.269000
1801.573000 -1028.814000 1801.573000 -1028.814000
1805.302000 -1031.525000 1805.302000 -1031.525000
1808.823000 -1034.439000 1808.823000 -1034.439000
1812.120000 -1037.563000 1812.120000 -1037.563000
1815.169000 -1040.921000 1815.169000 -1040.921000
1817.931000 -1044.484000 1817.931000 -1044.484000
1820.326000 -1048.207000 1820.326000 -1048.207000
1822.465000 -1052.152000 1822.465000 -1052.152000
1824.255000 -1056.260000 1824.255000 -1056.260000
1825.688000 -1060.491000 1825.688000 -1060.491000
1826.758000 -1064.825000 1826.758000 -1064.825000
1827.464000 -1069.230000 1827.464000 -1069.230000
1827.812000 -1073.687000 1827.812000 -1073.687000
1827.812000 -1078.165000 1827.812000 -1078.165000
1827.468000 -1082.643000 1827.468000 -1082.643000
1826.704000 -1087.072000 1826.704000 -1087.072000
1825.633000 -1091.489000 1825.633000 -1091.489000
1824.183000 -1095.811000 1824.183000 -1095.811000
1822.357000 -1099.995000 1822.357000 -1099.995000
1820.139000 -1103.994000 1820.139000 -1103.994000
1817.589000 -1107.799000 1817.589000 -1107.799000
1814.723000 -1111.351000 1814.723000 -1111.351000
1811.551000 -1114.626000 1811.551000 -1114.626000
1808.088000 -1117.606000 1808.088000 -1117.606000
1804.284000 -1120.246000 1804.284000 -1120.246000
1800.315000 -1122.623000 1800.315000 -1122.623000
1796.124000 -1124.692000 1796.124000 -1124.692000
1791.742000 -1126.471000 1791.742000 -1126.471000
1787.194000 -1127.955000 1787.194000 -1127.955000
1782.506000 -1129.180000 1782.506000 -1129.180000
1777.702000 -1130.193000 1777.702000 -1130.193000
1772.797000 -1131.038000 1772.797000 -1131.038000
1767.796000 -1131.740000 1767.796000 -1131.740000
1762.736000 -1132.348000 1762.736000 -1132.348000
1757.655000 -1132.885000 1757.655000 -1132.885000
1752.565000 -1133.366000 1752.565000 -1133.366000
1747.458000 -1133.818000 1747.458000 -1133.818000
1742.342000 -1134.251000 1742.342000 -1134.251000
1737.220000 -1134.667000 1737.220000 -1134.667000
1732.115000 -1135.064000 1732.115000 -1135.064000
1727.075000 -1135.441000 1727.075000 -1135.441000
1722.082000 -1135.788000 1722.082000 -1135.788000
1717.161000 -1136.086000 1717.161000 -1136.086000
1712.341000 -1136.271000 1712.341000 -1136.271000
1707.613000 -1136.285000 1707.613000 -1136.285000
1703.031000 -1136.085000 1703.031000 -1136.085000
1698.586000 -1135.613000 1698.586000 -1135.613000
1694.241000 -1134.791000 1694.241000 -1134.791000
1689.991000 -1133.671000 1689.991000 -1133.671000
1685.870000 -1132.171000 1685.870000 -1132.171000
1681.961000 -1130.284000 1681.961000 -1130.284000
1678.306000 -1127.996000 1678.306000 -1127.996000
1674.826000 -1125.267000 1674.826000 -1125.267000
1671.787000 -1122.274000 1671.787000 -1122.274000
1669.099000 -1118.972000 1669.099000 -1118.972000
1666.783000 -1115.408000 1666.783000 -1115.408000
1664.817000 -1111.609000 1664.817000 -1111.609000
1663.209000 -1107.637000 1663.209000 -1107.637000
1661.958000 -1103.507000 1661.958000 -1103.507000
1661.115000 -1099.284000 1661.115000 -1099.284000
1660.724000 -1094.939000 1660.724000 -1094.939000
1660.665000 -1090.516000 1660.665000 -1090.516000
1661.140000 -1086.159000 1661.140000 -1086.159000
1662.049000 -1081.841000 1662.049000 -1081.841000
1663.374000 -1077.556000 1663.374000 -1077.556000
1665.055000 -1073.325000 1665.055000 -1073.325000
1667.040000 -1069.131000 1667.040000 -1069.131000
1669.233000 -1064.989000 1669.233000 -1064.989000
1671.640000 -1060.840000 1671.640000 -1060.840000
1674.135000 -1056.683000 1674.135000 -1056.683000
1676.716000 -1052.451000 1676.716000 -1052.451000
1679.381000 -1048.145000 1679.381000 -1048.145000
