-0.000000 0.000000 -0.000000 0.000000
-0.031067 2.888054 -0.031067 2.888054
-0.064585 5.738958 -0.064585 5.738958
-0.101303 8.535486 -0.101303 8.535486
-0.142195 11.339520 -0.142195 11.339520
-0.184906 14.041360 -0.184906 14.041360
-0.236713 16.743090 -0.236713 16.743090
-0.293743 19.414190 -0.293743 19.414190
-0.351775 22.037930 -0.351775 22.037930
-0.412104 24.615430 -0.412104 24.615430
-0.469077 27.080370 -0.469077 27.080370
-0.537729 29.454710 -0.537729 29.454710
-0.609883 31.753310 -0.609883 31.753310
-0.707028 33.962280 -0.707028 33.962280
-0.822501 36.085730 -0.822501 36.085730
-0.935694 38.111240 -0.935694 38.111240
-1.022967 40.037480 -1.022967 40.037480
-1.107347 41.890890 -1.107347 41.890890
-1.156523 43.592390 -1.156523 43.592390
-1.165281 45.110470 -1.165281 45.110470
-1.139704 46.435620 -1.139704 46.435620
-1.077742 47.567320 -1.077742 47.567320
-1.006263 48.450880 -1.006263 48.450880
-0.897746 49.232390 -0.897746 49.232390
-0.757712 49.986150 -0.757712 49.986150
-0.562625 50.707270 -0.562625 50.707270
-0.317219 51.420200 -0.317219 51.420200
0.000274 52.129820 0.000274 52.129820
0.427978 52.800310 0.427978 52.800310
0.965237 53.472800 0.965237 53.472800
1.658262 54.153430 1.658262 54.153430
2.612681 54.789880 2.612681 54.789880
3.766145 55.335410 3.766145 55.335410
5.103719 55.721430 5.103719 55.721430
6.612372 55.902800 6.612372 55.902800
8.209580 55.971350 8.209580 55.971350
9.933246 55.981820 9.933246 55.981820
11.755010 55.963040 11.755010 55.963040
13.673080 55.883300 13.673080 55.883300
15.697980 55.779010 15.697980 55.779010
17.784720 55.672100 17.784720 55.672100
19.978240 55.590270 19.978240 55.590270
22.167140 55.510110 22.167140 55.510110
24.373310 55.484540 24.373310 55.484540
26.568060 55.472620 26.568060 55.472620
28.777650 55.510270 28.777650 55.510270
30.985590 55.548590 30.985590 55.548590
33.207400 55.613480 33.207400 55.613480
35.442520 55.709300 35.442520 55.709300
37.704740 55.826600 37.704740 55.826600
40.002200 55.976310 40.002200 55.976310
42.339510 56.141300 42.339510 56.141300
44.713720 56.343910 44.713720 56.343910
47.122240 56.605330 47.122240 56.605330
49.540680 56.921620 49.540680 56.921620
51.989070 57.297260 51.989070 57.297260
54.343180 57.698510 54.343180 57.698510
56.645460 58.120330 56.645460 58.120330
58.876010 58.567270 58.876010 58.567270
61.013190 59.021080 61.013190 59.021080
63.055930 59.468430 63.055930 59.468430
65.032810 59.902180 65.032810 59.902180
66.922080 60.298360 66.922080 60.298360
68.724720 60.677920 68.724720 60.677920
70.449950 61.033000 70.449950 61.033000
72.086540 61.346730 72.086540 61.346730
73.701140 61.657010 73.701140 61.657010
75.335240 61.944750 75.335240 61.944750
76.992600 62.291350 76.992600 62.291350
78.692590 62.691950 78.692590 62.691950
80.453400 63.179850 80.453400 63.179850
82.265790 63.740490 82.265790 63.740490
84.194030 64.399810 84.194030 64.399810
86.224450 65.153770 86.224450 65.153770
88.357870 65.993410 88.357870 65.993410
90.502450 66.907090 90.502450 66.907090
92.609040 67.903710 92.609040 67.903710
94.633120 68.920130 94.633120 68.920130
96.583420 69.912990 96.583420 69.912990
98.435050 70.883890 98.435050 70.883890
100.212200 71.816210 100.212200 71.816210
101.905500 72.735820 101.905500 72.735820
103.511500 73.620900 103.511500 73.620900
105.060100 74.482340 105.060100 74.482340
106.565000 75.343110 106.565000 75.343110
108.028900 76.228830 108.028900 76.228830
109.484600 77.160920 109.484600 77.160920
111.012500 78.171090 111.012500 78.171090
112.582900 79.246780 112.582900 79.246780
114.228600 80.425890 114.228600 80.425890
115.947600 81.729260 115.947600 81.729260
117.700100 83.151090 117.700100 83.151090
119.523000 84.685210 119.523000 84.685210
121.433400 86.292660 121.433400 86.292660
123.377700 87.978210 123.377700 87.978210
125.311100 89.753620 125.311100 89.753620
127.275600 91.596860 127.275600 91.596860
129.224500 93.463900 129.224500 93.463900
131.149100 95.403230 131.149100 95.403230
133.059000 97.419260 133.059000 97.419260
134.953900 99.488560 134.953900 99.488560
136.852800 101.578900 136.852800 101.578900
138.768400 103.700800 138.768400 103.700800
140.668600 105.771500 140.668600 105.771500
142.593300 107.805600 142.593300 107.805600
144.499400 109.783900 144.499400 109.783900
146.448400 111.754000 146.448400 111.754000
148.396300 113.639400 148.396300 113.639400
150.376300 115.438400 150.376300 115.438400
152.404100 117.222400 152.404100 117.222400
154.478600 118.989300 154.478600 118.989300
156.645400 120.724500 156.645400 120.724500
158.905800 122.432200 158.905800 122.432200
161.194700 124.063600 161.194700 124.063600
163.498700 125.601900 163.498700 125.601900
165.800800 127.092000 165.800800 127.092000
168.046900 128.527100 168.046900 128.527100
170.193100 129.881700 170.193100 129.881700
172.320500 131.175000 172.320500 131.175000
174.354500 132.418200 174.354500 132.418200
176.353200 133.630800 176.353200 133.630800
178.293700 134.777800 178.293700 134.777800
180.174800 135.863800 180.174800 135.863800
181.990300 136.890800 181.990300 136.890800
183.746700 137.844100 183.746700 137.844100
185.502900 138.752600 185.502900 138.752600
187.316700 139.650000 187.316700 139.650000
189.197800 140.526600 189.197800 140.526600
191.166700 141.381000 191.166700 141.381000
193.245000 142.204500 193.245000 142.204500
195.460000 143.026300 195.460000 143.026300
197.772100 143.833600 197.772100 143.833600
200.145100 144.607400 200.145100 144.607400
202.692400 145.397600 202.692400 145.397600
205.249500 146.171900 205.249500 146.171900
207.860900 146.926000 207.860900 146.926000
210.549200 147.643600 210.549200 147.643600
213.300400 148.348200 213.300400 148.348200
216.084100 149.048900 216.084100 149.048900
218.860300 149.726200 218.860300 149.726200
221.644800 150.382100 221.644800 150.382100
224.412100 151.021800 224.412100 151.021800
227.167600 151.643200 227.167600 151.643200
229.918900 152.230300 229.918900 152.230300
232.689500 152.785800 232.689500 152.785800
235.449300 153.313200 235.449300 153.313200
238.199800 153.803200 238.199800 153.803200
240.934200 154.256400 240.934200 154.256400
243.668800 154.668400 243.668800 154.668400
246.368400 155.041200 246.368400 155.041200
249.069800 155.358200 249.069800 155.358200
251.725900 155.632800 251.725900 155.632800
254.402400 155.881300 254.402400 155.881300
257.042800 156.089700 257.042800 156.089700
259.660100 156.224000 259.660100 156.224000
262.271700 156.315800 262.271700 156.315800
264.865700 156.356900 264.865700 156.356900
267.459400 156.359600 267.459400 156.359600
270.039500 156.343700 270.039500 156.343700
272.588200 156.330000 272.588200 156.330000
275.056200 156.330100 275.056200 156.330100
277.448400 156.359600 277.448400 156.359600
279.738200 156.429500 279.738200 156.429500
281.938200 156.520200 281.938200 156.520200
284.012100 156.634000 284.012100 156.634000
285.967000 156.761600 285.967000 156.761600
287.810800 156.898300 287.810800 156.898300
289.549300 157.041600 289.549300 157.041600
291.199000 157.180400 291.199000 157.180400
292.759600 157.324200 292.759600 157.324200
294.237400 157.467800 294.237400 157.467800
295.702000 157.617000 295.702000 157.617000
297.209000 157.765400 297.209000 157.765400
298.767900 157.889400 298.767900 157.889400
300.432800 158.016900 300.432800 158.016900
302.189300 158.141600 302.189300 158.141600
304.038500 158.267800 304.038500 158.267800
305.995200 158.405700 305.995200 158.405700
308.048700 158.531900 308.048700 158.531900
310.174500 158.661100 310.174500 158.661100
312.381400 158.771100 312.381400 158.771100
314.676200 158.867600 314.676200 158.867600
317.037300 158.975500 317.037300 158.975500
319.477900 159.096700 319.477900 159.096700
321.983300 159.231700 321.983300 159.231700
324.556700 159.385400 324.556700 159.385400
327.199000 159.561700 327.199000 159.561700
329.888000 159.763100 329.888000 159.763100
332.606500 159.992500 332.606500 159.992500
335.346200 160.242300 335.346200 160.242300
338.087800 160.502200 338.087800 160.502200
340.808300 160.751300 340.808300 160.751300
343.520500 160.989100 343.520500 160.989100
346.223500 161.227200 346.223500 161.227200
348.906500 161.474100 348.906500 161.474100
351.590100 161.717700 351.590100 161.717700
354.273100 161.969400 354.273100 161.969400
356.966000 162.239900 356.966000 162.239900
359.666600 162.550200 359.666600 162.550200
362.375700 162.896300 362.375700 162.896300
365.062800 163.323000 365.062800 163.323000
367.727000 163.850800 367.727000 163.850800
370.348600 164.475400 370.348600 164.475400
372.964400 165.138700 372.964400 165.138700
375.599800 165.826700 375.599800 165.826700
378.229900 166.566100 378.229900 166.566100
380.801800 167.357500 380.801800 167.357500
383.318400 168.171800 383.318400 168.171800
385.808200 169.013900 385.808200 169.013900
388.246500 169.856400 388.246500 169.856400
390.650800 170.695000 390.650800 170.695000
393.014800 171.503500 393.014800 171.503500
395.404400 172.284100 395.404400 172.284100
397.780400 173.063700 397.780400 173.063700
400.205400 173.874000 400.205400 173.874000
402.725900 174.699400 402.725900 174.699400
405.238700 175.529800 405.238700 175.529800
407.810400 176.369600 407.810400 176.369600
410.380800 177.246300 410.380800 177.246300
412.944100 178.091800 412.944100 178.091800
415.502100 178.907300 415.502100 178.907300
417.987000 179.722000 417.987000 179.722000
420.400700 180.499000 420.400700 180.499000
422.723500 181.229600 422.723500 181.229600
424.970600 181.953100 424.970600 181.953100
427.191300 182.654700 427.191300 182.654700
429.364900 183.330700 429.364900 183.330700
431.542400 184.015100 431.542400 184.015100
433.709700 184.706100 433.709700 184.706100
435.894400 185.396800 435.894400 185.396800
437.987000 186.094800 437.987000 186.094800
439.976500 186.775400 439.976500 186.775400
441.889500 187.423200 441.889500 187.423200
443.709700 188.041300 443.709700 188.041300
445.449300 188.641500 445.449300 188.641500
447.056300 189.201200 447.056300 189.201200
448.590500 189.739900 448.590500 189.739900
450.015000 190.249300 450.015000 190.249300
451.352700 190.721500 451.352700 190.721500
452.596100 191.161200 452.596100 191.161200
453.710200 191.550200 453.710200 191.550200
454.731200 191.911400 454.731200 191.911400
455.653200 192.246800 455.653200 192.246800
456.505300 192.533700 456.505300 192.533700
457.319300 192.826200 457.319300 192.826200
458.109900 193.111500 458.109900 193.111500
458.896600 193.410900 458.896600 193.410900
459.697700 193.760100 459.697700 193.760100
460.531700 194.165900 460.531700 194.165900
461.370300 194.631800 461.370300 194.631800
462.158600 195.139900 462.158600 195.139900
462.899600 195.612800 462.899600 195.612800
463.586200 195.962000 463.586200 195.962000
464.354300 196.273600 464.354300 196.273600
465.139400 196.550800 465.139400 196.550800
465.948600 196.799800 465.948600 196.799800
466.714000 197.006300 466.714000 197.006300
467.409700 197.209000 467.409700 197.209000
468.004600 197.427000 468.004600 197.427000
468.491000 197.643300 468.491000 197.643300
468.884200 197.788300 468.884200 197.788300
469.204000 197.984300 469.204000 197.984300
469.473000 198.134800 469.473000 198.134800
469.708700 198.262200 469.708700 198.262200
469.857800 198.400100 469.857800 198.400100
469.984600 198.505100 469.984600 198.505100
470.093200 198.600100 470.093200 198.600100
