0.9999913700067093 0.0001584830711836755 -0.0041514810876009545 -0.0954371507463031 -0.0001572928713166618 0.9999999464398768 0.00028701776304156107 -0.01677733026694483 0.004151526352703687 -0.0002863622876997103 0.9999913413753057 0.995297746174463
0.9997039999041478 0.0004422030555003747 -0.02432523447174064 -0.07210971099395953 -0.000464181656892221 0.9999994891626885 -0.0008978918372234421 -0.020986172105665227 0.02432482499498934 0.0009089173887949402 0.9997036944805914 1.9962974107391926
0.9990447336990411 0.0008082480537800268 -0.04369172465462504 -0.07771060405115908 -0.0009536411863525693 0.9999940772629365 -0.0033069634917562815 -0.02574465182386699 0.04368879303322194 0.0033454706891075277 0.9990395873984017 3.002125385534812
0.9985171160915634 0.0013274842748859836 -0.054422483016556625 -0.23920404536242654 -0.0016161454781758108 0.9999848579487419 -0.00526041319934594 -0.03921854481172136 0.054414675832727674 0.0053405672670992065 0.9985041419019176 3.9889173069397015
0.997739101199026 0.0014004027547921012 -0.06719170194811422 -0.3984535201612072 -0.0018925264214172189 0.9999718471387282 -0.007261079375981992 -0.04987778252728749 0.06717964187388978 0.0073718248815638505 0.9977136622877385 4.976099429373419
0.9966471207022414 0.0010924118019606712 -0.08181273392563573 -0.5831233959195217 -0.001818406409402964 0.9999596269859774 -0.0087998747829239 -0.06623560088617074 0.08179981781191312 0.008919138664682517 0.9966088695026841 5.9587660405648215
0.9955120412618709 0.0015622843505819263 -0.09462206386584107 -0.7954946073731939 -0.0021877049383720176 0.9999764407584775 -0.006506295037092667 -0.07871334692724906 0.09460966995886842 0.006684100209826347 0.995492005570441 6.935898959918128
0.9938030402438218 0.00015734027721502454 -0.11115526279117052 -1.0145948621283591 -0.0008698843150792058 0.9999793846681208 -0.006361881800609412 -0.08494018495686606 0.11115197030829185 0.006419149694758022 0.9937826895321639 7.911587958908828
0.991538797796547 -0.0012192402526181303 -0.12980495336228548 -1.2373968394015842 0.00030463540779930684 0.999974991822274 -0.00706561584800091 -0.10113228633523855 0.1298103218601935 0.0069662890587171645 0.9915143726418209 8.886321802432334
0.9887868878258791 -0.0015526521169151703 -0.14932541556954268 -1.5046850241504925 0.0004587511634448441 0.9999728111956462 -0.0073597837500043875 -0.12651357739344476 0.14933278277385317 0.007208754461113907 0.9887607161736032 9.849617227166087
0.9848735282326917 0.0027245785466208216 -0.17325331182471845 -1.8341359369916035 -0.0038989527166045663 0.9999716721916517 -0.006438399020397103 -0.15699884457689892 0.1732308620142598 0.007016515230188126 0.9848562519270623 10.793314125653998
0.980112227342201 0.007116426920143612 -0.19831635908870493 -2.2017465552199855 -0.008800180522699616 0.9999323188519582 -0.00761016018976919 -0.18856595570674695 0.19824877966100524 0.00920403081461077 0.9801085180630184 11.722757439248298
0.9739320604482159 0.00991068544193319 -0.22662329965200864 -2.5879497297494476 -0.0122578544542225 0.9998847950555121 -0.008952185262607534 -0.22978709438902728 0.2265084692351969 0.011496735661395505 0.9739413423989455 12.64425505241167
0.966542254164445 0.01085894070449462 -0.2562774947620063 -2.9914126132914043 -0.013454323165878192 0.9998744035388855 -0.008376057300808032 -0.24357622621294267 0.2561543521060339 0.011543853539203258 0.9665669595752814 13.559147489029643
0.957959235476735 0.012069714964847482 -0.28665035347178125 -3.420427481476668 -0.015472009789012718 0.9998341477618493 -0.009606970512372047 -0.26927712618604477 0.2864868584733311 0.013638143202218834 0.9579870985415605 14.462088841021217
0.9483169339991825 0.014133746390774306 -0.31700982619368767 -3.884697225033941 -0.017486314655500195 0.9998171988134464 -0.007732900917675289 -0.2806108679926966 0.3168425815608748 0.012876574458877554 0.9483907276750684 15.347717023996552
0.9372160788567225 0.015978406520871926 -0.34838299622324254 -4.379333521810995 -0.019675558841650356 0.999781373773616 -0.007076513238194351 -0.2942306696009568 0.3481937591581715 0.013486852130699075 0.9373255629197926 16.21672209752251
0.9248965157894617 0.01769944430919007 -0.37980674658523406 -4.911949687266881 -0.022283490503894936 0.9997222239918475 -0.007675995554813941 -0.30196801505149534 0.379565384527458 0.015562921574710113 0.9250340071265395 17.063051204865413
0.9101455879098276 0.02004061256226594 -0.4138035556352843 -5.475122990995919 -0.02552491802725672 0.999644314410933 -0.007728080330718009 -0.2998030024911481 0.413501496210082 0.01759598005299373 0.9103333972331227 17.889391096518562
0.8943487897459743 0.021756012047329264 -0.44684104357109816 -6.052480794404403 -0.027026985625573388 0.9996199872125151 -0.005424316846089144 -0.3016356701032342 0.44655322675791576 0.01692799766801082 0.8945969251942718 18.70589643561926
0.8757606758976212 0.016459552825586154 -0.48246483982993404 -6.646906538887072 -0.023025313512239458 0.9997053090710338 -0.0076896003051072975 -0.29966448989239164 0.4821960944356612 0.017843153756299954 0.8758815835345689 19.510049664021942
0.8547097514318113 0.011064434989384916 -0.51898826488249 -7.270890793155811 -0.01858650605204977 0.9997840485929075 -0.009295050938666722 -0.3171322069956849 0.5187733441495899 0.017590749203515076 0.8547308248462263 20.291298410027327
0.8311031897728018 0.01377091590655742 -0.5559477042173743 -7.94669711335436 -0.01970261467512973 0.9997948892961087 -0.004688956423935236 -0.34800079050896005 0.5557691021678317 0.01485063003635618 0.8312040446623715 21.027772219569837
0.8039359523915129 0.020723186512837652 -0.5943547206787422 -8.693426358281496 -0.025465357758858997 0.999675620935203 0.0004104412628195223 -0.37500874610915297 0.5941704301011324 0.01480548711022531 0.8042028957575722 21.69238146121627
0.7738804835897092 0.023002114384865453 -0.6329138170815864 -9.46601971882014 -0.028459713253146824 0.9995937694101831 0.001529992774794075 -0.40021213030008074 0.6326919011971837 0.01682851419965018 0.7742207432440219 22.326845433432766
0.7372419109212734 0.023035321916095756 -0.6752360614817394 -10.261592858119169 -0.028443334391838562 0.9995907677905447 0.0030452711839596028 -0.40828941005200375 0.6750298819384394 0.016960863543217318 0.737595409149247 22.932647925969917
0.6992300740855317 0.019021504827618774 -0.714643607575437 -11.052372398525174 -0.022672967500639536 0.999733139194237 0.004425713677105539 -0.40729600740337374 0.7145370809405605 0.013108499186773839 0.6994747509453173 23.544773632561814
0.6569912026342813 0.014164684963800332 -0.7537651632710534 -11.883129231928482 -0.017467183948233468 0.999841083985731 0.003564303460350177 -0.40912688886753174 0.7536958651512423 0.010824438743656746 0.6571342133687802 24.101418652243964
0.6154439302577952 0.015201359601281564 -0.7880340648570413 -12.74680672011867 -0.015451055232369006 0.999854555062017 0.007220361067347906 -0.41125182121810133 0.7880292085963851 0.007732230467925457 0.615589294100333 24.605539718589025
0.56982236591193 0.01585034983772939 -0.8216150179473067 -13.647613523830614 -0.0131877766892278 0.999861593633104 0.010142786770183935 -0.41112417858903505 0.8216620679163219 0.005055688626878557 0.5699525297425938 25.039778940382014
0.5227906234944218 0.0137055291606477 -0.8523509385556758 -14.563160652942534 -0.010934651272996459 0.9998963013693919 0.009371227739683402 -0.4169816020836219 0.8523909885656068 0.004420970282380255 0.522886276004554 25.442101647079415
0.4714546011921389 0.01700982334891927 -0.8817262755098098 -15.504184371800337 -0.010648604422836947 0.9998508822604335 0.013594869137997343 -0.4116537474449994 0.881826040803178 0.002979790709411476 0.47156542982784555 25.780430108697505
0.4191936474170989 0.01926461968462858 -0.9076924371137818 -16.46178756247898 -0.009784074306012597 0.9998126526963409 0.01670123942349985 -0.4056021183367665 0.907844126408892 0.001879876781403782 0.41930359908801546 26.068474130727207
0.3654066717419758 0.021704481428280485 -0.9305949063542002 -17.432467763489285 -0.009610278686630206 0.999762806517376 0.01954413589969198 -0.4044776848318633 0.9307983706421161 0.0018017187432431126 0.36552858577620556 26.3088494000804
0.3105802492920813 0.026119723491869445 -0.9501882280866134 -18.4116912121571 -0.0076397418932186816 0.9996586968428213 0.02498247726543109 -0.4022836823781603 0.950516461242768 -0.0004998712044747887 0.3106737952182404 26.511627998017687
0.25673741082937174 0.028829590242957972 -0.9660511149038931 -19.397537845955718 -0.0034524276935303383 0.9995759827775522 0.028912547402675473 -0.3958033243252143 0.9664750294879078 -0.004087710938184294 0.25672808182128104 26.67913993282542
0.2081666920473168 0.029563896070230362 -0.9776464618517409 -20.39096650653846 -0.0007763187536042029 0.9995477678578225 0.030060889867695527 -0.3882575286963581 0.9780930557218322 -0.005498710721026553 0.2080955033851909 26.793409777016056
0.1606461710306033 0.03146265575256556 -0.9865104708142752 -21.38941699710253 -0.003224428021596966 0.9995032055447038 0.03135195639502577 -0.37818529122504785 0.9870067936935086 -0.0018556397434869388 0.1606678119724129 26.848116278763925
0.118650041947846 0.03095918434810375 -0.9924533724313076 -22.38893726197211 -0.005155479598934117 0.9995195386217496 0.030563261335632242 -0.35820726592795654 0.9929227505581085 0.0014902408749272434 0.11875264462846832 26.871842667054512
0.08133160948447778 0.029757646682126916 -0.9962427674832112 -23.388583412469607 -0.006452193955827001 0.9995489685194338 0.029329656065026088 -0.33194732045468656 0.9966662121752804 0.004042523429496809 0.081486928476297 26.876007329262748
0.04598013194385819 0.02725948762925657 -0.9985703519535402 -24.388276132358563 -0.00527547899156611 0.9996202902060314 0.027045234881940983 -0.3118125552631184 0.9989284242566306 0.004024393445007408 0.04610647969173995 26.861686987668527
0.014460701914136145 0.024400470922915193 -0.9995976716253854 -25.38780048161971 -0.0046667370636795606 0.9996929605858322 0.02433528549888869 -0.30293879243150085 0.9998845481681018 0.0043129541933471585 0.014570132490718994 26.832183421978808
-0.011288480486809816 0.02252786962114028 -0.9996824822405528 -26.385445270593554 -0.005470770938887348 0.9997298286821734 0.022590712880446524 -0.2916574556825433 0.9999213173413363 0.005724048693490429 -0.01116218584872222 26.76451981744941
-0.0327638377525917 0.020003460911582123 -0.999262924603571 -27.382285065743535 -0.005594544942668927 0.9997803618976017 0.02019725305048632 -0.27692044327583826 0.9994474633529301 0.006252160863231647 -0.03264473130436181 26.68646921111185
-0.04797785937245994 0.019451207322186487 -0.9986589886161078 -28.378633026003946 -0.005211231285279703 0.9997918890366959 0.01972363265037167 -0.25831404961885246 0.9988348051998028 0.006150540638415646 -0.04786650991379496 26.60310824223318
-0.05974873082397971 0.02040504896947686 -0.9980048713014774 -29.37446740612074 -0.004645417074460382 0.9997745390267238 0.02071934395937147 -0.2423215999120603 0.9982026393799649 0.005874103374616461 -0.059640469854088225 26.51331716848133
-0.07057198136256229 0.02225018578050182 -0.9972585044406976 -30.370346152477286 -0.0056782830399358525 0.9997260355305378 0.022707069033946148 -0.23847123990982422 0.9974905275481472 0.007265198904859483 -0.07042630429457669 26.422689380045906
-0.07707099196354783 0.02389991043241836 -0.9967391115427741 -31.36538566533734 -0.007412986849729452 0.9996712802080064 0.024543413643003206 -0.23901086757485504 0.9969980490571286 0.009280399162115555 -0.07686848748135573 26.323207851169098
-0.08152674036427542 0.024909768554453846 -0.9963598215685643 -32.35973859320286 -0.007468348377473954 0.999644292394749 0.025602977465805907 -0.22293718428839324 0.996643173045443 0.009528489553198995 -0.08131170585312975 26.218308427121634
-0.08194167410562282 0.024869991564631693 -0.9963267764967199 -33.35535334616491 -0.005114985327040664 0.9996649425577667 0.025373993498885382 -0.20502449135427517 0.9966240007996358 0.007175384348762323 -0.0817870092959481 26.12645754273034
-0.0824480005317061 0.02707173375150408 -0.9962276087521431 -34.351459346223784 -0.0031882612980815954 0.9996187041936957 0.027427745368732246 -0.1870141362142481 0.996590267962827 0.0054375966938095995 -0.08233025169387348 26.040126723922263
-0.08027279036043033 0.02898586973748123 -0.9963513930754119 -35.347162701260615 -0.004124778930546995 0.9995588775815758 0.029411501944554976 -0.17644661977010023 0.9967643981034461 0.0064706725633593065 -0.08011781992823633 25.948115097548005
-0.07912552209603373 0.029254214094031204 -0.9964353178760639 -36.34225904876249 -0.006425503984697512 0.9995335747522781 0.02985541561383623 -0.16665637003822692 0.9968439520063174 0.008764924453344895 -0.07890064288555874 25.849683887566766
-0.07804931149792088 0.026464033883335545 -0.9965981937999506 -37.33797230899696 -0.00835704995372991 0.999595129466008 0.027198104049834353 -0.15265609024790758 0.9969144721041879 0.010451414184521647 -0.077796550378357 25.758251068212605
-0.07615850782510769 0.026748972935416213 -0.9967368630349512 -38.334067399216224 -0.008779105262155454 0.9995833575774971 0.027496155456605487 -0.13348723563000112 0.9970570740918743 0.010844524009756799 -0.0758919449108589 25.672061954471268
-0.07545279287191625 0.028932494707904433 -0.9967295454624623 -39.33008768115634 -0.008443726205192466 0.9995245938432611 0.029652820949041692 -0.11208974782826767 0.9971136241851274 0.01065349953964708 -0.07517262408589533 25.585532307145908
-0.07249375597529832 0.03303683817239448 -0.9968215600939653 -40.32585149617028 -0.00938659273068065 0.9993843872142967 0.03380441493670889 -0.09538795311969361 0.9973246949822823 0.011807367017073338 -0.07213902454720288 25.49508576809552
-0.07058957309247002 0.03561687852448997 -0.9968693746598881 -41.32224872646148 -0.009747181062825674 0.9992899980480089 0.03639357446773966 -0.08263654366975454 0.997457820978888 0.012285673175782576 -0.07019229019391357 25.41123868352425
-0.06775494786467429 0.03495149067254864 -0.9970895949410082 -42.31770894530078 -0.011348355388605326 0.9992945409643811 0.03579993336252003 -0.05912358992705813 0.9976374501139326 0.013740949696207524 -0.06731050758698197 25.31900500528914
-0.06678095602823539 0.03172792065182952 -0.9972630761053314 -43.31307841709469 -0.013621702210444455 0.9993721474554813 0.03270718757566472 -0.03321017834346395 0.9976746729975884 0.01576863790347642 -0.06630683914819217 25.22643652267815
-0.06650474108349681 0.03113239511423529 -0.9973003025106681 -44.30957312524564 -0.01455351120020185 0.9993765226604905 0.032167705338923255 -0.01138206484773658 0.9976799660838954 0.01665352603736909 -0.06601019122347751 25.145659800180866
-0.06303020808596817 0.033325695273823626 -0.997455057084357 -45.30627015851442 -0.012272320016460099 0.9993408814951609 0.0341642025208913 0.010135456012741573 0.9979361618009708 0.014394464456558738 -0.06257968011228378 25.067307843246432
-0.060695378328372254 0.035344534080139704 -0.9975303679388592 -46.303549637181206 -0.009952273830089634 0.999301769642489 0.03601285097018684 0.028832784915505068 0.9981067193918628 0.01211350898987648 -0.060301240491100604 24.99598831672248
-0.05845137003254827 0.03703418164462185 -0.9976030807546824 -47.30070929390282 -0.00925722830086916 0.9992485726171408 0.03763766526755086 0.047549724731743494 0.9982473346147755 0.011435012571911424 -0.05806461419812038 24.923028569711217
-0.05764766998866479 0.03276514540726534 -0.9977991738778506 -48.298552741145606 -0.009053641548472798 0.9994030303133896 0.033340884438269214 0.0646568730446996 0.998295936944346 0.010955740360879986 -0.05731661219537719 24.85965158443105
-0.05777502973405368 0.026152989230669874 -0.9979870074773177 -49.29642200802269 -0.007751669805423058 0.9996149194740934 0.02664440616770674 0.07782475592922715 0.9982995329831907 0.00927544711065199 -0.05755005235827879 24.79573910605841
-0.0604149276118412 0.021005683234982267 -0.9979523023639406 -50.294227278565266 -0.0046964906120267515 0.999761499442307 0.02132808497736119 0.09564847894076257 0.9981623011803176 0.005975408329309329 -0.06030186562380084 24.731861716342518
-0.061161003977912305 0.021729913908589284 -0.997891348010364 -51.29224908520645 -0.0036855021160884073 0.9997512589867102 0.021996300339844007 0.11028360618513437 0.9981211092179976 0.005023046487303163 -0.0610657050841168 24.67072018774519
-0.060374207109616294 0.02924502290574263 -0.997747304557186 -52.28978348648522 -0.004037834749102964 0.999555373853837 0.029542350794334874 0.11928528452663738 0.9981676467439846 0.005812334742527045 -0.0602292765888547 24.601115021151436
-0.06182819868586213 0.03654101772045207 -0.9974176797466632 -53.28719834825097 -0.005297337942092318 0.9993035009425782 0.03693847878072542 0.13547703638480416 0.9980727488805556 0.007567498124243999 -0.06159156528414244 24.53108847856567
-0.06198856025780828 0.04246266540872466 -0.9971731747512829 -54.28442982593645 -0.007331571893352019 0.9990482453437252 0.04299827356065218 0.15450252243576 0.9980499318424587 0.009976247892407442 -0.06161824427272 24.45918526839664
-0.06230624039510612 0.043080514136668274 -0.9971268734266213 -55.281303457116366 -0.00886914870838319 0.9990046364885468 0.04371583781166076 0.17493314005424498 0.9980176704893634 0.011567436021312813 -0.061862135550569554 24.382854554173974
-0.06349367839882541 0.039177609783537834 -0.9972129500237334 -56.27813052867374 -0.008988067351255255 0.999166179587285 0.03982662695030325 0.19340229089346062 0.9979417655598324 0.011491756201649925 -0.06308860507830276 24.305416507830746
-0.06298199425772615 0.037137088520351275 -0.9973234706230235 -57.27506646413964 -0.009429753268997742 0.9992406812270882 0.03780397775513456 0.2139666548823446 0.9979701138574266 0.011785484167248842 -0.06258397726525528 24.22993253876156
-0.06451860653320865 0.03753981827562104 -0.9972101641353481 -58.27197632267141 -0.01089605817770492 0.9992061146682175 0.03831992074408707 0.23639389260518406 0.9978570164744048 0.013338007852689023 -0.06405835011394354 24.15461851698532
-0.06320491111122771 0.040374174234563194 -0.9971835664842761 -59.2688325148535 -0.011581403880784876 0.999084405835629 0.04118520487042004 0.2548334781026585 0.9979333696673198 0.014151892839668638 -0.06267945144529133 24.077522433359636
-0.06380229489080935 0.039335200666296886 -0.9971870482287715 -60.26559300452099 -0.012142212127765208 0.9991183461909818 0.040188269298910465 0.2722323963499574 0.9978886881066996 0.014672160479614227 -0.06326842700391673 23.998971529946502
-0.06293837676216227 0.03451596668968049 -0.9974203771600131 -61.262623763275826 -0.012933403933847759 0.9992896457123503 0.03539676588008186 0.2907334631528196 0.9979336089105465 0.015127855616783972 -0.062447259277007026 23.92421980830187
-0.06207165130769406 0.030899393411166216 -0.997593272627056 -62.259292774829255 -0.014318860886798297 0.9993902156087405 0.03184599140268087 0.3105056603737446 0.9979689776375016 0.016261132566247807 -0.06159135686784635 23.84509402499299
-0.06377596329935863 0.031976406558110966 -0.9974518213572378 -63.25629124105719 -0.013988202921297516 0.9993597031114201 0.03293195979723619 0.3282094630440259 0.9978662017947452 0.01605282594076746 -0.06328783528486347 23.76966488406963
-0.06278170670529198 0.03380762244697752 -0.9974545112272816 -64.25336516292958 -0.012759377914848873 0.9993172278697795 0.03467385698022383 0.3417302563210972 0.9979457177514197 0.014903782980893513 -0.06230747687446283 23.694416479052556
-0.0619278308597148 0.039467306637201965 -0.9972999927162425 -65.25102736195902 -0.012624972003559368 0.9991069434160096 0.04032276900000367 0.3564632464035335 0.9980007784801168 0.015087986105620198 -0.06137425216128313 23.627654803853545
-0.06191067557627041 0.04431576698573321 -0.9970973779155965 -66.2482265255382 -0.011529430721252018 0.9989153817709724 0.045112440508089865 0.37851408975490725 0.9980151003251068 0.014288906809770161 -0.061332590563648204 23.556141687884963
-0.06349185217079367 0.04822920749029471 -0.9968162961412609 -67.24545910217184 -0.011524429392746094 0.9987295499418868 0.04905582126565004 0.39664190035045693 0.9979158142023269 0.014602383974334275 -0.06285537484712397 23.483994832401574
-0.06250039005116231 0.04813485412375754 -0.9968835122831247 -68.24214833932254 -0.01124657929827166 0.9987389113414264 0.04892955575753391 0.4208803723521764 0.9979815708205936 0.014269645791907813 -0.06188021906419919 23.4063766596348
-0.06295744440671346 0.04460030589523504 -0.9970191437017791 -69.23917091507882 -0.011042600285055664 0.9989086664152986 0.04538212356593384 0.44993253595155563 0.997955119818882 0.013866826401908216 -0.06239623348263354 23.334913189679963
-0.06281189026225174 0.040565772257173977 -0.9972006240285171 -70.23596285153816 -0.01191144159971743 0.9990719719403667 0.041392178514827155 0.4726373340724164 0.9979542995551943 0.01447801797090643 -0.06227040223842139 23.258161426863538
-0.06417691619592036 0.037923478825886266 -0.9972176959828412 -71.23211326024338 -0.015608791462515939 0.9991172839471902 0.03900023778220948 0.4946780295683652 0.9978164606061881 0.018068278051096703 -0.06352832652924845 23.173288940848337
-0.0647879310145961 0.03639967942853935 -0.9972349709734157 -72.22901657763975 -0.018640842564257826 0.9991160006132398 0.037679388358869706 0.5144089673224645 0.9977249335279446 0.021030469707154376 -0.06405213782969335 23.09716427500376
-0.06453295532707186 0.034421267292837544 -0.9973217505071826 -73.2266484190173 -0.016369538293632774 0.9992339497175609 0.035546475885746345 0.5276867499555363 0.9977813066463043 0.018619615726369988 -0.06392005958535198 23.029671047599145
-0.0641595713785798 0.031104151048833465 -0.9974548015765177 -74.22405341724665 -0.012927869837150819 0.9994043694242363 0.031996508516057426 0.5434907950547453 0.9978559112326736 0.014947848115223726 -0.06371924555998501 22.959390889766947
-0.06599827539716352 0.029137783428145898 -0.9973942135492349 -75.22150465853707 -0.008747175319352325 0.9995182436760908 0.02977864138262576 0.5592244089377518 0.9977813961828169 0.010689721023346681 -0.0657116070105611 22.88978064782295
-0.06713161226362138 0.03242995660051434 -0.9972169495900968 -76.2181262835785 -0.008371895709357889 0.9994181350687789 0.03306512751941612 0.5752999298778808 0.9977090046687547 0.010568311621653052 -0.06682105051815093 22.809234098934766
-0.06852877616104246 0.03884801940147317 -0.9968924908065336 -77.2157359779001 -0.005708506446105819 0.99920994063804 0.039330744771473865 0.5891368009096091 0.9976328080972594 0.00838605501453511 -0.06825287019070157 22.741521683659197
-0.07135394255919134 0.042012420155445165 -0.9965658891583358 -78.21241543157487 -0.00347787580088202 0.9990960157115774 0.04236809848417553 0.6049861819667619 0.9974449956068615 0.006489063255470363 -0.07114332573680625 22.661628239043
-0.07276484166851765 0.041086602137406676 -0.9965024681062061 -79.20884639830568 -0.003399432261587501 0.9991350712622268 0.04144337382650263 0.6209626807727558 0.997343331895919 0.006403163173526538 -0.07256223414503467 22.57874154864503
-0.07416901938948571 0.037174518619947035 -0.996552563454723 -80.20443427780363 -0.006466945819586738 0.999266022705297 0.03775704541542916 0.6382817807869677 0.9972247164879977 0.009245054467738701 -0.07387417541549957 22.486518483639273
-0.07411878891902754 0.033240931131103955 -0.9966952621672867 -81.19966964202834 -0.010842560373486264 0.9993583786081157 0.03413605118206932 0.6562298748074933 0.9971904752923199 0.013336851326109508 -0.07371081591585715 22.390645552314474
-0.07476105334134169 0.03144922495009069 -0.9967054385089579 -82.19470633069665 -0.015088997286819847 0.9993524651743341 0.03266454516534695 0.6709028517098644 0.9970873116553887 0.017481321460897474 -0.07423810568575574 22.2922120691445
-0.07620964284290284 0.032909859958435664 -0.9965485595068991 -83.19009581006728 -0.016827161801302448 0.9992703724160293 0.03428657809175829 0.6812615923962266 0.9969498166725689 0.019382051724355694 -0.07560025864694188 22.19684180578561
-0.0779727594667545 0.0338515899423913 -0.9963806093253291 -84.18650408240475 -0.016608171330474143 0.9992405695228831 0.035248444854226076 0.6968092362628504 0.9968171434251099 0.019296478382233036 -0.0773513315712589 22.113593073067424
-0.07959642571067861 0.03369815109740458 -0.9962574183546656 -85.18227896617049 -0.01840032217816996 0.999208482372864 0.03526807193279849 0.7068972371439222 0.9966573318637769 0.021138669937675585 -0.07891336689967124 22.02231008298555
-0.07839064840229915 0.03286949299236652 -0.9963807016765701 -86.17759679970226 -0.019329632978850503 0.9992183085109334 0.03448386906151488 0.7207695742114385 0.9967353066546649 0.021962886125769753 -0.07769401586387785 21.9265889858908
-0.07999901252590447 0.03494085665072874 -0.9961823600784124 -87.17343352965364 -0.017643430997653132 0.9991792485796895 0.03646283793614651 0.7348171600035918 0.9966387847848939 0.020493065759906556 -0.07931687662943496 21.836496024890376
-0.0809204796396439 0.03669559719220585 -0.9960448328873553 -88.16880807504366 -0.01651683745685343 0.9991354618062086 0.03815131769307164 0.757320685231919 0.996583699473011 0.019538733531147004 -0.08024442558013024 21.743052545545638
-0.08005999778204402 0.0405932308807785 -0.9959631450820866 -89.16370351829173 -0.016741134440352592 0.9989747481335872 0.042061704781018984 0.770228236914305 0.9966494525021262 0.020041012900933002 -0.07929833938435016 21.642962142190818
-0.0794542974883435 0.042095683928687636 -0.9959492798356815 -90.15884121064394 -0.016581270461116047 0.9989139096290236 0.04354380116105953 0.7868374057854981 0.9967005950035989 0.019973846505733316 -0.07867000302044204 21.545840713823488
-0.07951685852622872 0.04198324810208107 -0.9959490328771455 -91.15441287176598 -0.015977129219000477 0.9989306841343434 0.04338455527963383 0.8071708141391581 0.9967054733230063 0.019362209938210733 -0.07876105810785969 21.454059277402877
-0.07843003500240485 0.04005532790604239 -0.9961146019991193 -92.1507530140145 -0.01532631365851589 0.9990259614720753 0.041379130179787324 0.8229579285636728 0.9968018026263603 0.01851213145843603 -0.07773974060738385 21.37002806757595
-0.07938228522782863 0.03637584736862964 -0.9961803303218875 -93.14648239218471 -0.01494160776764358 0.9991782973757849 0.037675965953709305 0.8396726001768388 0.9967322615172666 0.017875340037082618 -0.07877354295214355 21.2792273498054
-0.07956215466516296 0.034689334303800584 -0.9962261357897608 -94.14143359464141 -0.01536561359851164 0.9992328918757283 0.036021184217208346 0.8501129879892152 0.9967114735287123 0.01817354888919576 -0.07896809898303349 21.17935739765641
-0.0796833413608497 0.031604842579135616 -0.996319074912812 -95.13827133004239 -0.015955801749663493 0.9993287586612115 0.032976423444136455 0.8633529081283733 0.99669251903488 0.018524741244876054 -0.07912557400559406 21.100963985834838
-0.08002550677918546 0.03050862105902347 -0.9963258213585627 -96.13405737437066 -0.018146377143609865 0.9993212705399066 0.03205787333976246 0.8720365119155273 0.9966276271814338 0.020645151672566822 -0.07941757016630754 21.009605717406142
-0.07379945735774905 0.031498495192748985 -0.9967755438885414 -97.12992781011579 -0.01828970937043228 0.9992902298647501 0.03293209723050287 0.882271410857808 0.9971053738822421 0.020661105910539775 -0.0731709783842381 20.91936163980866
-0.06831012701006306 0.03305617344183462 -0.997116350254701 -98.12742294881001 -0.017694023605443355 0.9992535917608724 0.03433920327621184 0.8906001986791364 0.9975072170548531 0.019988715576002628 -0.06767424305526203 20.849113817478905
-0.05984179116927813 0.03541719097448293 -0.997579361561341 -99.12562552792505 -0.016742976385219745 0.9991941572574706 0.03647888216894945 0.8956001709839917 0.9980674490090413 0.018885409341847126 -0.05920057890404844 20.789365784678438
-0.0529631884622419 0.03678925547734374 -0.9979185594773449 -100.1235844178842 -0.01768352728210846 0.9991298892042014 0.03777244182816393 0.9027413938956801 0.9984398797778335 0.019647269027064148 -0.05226654081725956 20.725844221959445
-0.04056896522736403 0.03810691821077851 -0.9984498093769466 -101.12203634746334 -0.01996469445864956 0.99904205657026 0.03894072648316797 0.9159706829403857 0.9989772620212897 0.021513530355131594 -0.03976930947483485 20.671810267652432
-0.02770620337854117 0.03916770252337847 -0.9988484656710397 -102.12161871901445 -0.023116747289874964 0.9989397284555168 0.039812496881674764 0.9341892932006706 0.9993487791002107 0.02419318069740801 -0.02677139739833598 20.649192265860744
-0.007118286676166468 0.0397165323950478 -0.9991856319269768 -103.12124136015348 -0.024694135902423198 0.9988992440424126 0.03988107199572428 0.9480510229342455 0.9996697102777634 0.024957910689971788 -0.006129685731164275 20.625221668789486
0.010900237776075359 0.03914313083815265 -0.9991741590556751 -104.12071490344016 -0.025665852410464988 0.9989152661359434 0.038852993457394416 0.9622570572684093 0.9996111488156123 0.025221149631675537 0.011893055738008182 20.65508049755953
0.03770739238588194 0.04088975128470649 -0.9984518920806026 -105.11791170982676 -0.025350057386303738 0.9988800621296248 0.03994991952966584 0.976328108829059 0.9989672302683243 0.02380440547021732 0.0387017199907341 20.728678160181392
0.06666456212389131 0.04003634424609645 -0.9969718788893903 -106.11234001404534 -0.023901164127220383 0.998972002717231 0.03851846492900698 0.9933533521478112 0.9974891330286224 0.021260971909381903 0.06755294637004997 20.832704182168953
0.0992469713677751 0.03860870955016568 -0.9943135351694646 -107.103543251061 -0.02279024285882816 0.9990730642965081 0.036518721604402796 1.0021254898416663 0.994801811168817 0.019036274426872182 0.10003487767366423 20.964859907352064
0.1367860978817254 0.039576349437841406 -0.9898097170625615 -108.08705701557133 -0.02208499434459152 0.9990750859079809 0.03689479289491654 1.0094814043068998 0.9903543893228774 0.016813247251298388 0.13753362594571567 21.145540255947548
0.17767071568696946 0.03942471496637198 -0.9832999586276323 -109.061413233458 -0.022154851986212813 0.9991041893684217 0.036055253707841135 1.0147366374255382 0.9838405761711336 0.015378902310897013 0.17838500509561453 21.370478593270846
0.22432006012314445 0.04150752730367276 -0.9736311600413613 -110.02215655958065 -0.02115277061673435 0.9990645077152998 0.03771829421939033 1.0210706271970653 0.9742859287301567 0.012134026566623834 0.2249882096415171 21.647871605816412
0.27142261287045744 0.04009489730495007 -0.9616247524022469 -110.96014051461583 -0.01775867052389148 0.9991704363014686 0.03664790365567457 1.0284344422625744 0.9622964173495593 0.007130107379082288 0.2719094825947863 21.994468254082047
0.3182180992146481 0.0360242238402556 -0.9473328330787056 -111.86576647212887 -0.00995921554557521 0.9993496461454957 0.034656871967738596 1.0221384840857537 0.9479652184325819 -0.001593752044267878 0.31836991785733676 22.41852575636915
0.36687772771819455 0.03126936951956553 -0.9297434912029159 -112.75639049586711 -0.004824995574105391 0.999485433555997 0.03171100009601785 1.028450875974932 0.9302566593806485 -0.007148051428791036 0.3668398193199943 22.873238575706633
0.4188860420564427 0.026261783376532146 -0.9076589681726148 -113.62438930921286 0.000324070024023692 0.9995773005682936 0.02907086457643835 1.0430003836904838 0.9080387539906585 -0.012471524465204047 0.41870046850774456 23.369582799236394
0.47095932651768463 0.025168729734182722 -0.8817958084554384 -114.47187439361491 -0.00011544747824992867 0.9995946591355798 0.028469353689584864 1.0590757993462958 0.8821549180489155 -0.013306106537623033 0.4707713331235443 23.900152129114016
0.5182262495738018 0.024307110864607198 -0.8548980749856038 -115.29112705181618 0.0012473574808656383 0.9995734893959564 0.029176761233994812 1.0661860632677407 0.8552426546612295 -0.016186527058214262 0.5179749009264882 24.473540162002607
0.5587274656644766 0.021394049760180233 -0.829075336593131 -116.07465144679169 0.008898853386372915 0.9994550267623289 0.03178773172025623 1.0686784252454753 0.8293035810368597 -0.025138498649881005 0.5582325916363797 25.095004213674226
0.6020064402421594 0.015453967655423454 -0.7983416692060309 -116.80291613970049 0.019179497242117337 0.999244376461627 0.03380566513696318 1.0699136293044558 0.7982608551047105 -0.03566301997192598 0.6012551506756321 25.78029746604543
0.6437717292828381 0.011017031734562095 -0.7651382787365609 -117.51727931458755 0.020164874462431273 0.9993048777138743 0.031355050871775154 1.065114347897614 0.7649518536575355 -0.03561441265859744 0.6431020721447586 26.48005605639761
0.6827851711510871 0.006901777945057065 -0.7305865968640413 -118.21197540046725 0.016893098434110767 0.9995389201302294 0.025230346216189765 1.0741458326283977 0.7304238723381633 -0.02956877755488845 0.6823537602390939 27.199326016768076
0.72486988849788 -0.0015239741778160752 -0.6888841138041868 -118.85764801895581 0.013497694291460957 0.9998370018967593 0.011990908510719737 1.0948476482355407 0.6887535531653445 -0.017990195685526525 0.7247723062185174 27.962655455367138
0.7613728815808347 -0.003805426846271537 -0.6483030571575437 -119.47065755378956 0.008775791855954194 0.9999516488625665 0.004436824803168458 1.1006232590361307 0.6482548269551096 -0.009067450774650997 0.7613694639699237 28.75274859999547
0.7991466025024759 -0.004593976934523913 -0.6011186264662559 -120.02727896970049 0.007175032339996018 0.9999724606228793 0.0018965512760678585 1.094018980144505 0.6010933593208895 -0.005828668093810673 0.7991575564358876 29.583484979197255
0.8325535140461263 -0.005465986925911946 -0.5539176556460134 -120.53209120439702 0.007119621597554109 0.9999743079096333 0.0008333720395719399 1.0851643406867106 0.5538988691428758 -0.004637510924457243 0.8325710397645762 30.44667224080937
0.8626761612292232 -0.004388701008496226 -0.505737659414713 -120.99710985866047 0.003971264125665822 0.9999903025567599 -0.0019036422149669484 1.0717233561460602 0.505741109568975 -0.00036619106547021354 0.8626852241669869 31.331872600909342
0.8898882208613602 -0.002979953363975493 -0.45616890978030755 -121.41867740206261 0.002956254168635408 0.9999953372638986 -0.0007655140436169613 1.0485208366074923 0.45616906398121293 -0.0006673293108211673 0.8898928810469796 32.23837444933528
0.9098020550314218 0.002949284843724115 -0.41503195344396715 -121.80592776063844 -0.0034409554521450535 0.9999939844604379 -0.0004368850107658278 1.035773434214566 0.41502816830449096 0.0018255853436246602 0.9098067304389273 33.16028192934077
0.9277737689790354 0.007243038090921677 -0.37307287759049396 -122.17250733523227 -0.008477781057955592 0.9999626699734109 -0.001669097953791035 1.026000140698434 0.3730468614299971 0.0047113754742576265 0.9278005400506986 34.0906165307239
0.9409482163477869 0.012114136055305615 -0.3383337137495388 -122.49036833707 -0.012816172997885998 0.9999178568449276 0.0001589727449494583 1.013728641332842 0.3383078477682856 0.004186558285623282 0.9410261807559397 35.038679070619764
0.9511537820398622 0.013051655594409253 -0.3084414647830505 -122.78468323634407 -0.01296203574296668 0.999913252154493 0.0023396143318643366 0.9948166350683494 0.30844524399099904 0.001772696270863531 0.9512404475248428 35.994199882605685
0.9586637679142381 0.012575779497047763 -0.2842633107851242 -123.049397000512 -0.01215809935553007 0.9999208583993738 0.003233814762595711 0.9774976488548154 0.2842814814730984 0.0003559605306108339 0.9587407953057803 36.9583717253339
0.9648608847393788 0.012923560848744044 -0.26244324086349513 -123.31295684678027 -0.011913440358373066 0.9999142355563954 0.005439804269950759 0.9697850742484804 0.26249103420645303 -0.002122052463228288 0.9649320980538314 37.92298336474034
0.9696714684105403 0.01498196810739754 -0.24395242155424068 -123.56090675020964 -0.013662173478051674 0.9998814514578229 0.007101270763129268 0.9675893621981402 0.2440298923624004 -0.0035529793447995053 0.9697612015188943 38.89175567888692
0.9732660150788092 0.019672594141713205 -0.22883673859840184 -123.79896009090335 -0.018310642611333628 0.9997997488992465 0.008073566012751197 0.9616798305069786 0.22894974177705021 -0.003667579683887465 0.9734313353285291 39.86298997006532
0.97632906994611 0.023469105990415996 -0.2150133675894993 -124.03729716080771 -0.0220728699246065 0.9997168129811171 0.008892820484412214 0.9540339176537387 0.21516118514141447 -0.003936357057889155 0.9765706167511153 40.83414256566516
0.9791880195274596 0.02186776753228628 -0.20177369292612896 -124.23776781084221 -0.02066113021063774 0.9997538484166668 0.008084570148241698 0.9488434936651654 0.20190081751274083 -0.003747441689559511 0.9793988036384714 41.81382917900251
0.9820662066174453 0.021675513209250288 -0.18728624601699773 -124.43381505297606 -0.02056132098859322 0.9997574610376792 0.007889941615485145 0.9449057709847887 0.18741184033893893 -0.003897592411648375 0.9822736944834487 42.79441638273611
0.9846456514818347 0.022356245381501636 -0.17312752326062325 -124.61406728011985 -0.02123228942318093 0.9997397706303374 0.008341516999265875 0.942813045732122 0.1732689553952639 -0.004537544759100797 0.9848640920369632 43.77803496694961
0.9868482645309542 0.023917527029252435 -0.1598701181992772 -124.78170681221405 -0.022884713277166138 0.9997036675710631 0.008298610919022625 0.9384177742029702 0.16002122574979827 -0.00453088796687789 0.987103175136096 44.76387616291523
0.9888933853416552 0.024133339651865593 -0.14665419988793468 -124.9414248460446 -0.023658817783055706 0.9997076906801714 0.004979310798174241 0.9274364940883422 0.14673149889724046 -0.0014543425196062165 0.9891752888741223 45.75097776660951
0.9904609633652602 0.0250173729396301 -0.13550354645086596 -125.08438095662771 -0.025248641326280616 0.9996812021695114 1.1836175234957932e-05 0.9107980415155139 0.13546064432424446 0.0034095571732512334 0.9907768612352337 46.74056754928309
0.9917646547532096 0.022731611680014235 -0.12604024521032067 -125.22208054871132 -0.023720052629046834 0.9996984931817673 -0.006346797095930168 0.9050704955245316 0.12585797029002202 0.009284210280400731 0.9920048259731117 47.73102503634924
0.9926930631314106 0.02266795331250221 -0.11851854835172962 -125.3373363928662 -0.023547477025468562 0.9997045598075122 -0.006025730312668903 0.8905913854664956 0.1183469422355904 0.008772513476091424 0.9929335548115976 48.72425611843207
0.9932427782662799 0.024898092150081014 -0.11335284923269194 -125.45379185008409 -0.02502862532274443 0.9996866979863823 0.0002716312482242489 0.8708252022357406 0.11332409865662767 0.0025672702170604893 0.9935547583235127 49.717258361506865
0.9938350776535256 0.0289893967517739 -0.10701146341107973 -125.57877797061504 -0.028349724122738635 0.9995699715483825 0.007494339258933687 0.8549604200362789 0.10718270181133391 -0.004414391773689489 0.9942295416943158 50.70929470541373
0.9942621709990495 0.029383294905677093 -0.10285600274531766 -125.70070335611813 -0.02832428168295933 0.9995298217114233 0.011741830209642385 0.8433922077585587 0.1031526557457599 -0.008761135201199557 0.9946269512347738 51.70176914147857
0.9947081512502858 0.028113296791574625 -0.09881971655367805 -125.81461211220585 -0.02723705345707774 0.9995769080535815 0.010205283191358336 0.835326434427637 0.0990648108826581 -0.007459720473875808 0.995053021610021 52.695228595005894
0.994960916141797 0.02797588498701326 -0.09628148944356377 -125.91643759287707 -0.027186154560150895 0.9995852015295916 0.00950462431004171 0.8229773739653855 0.09650745230555699 -0.0068392062578083775 0.9953087646088784 53.68995477317385
0.9952917984478805 0.026597589011741776 -0.09320302678104268 -126.01771433187099 -0.025572933381546335 0.9995988635238217 0.012171159359114525 0.8121895259383713 0.09348936314174128 -0.009730380292898713 0.9955727289749882 54.68475530775386
0.9956137413590261 0.02441359213761289 -0.09031752064811154 -126.11370542125675 -0.023195627258992536 0.9996256316728435 0.014510664310370519 0.8043183553470166 0.09063796606911334 -0.01235204523974287 0.995807303691456 55.680106426453875
0.9958972723002658 0.022409869117986966 -0.08767223500633825 -126.21549477069327 -0.021154616471310225 0.9996603485745071 0.015220699387480927 0.7954030206132425 0.08798355088790044 -0.013303580495752825 0.9960330865584472 56.674876264090784
0.9961263236183687 0.02135482000601113 -0.08530134264515121 -126.31009157109052 -0.020428897937808128 0.9997226943526716 0.01171300667116911 0.7852026376900936 0.08552781725030362 -0.009925021851013228 0.9962863476017592 57.67033967057492
0.9962069631702686 0.02409511267988181 -0.08361287027734728 -126.41433831293725 -0.02381122261201897 0.9997068294857355 0.00439098591398632 0.7750725247345002 0.08369415874954281 -0.002383406075291864 0.9964886387544438 58.66483954019463
0.9962219440246879 0.02476462997137465 -0.08323792012090385 -126.51387288092704 -0.025140413611314066 0.999677909872918 -0.0034693105314053977 0.7577794246931719 0.08312519381706862 0.005548839022007143 0.9965236638125461 59.659725752309136
0.9963368905503638 0.025706753993708874 -0.08155956919663587 -126.61450205542648 -0.02636072596913489 0.9996283250634832 -0.006951536315998583 0.7371027307006119 0.08135055411497927 0.00907604153138326 0.9966442257974027 60.65443593057193
0.9966402084440196 0.0270620342660899 -0.07730421213649157 -126.71736076300562 -0.02752556642773076 0.9996089091055809 -0.004936803579282481 0.7131689930559727 0.07714037921539785 0.007048059174609739 0.9969953293553455 61.648847778624635
0.9967688041698083 0.030300152133432793 -0.0743898636548207 -126.8114660079738 -0.03044837640759468 0.9995359715987214 -0.0008589844810950546 0.6854289543614381 0.0743293172848608 0.0031212595034932553 0.9972288655725307 62.64402358441723
0.996815721034754 0.03381706264691594 -0.07221374226488789 -126.91021898242177 -0.033562389516886434 0.9994253958938127 0.004737515425814019 0.6605047651644047 0.07233245680800542 -0.002298764108729762 0.9973779280572077 63.63882426759108
0.9969940192217643 0.031208751377760125 -0.07091501585330937 -126.9960819086616 -0.03087780921421945 0.9995065787923247 0.005758458907529318 0.6510594348494817 0.07105973919290942 -0.003551448760799067 0.997465739099611 64.6350880691127
0.9971454367652021 0.02852841830835965 -0.06990784853762468 -127.07569617941479 -0.028202298581440417 0.9995862810417043 0.005647752467593606 0.6344175831506155 0.07004004778024915 -0.003660068583396016 0.9975374657650224 65.6317750929081
0.9971333687459264 0.02693422768116212 -0.07070779527478951 -127.15199469616134 -0.026615570589393872 0.9996309128754549 0.005445128647020423 0.613087302291515 0.07082835827268127 -0.0035475911547017333 0.9974822094961864 66.62863528546447
0.9972678623526048 0.02672224939497779 -0.06886749673061048 -127.23715092844107 -0.0265060486608695 0.9996404430740604 0.004051413960686975 0.600214130945363 0.06895099783944923 -0.0022149397205858457 0.9976175890284696 67.62492052541198
0.9974181575656844 0.02477690226321796 -0.06740270078058086 -127.31304167322872 -0.02459600001296411 0.9996913016727543 0.0035125693151341524 0.589611706497995 0.06746892426621248 -0.0018456635853498124 0.9977196689372662 68.62198184213719
0.9974830550809218 0.024058216637280708 -0.06669900328090729 -127.39622129450217 -0.02384701176343381 0.9997077724809511 0.003961018950568238 0.570872344753781 0.06677480704867324 -0.002360477368197069 0.997765279657598 69.61834073037792
0.9974525437081548 0.027325884190680102 -0.06589172257067669 -127.47750843899615 -0.02703225325203213 0.999620277962246 0.005343890979202651 0.5603178141945843 0.06601272857753697 -0.003549075918761525 0.9978124692174725 70.61497651694164
0.9974770763183539 0.02678203891501912 -0.06574347580517155 -127.56022101070255 -0.02657655762448517 0.9996387851139753 0.003998234696115589 0.5523089338434672 0.06582680916027508 -0.0022409121819458467 0.997828547150445 71.61151858998149
0.9973724634417714 0.026350665511881578 -0.06748193532475838 -127.640031564349 -0.02614120072153382 0.9996503162708148 0.003985323637250168 0.5398976714120614 0.0675633539200838 -0.0022107932372948304 0.9977125365556603 72.6082514158616
0.9974351680603887 0.023940807885114254 -0.06745311878745171 -127.71967105007586 -0.023680827019052594 0.9997087494553397 0.0046513110121607455 0.5288514301468092 0.06754482917322253 -0.0030420355432144216 0.9977116026546511 73.60501783387424
0.9971557668759427 0.02544091702803401 -0.0709446004064112 -127.81677216994372 -0.025162441323401178 0.9996717733516357 0.004816337886779724 0.5160923914059892 0.07104384655055747 -0.0030174997540870423 0.9974686293626148 74.60021155579282
0.9968679466034925 0.028621002740216624 -0.07372336967802512 -127.91471635566802 -0.028389740421493892 0.9995881772728137 0.004183120272169871 0.5011055045594316 0.07381273381564005 -0.002077031187956497 0.997269956565475 75.59529097025128
0.9966304191530917 0.02871751833857264 -0.07683171063570249 -128.00465519768179 -0.028830212012249574 0.999584259022765 -0.0003577558325635159 0.49067091196126417 0.07678949468555848 0.0025716248522533107 0.9970440111908574 76.59118482678667
0.996447033891522 0.029573091787880333 -0.07885899372231153 -128.09495635415033 -0.02988738788346668 0.9995493280763604 -0.0028079863954258264 0.4800976525240392 0.07874041334850404 0.00515489904840836 0.9968818256551305 77.58704903912049
0.9963030208980268 0.028296059177412583 -0.08111487893411612 -128.19800378816015 -0.028738432005446204 0.9995777551758915 -0.00429114010388684 0.4691529194186159 0.08095920624201051 0.006606390281477201 0.9966955214769007 78.58166592784391
0.9961554585417648 0.028517768208142415 -0.08283139087251122 -128.29529007352787 -0.02887151025556821 0.999578398999665 -0.003075735493591099 0.44797038321630095 0.08270875596338512 0.005455378052030093 0.9965588294412413 79.57669776013802
0.9960325671130499 0.027584552448642212 -0.0846062510480018 -128.39624332943615 -0.027894710213097175 0.999607776271722 -0.0024857110105063057 0.42706148177536235 0.08450449924303934 0.004835915974096336 0.9964113626030029 80.57136935744434
0.9959602352420223 0.02690277950134668 -0.08567059163890059 -128.49516466134384 -0.027066909018730843 0.9996333392633507 -0.0007546319447065191 0.41323683744725337 0.08561887789984864 0.003070421518642012 0.9963232308136085 81.56636960339888
0.9958968500262921 0.026455052773647462 -0.0865424421336374 -128.59128083673633 -0.02632656159302085 0.9996499471168959 0.0026259062956412063 0.39895957171774454 0.08658161619188814 -0.00033676687505164405 0.9962447040389579 82.56163785538527
0.9957003033248634 0.02614968038318381 -0.08886562988373826 -128.68872930406977 -0.02557916398102844 0.9996442664639492 0.0075529395457647995 0.38921080383898166 0.08903152435406222 -0.005247355677638848 0.9960149862976877 83.55683176021525
0.9958470295722957 0.026189797146499647 -0.08719396892825507 -128.78579493945358 -0.025472399190784912 0.9996319834822341 0.009330298968262672 0.3801131147521208 0.0874062387447355 -0.007070510928996433 0.9961476583838863 84.5520689883333
0.9959343358643339 0.029020752613209716 -0.08527950846617338 -128.8921116288949 -0.028366366887024326 0.9995581903993762 0.008875428730638443 0.3743504818957061 0.0854994027821252 -0.006420274393263042 0.996317535829122 85.54638536980384
0.9960884050610767 0.029026146748957975 -0.08345880485478899 -128.98986164186795 -0.02851531143037956 0.9995666516610652 0.007306565616810959 0.3642748156107627 0.08363471956616074 -0.0048981314796817345 0.9964844414194816 86.54154590239425
0.99631078211264 0.026543923834500337 -0.08161032749333398 -129.08541303563493 -0.02622947474341911 0.9996438263281481 0.00492291973336557 0.35101150942929493 0.08171193364977611 -0.0027641619860385926 0.9966521556228773 87.53688275772697
0.9966285764164702 0.02268698481674564 -0.07884656866348817 -129.1716916447936 -0.022444936711640086 0.9997402582365627 0.003954854877117548 0.33800444028790677 0.07891581264925278 -0.002171815142533398 0.9968789182909292 88.5330699998974
0.9966489370050645 0.02169972393355893 -0.07886709293414851 -129.2536583052148 -0.02146471744846782 0.9997622839960523 0.0038264087408582115 0.32425457670116703 0.07893137697730744 -0.0021207263383096514 0.9968777960453641 89.5296141892871
0.9967723253359594 0.019398827982225322 -0.07790132808406687 -129.34737427509984 -0.01898092975943999 0.9998012289038187 0.006101392290184991 0.3098784547207141 0.07800420341117961 -0.0046030593443438 0.9969424035995551 90.525109987534
0.9969568581990462 0.016714331435172924 -0.07614232735189419 -129.42952700481285 -0.016109244509455337 0.9998336459634448 0.008554100816402807 0.298469651175968 0.07627263684456238 -0.007301474105808191 0.9970602656533146 91.52166565008439
0.997048386082718 0.01617981976858689 -0.07505151059175612 -129.527470393019 -0.015555276879030116 0.9998394107254185 0.008898658408003735 0.28678740567009703 0.07518343681333832 -0.00770494597655731 0.9971399523820274 92.51678925385777
0.9970246070557235 0.01766738659669662 -0.07503196902803383 -129.6207819597935 -0.01731492835209285 0.999835796494238 0.005345400349105408 0.27032787846197937 0.07511408777015763 -0.004030322514785496 0.9971668016530046 93.51229088979484
0.9970685744940538 0.019958365637786767 -0.07386420917782088 -129.71394408607426 -0.020035636214889407 0.9997992199047394 -0.00030522014490236195 0.24591423182199573 0.07384328701961448 0.0017842418391719756 0.9972682615240481 94.50764221461166
0.9971328386597369 0.021329847088365196 -0.07260261489480417 -129.80535749285318 -0.021855178821796474 0.9997403476473113 -0.006448910349663789 0.22669754341579584 0.07244620918339115 0.008017163414678377 0.9973400983945938 95.50327066094083
0.9969585117914549 0.026132029940387966 -0.07342235884090921 -129.898573831652 -0.02714116537020354 0.9995499113616915 -0.0127801345524887 0.1984599170910555 0.07305534141262997 0.01473403230711523 0.9972190458385041 96.49852238174253
0.9970634010922309 0.026117042746152005 -0.07198940394662226 -129.9951253507549 -0.027162664555119044 0.9995387261001053 -0.013583986176473453 0.16657648103072314 0.07160142356587929 0.015499519488429536 0.9973128902400524 97.49333965849291
0.9972073973676796 0.02295898303331849 -0.07106540461613903 -130.07934598503272 -0.02354442410184297 0.9996953200569312 -0.007411285312304778 0.14309391923574089 0.07087359683896678 0.009063782562684204 0.9974441243081055 98.48951042153143
0.9970509564497456 0.022556078215417736 -0.07335266578787963 -130.16397919816058 -0.022527183727006194 0.9997454847932072 0.0012213226119800608 0.11733252297314126 0.07336154466734057 0.0004347081006608206 0.9973053167375016 99.48559445155281
0.996923058467851 0.02166475990201387 -0.07533295210925114 -130.2501701943365 -0.02102199113495241 0.9997356186307922 0.009314973409897367 0.09475031088768195 0.07551484214264578 -0.007702663129931125 0.9971149269752597 100.48161802467109
0.9969072259972155 0.019773832532508986 -0.07605904483698132 -130.33054655985913 -0.019246449411240332 0.9997854209620969 0.007660692964816426 0.08556655388517076 0.07619420542008634 -0.006173133614049335 0.9970738866712859 101.47834762374326
0.9969507848065764 0.01420598159960941 -0.07672889130141146 -130.42742912415716 -0.013858761753147222 0.9998911804635132 0.005055883102821942 0.07040734846080757 0.07679236548135407 -0.003977099203119283 0.9970391743987327 102.47353102409396
0.9967372135626366 0.012660489942004676 -0.07971599020159288 -130.51125437333042 -0.01238597087759331 0.999915539290285 0.003937259355932507 0.05323157973001477 0.07975910496496036 -0.0029370529863901413 0.9968098408898979 103.46986411360473
0.9965638522308257 0.015135445154811746 -0.08143344968023783 -130.61242203009851 -0.015037360581898996 0.9998852803577682 0.0018176662496635627 0.03139149481073686 0.08145161885185706 -0.0005868763335650285 0.9966771239285975 104.46449486490737
0.9961384423416494 0.017009193048012204 -0.08613298462847566 -130.7167553128165 -0.017269602805114165 0.9998482718223558 -0.002279068406188433 0.010799562346219623 0.08608115071319317 0.003757750085083373 0.9962810420790865 105.45883100588549
0.9956629794588489 0.017400802167005857 -0.09139170322887136 -130.83642181566188 -0.018003416666014797 0.9998212562728992 -0.005773429936303634 -0.01514435900796581 0.09127490522306418 0.007393753365123108 0.9957982848386998 106.45131296234884
0.9953547477715897 0.019227169138054077 -0.09433579413718532 -130.9443384899081 -0.020257648162820906 0.9997450013570361 -0.009977973367834327 -0.04192474928083767 0.09411989045609981 0.01184264449160375 0.9954904308892061 107.44511225099588
0.9948852375426122 0.023967511238095672 -0.09812707335304495 -131.07356323240342 -0.02503529749138358 0.999639848886721 -0.00966469850794648 -0.07065850133102622 0.09786009400823278 0.012071906344208305 0.9951269622907001 108.43631255969365
0.9943133455788777 0.027309273480428328 -0.10293286348738243 -131.20222198313834 -0.02833049560031402 0.9995627075750575 -0.008472109787931016 -0.09570808949029098 0.10265648456274769 0.01134007086350619 0.9946522251370219 109.42768768487713
0.9937474807036133 0.030724484014363434 -0.10734034971656614 -131.34264695986795 -0.03122138116658934 0.9995081365309783 -0.00295133299033995 -0.1277969675984832 0.10719687473650655 0.006284193696923635 0.9942179534469819 110.41726186116796
0.9929592382761333 0.030864566055639107 -0.11436489708070453 -131.45616605189343 -0.030912657708747824 0.9995211733515871 0.001353371806400795 -0.14525515848375103 0.11435190735385656 0.0021914798793638 0.9934378886978659 111.41065663812041
0.9925385353642994 0.030594415232370952 -0.11803066370008508 -131.58113835539845 -0.030178996866488603 0.9995304287640416 0.005305668940062934 -0.16636793193906924 0.118137563734089 -0.0017040338489435459 0.9929957765789419 112.40259545944768
0.9919114561305464 0.030243600107204102 -0.12327606357089854 -131.7174683375228 -0.029739230103265585 0.9995401018054199 0.0059298461762230924 -0.18288249043893048 0.12339870902827904 -0.002215747134527913 0.9923546992254283 113.39312328676914
0.9910399119118558 0.02839858960091899 -0.13051211861900558 -131.85779236128153 -0.027344112825898718 0.9995774029106751 0.00986484080520287 -0.20001776170711122 0.1307371121430617 -0.006207712865947648 0.9913976355678213 114.3830824153421
0.9902663550928669 0.02902118480294873 -0.13612610625344088 -132.01272060065102 -0.02793145659768628 0.9995607276072456 0.009908862578667387 -0.2152452832120421 0.13635387674511387 -0.006010212800263131 0.9906419623853383 115.37089194380395
0.9892509817543228 0.03378662953390223 -0.14227072349169093 -132.18092475962658 -0.03282732308391295 0.9994197443270545 0.009085235736456802 -0.23069161270195507 0.1424951295913474 -0.004317211366315671 0.9897860878638192 116.35652324798909
0.9882006551231808 0.03599867797419386 -0.14887431073972673 -132.34905463312586 -0.035618662960657674 0.9993518269581723 0.005218889178363313 -0.24631175089985757 0.14896568753580028 0.00014539419266452157 0.9888423548764057 117.342165004546
0.987229096637299 0.03458047252075578 -0.15550852604582832 -132.52292616773119 -0.034569063010547865 0.9993984488833801 0.0027785341574732684 -0.2618019823184216 0.15551106274242285 0.00263273426929732 0.9878306424053619 118.32681162040177
0.9864222695401194 0.03572695737790001 -0.16029563522391935 -132.70921173791797 -0.03592360573394878 0.9993531403944826 0.001671925463370579 -0.2792696908443026 0.16025167926232192 0.004109172690576923 0.9870676339508886 119.30915214144972
0.9856341049835788 0.03769587405118976 -0.16463423754716985 -132.8983617304057 -0.03708218452383981 0.9992890790970866 0.006800587344789816 -0.2933960683849549 0.16477354971038646 -0.0005978936452788308 0.9863312424530758 120.29099880760414
0.9844962691988638 0.03837259885181705 -0.17115676904778643 -133.08644255993661 -0.03710405396533606 0.9992551282149615 0.010605560590363243 -0.3079210759837252 0.1714362421218378 -0.004090524838693591 0.9851867246840506 121.2730460417253
0.9834608797791321 0.03779961092084137 -0.17713240064508237 -133.28035992576292 -0.036030776095548896 0.9992635921832251 0.013193047829331207 -0.32744756701532024 0.17750065103545282 -0.00659262855829232 0.9840986008173588 122.25387000011287
0.9823956534572383 0.03534384729699278 -0.18343825262625574 -133.47780065249066 -0.03424041245916633 0.9993714615055076 0.009180200595271606 -0.33985962545831067 0.18364741823111355 -0.0027375877319487313 0.9829883678815619 123.23410764885875
0.9805483028375493 0.03328891985498743 -0.19343441683757157 -133.67198333154442 -0.03353911727010325 0.9994354401294666 0.0019820761739446488 -0.34706669680211305 0.1933911927031467 0.004544098161933089 0.9811112056014597 124.21504746583459
0.9787443817778734 0.030706898806818376 -0.20277209251748113 -133.88168005872615 -0.03127925591117918 0.9995106113315322 0.0003820802373626141 -0.35907434096166524 0.20268459065230704 0.005968601287792476 0.9792258843141223 125.19274045710787
0.976386132642362 0.030519014332117757 -0.21386610238158252 -134.11502031707843 -0.030506770032643505 0.9995289180714427 0.0033584105026813107 -0.3782554168802471 0.21386784930388472 0.003245258560594129 0.9768572113318335 126.16494615277847
0.9739151168630235 0.030432168291298342 -0.22486268760907233 -134.35399043573966 -0.029078410904217915 0.9995335855785662 0.009330451207658384 -0.3844843033713363 0.22504175427011497 -0.002548417850968066 0.974345787901547 127.1359531294399
0.9712188379386644 0.03248517430385104 -0.23596330707023214 -134.61491704928832 -0.02939167654745567 0.9994298467955175 0.016616578589346356 -0.39676373409697874 0.23636856428637504 -0.009202976949585356 0.9716198881416866 128.1012347104442
0.9685946566480708 0.0334108968409493 -0.24639014405022636 -134.8920206022406 -0.029412327666861828 0.9993694118559889 0.01989204936223825 -0.41335084203994316 0.24689938455578467 -0.012020425071353211 0.968966564586766 129.06193288965972
0.9654939115539922 0.036687086105873665 -0.25782855634167845 -135.18304866899018 -0.033709650832750584 0.9993042173634408 0.01596059523868343 -0.42873643722020804 0.2582347114407901 -0.006718546918736491 0.9660588465173295 130.01852400865116
0.9622140313438907 0.03621606388472074 -0.2698750722123813 -135.48629506699382 -0.035610361994861575 0.999340231131598 0.007141747715868285 -0.4407445934030693 0.2699556630329049 0.002738459154345516 0.9628688596262346 130.97136047184705
0.9590434468572586 0.03387544025025522 -0.28122610403019466 -135.78995301381065 -0.034387058616986245 0.9994037297484254 0.0031169158804827133 -0.44434289067939514 0.2811640041680703 0.006681280774330546 0.9596364745294922 131.92413892163574
0.9562524086460015 0.0330656620995636 -0.29066818358506313 -136.0982918028404 -0.032143544806208825 0.9994516617208711 0.007947855728337103 -0.45163176220478946 0.29077160020540854 0.0017429495990123698 0.9567909064370763 132.87539653973562
0.9529954025564308 0.03421029883973267 -0.30104720254406003 -136.42663834073534 -0.03119049567065531 0.9994033867932853 0.014833187315185016 -0.46454635450661486 0.3013750415779767 -0.004746147849016451 0.9534938690911802 133.81986761301414
0.9498530308939556 0.03492107159034745 -0.31074062891831494 -136.75652862798995 -0.029898835250088962 0.9993341447413177 0.020912360096955383 -0.47685556381868205 0.31126400266053306 -0.01057288575170132 0.9502646656245962 134.76381415725552
0.945700964945138 0.03321333113878269 -0.3233366040777042 -137.0927054560594 -0.02861371936556487 0.9994105212747083 0.018970108842122378 -0.4854731019489877 0.32377606453520524 -0.00868818738741542 0.9460938512822161 135.7055734550662
0.9420547630726759 0.03159030129339123 -0.3339683761021078 -137.441426260511 -0.028716347921520478 0.9994958898922078 0.013540216048174748 -0.49243933395027817 0.334227758772572 -0.0031652729382829602 0.9424870218274042 136.64278154593802
0.9387787741730862 0.027568939080717315 -0.34341573458425423 -137.80241580578019 -0.026923904812212688 0.9996153852269877 0.006647177383040715 -0.5053121980264768 0.3434669074477808 0.0030058635136003663 0.939159969479532 137.5752627193319
0.936132573121796 0.02343906578511266 -0.35086523871065944 -138.1731419000141 -0.02464780401029068 0.999695675097938 0.001021248229305406 -0.5150051941615807 0.3507823987856822 0.007692033905068295 0.9364254061678198 138.50395437758573
0.9328797569170577 0.0234456175306302 -0.35942407008014954 -138.54216057112612 -0.025466366940555867 0.9996752853691264 -0.0008876806870698486 -0.5289224531383395 0.3592865476040287 0.009981324599502697 0.9331739119103243 139.43327368069097
0.9298223812181852 0.028410935908743436 -0.36691028618251487 -138.93891902000254 -0.031228656230364894 0.9995107442234749 -0.0017444804036101773 -0.5491885390815536 0.3666812108845933 0.01308017211745165 0.9302546955977092 140.35097579178506
0.9265211629679707 0.027974920417762932 -0.3752011972263688 -139.32673676776741 -0.03004476027849569 0.9995484986041308 0.00033364357242103397 -0.5658470607739403 0.37504112701447645 0.010963702196134323 0.9269433371473502 141.27256185267967
0.9236274748925958 0.028873857958524502 -0.38220228668876394 -139.72443100726323 -0.028423621041720356 0.9995726645631033 0.006825395599673728 -0.5740895199171834 0.3822360336106554 0.0045594500552505095 0.9240534757387086 142.19004467545005
0.9205512817342044 0.030396855504379334 -0.389437246386322 -140.12949608290938 -0.026924633369467516 0.99953413908588 0.01437250568849913 -0.5782182199877902 0.38969270177337806 -0.002745173453913503 0.9209408570626418 143.1043250542629
0.917975932892126 0.041136181646952444 -0.39449714978734834 -140.55543669044803 -0.03520421730056611 0.9991320686118165 0.022265950591079456 -0.595330711322384 0.3950706895165565 -0.006551643380008588 0.9186273598439871 144.00891803286967
0.9150053106628585 0.04799974660583923 -0.40057621719785413 -140.9915336127388 -0.04383358007684329 0.9988472894719187 0.01956296430108226 -0.6019336500112328 0.40105348610430297 -0.0003415265343772811 0.916054575144523 144.90879409443744
0.9126276066165927 0.04416711078054326 -0.40639896403235354 -141.41871060014896 -0.04328094518146601 0.9989981634570736 0.011376695196335393 -0.6023278495407713 0.4064942944562323 0.007206645175850622 0.9136248972307179 145.8129638253844
0.9107745119653279 0.03638125905670279 -0.41129817935868507 -141.8375886866147 -0.03800490705973985 0.9992685897395683 0.0042323278786046735 -0.6095234391171497 0.41115132906717056 0.011776652722253398 0.9114910285115039 146.7209779110803
0.9091785799511557 0.03702959120388872 -0.4147566987201943 -142.27312451371705 -0.03895832484102931 0.9992335643123039 0.0038122011104951537 -0.6182032421187951 0.41457997863329366 0.012692254606605854 0.9099243638838446 147.62110760575328
0.9070428627392956 0.042986995411100265 -0.4188381111828657 -142.71844309185974 -0.043002102493829665 0.9990306812399439 0.009408353860323706 -0.629599992727404 0.4188365604084903 0.009477139166275114 0.908012180258838 148.51640738634939
0.9044215939634382 0.0454366221417137 -0.42421350018709425 -143.15968642187937 -0.04351663951043768 0.9989515213772858 0.01421829890394174 -0.6432221258991134 0.4244147528754786 0.0056010094049509605 0.9054505763625603 149.41369158441532
0.9024643590464178 0.042347952925638 -0.42867788785281113 -143.6007625472027 -0.040593583902147894 0.9990880351303307 0.01323854241944747 -0.6598563516822556 0.42884757384986905 0.005454259108272954 0.9033603984350108 150.31101194618455
0.9000451644786457 0.040489754364745605 -0.43391160584857724 -144.04967229233287 -0.04137166210789966 0.9991163085717903 0.007415357058567675 -0.6684941667092084 0.43382840786771726 0.011277488078416857 0.9009249307182055 151.20454801819733
0.8977095276644078 0.03724462792701878 -0.43901075343449686 -144.50349102154644 -0.04123942235539166 0.9991491975352438 0.0004371595467000883 -0.6747896719231821 0.43865352384808276 0.017712107589261623 0.8984817011271885 152.0956204743497
0.8955706567076329 0.03793465015891311 -0.44329917793921136 -144.96321714407352 -0.04256343970205865 0.9990936448102478 -0.0004924433987291441 -0.6894961507669114 0.44287871076062024 0.01930935568817882 0.8963735807897947 152.98356081424643
0.893676672085126 0.04115157399453729 -0.44682049385477735 -145.42894335918865 -0.04413016564860269 0.9990187723969448 0.0037444463309686594 -0.70926292881048 0.4465361511128546 0.01637193807314017 0.8946157976433502 153.86826921809075
0.8909522352632167 0.04283978247039821 -0.4520717504084587 -145.9101700437038 -0.044911994296436275 0.9989720023174337 0.006152345423586714 -0.7235484896397135 0.4518705868363152 0.014821997968668472 0.8919603584960609 154.74475431075385
0.8878651642073832 0.044280954624431955 -0.45796795438605353 -146.38523762510385 -0.045968491832226996 0.99891499134049 0.0074657775145222545 -0.7399419605075663 0.4578016469451241 0.014423492391749724 0.8889373515167185 155.62455699810556
0.8853107844541284 0.04267207927445348 -0.4630376967155174 -146.8538987282054 -0.04415110858415775 0.9989955819298725 0.0076489800223679075 -0.7539407677145865 0.4628990111676702 0.013671903122368424 0.8863055819101032 156.5078262009712
0.8840752927645502 0.04054811777045272 -0.46558213761757333 -147.33039554578872 -0.04196453998516794 0.9990922314330476 0.007327378382752313 -0.763882711399742 0.46545660818932294 0.01305998604150399 0.8849743401124621 157.38698885989507
0.8818191213255712 0.039439209455908786 -0.4699357254158179 -147.81300408138912 -0.04073402671058986 0.9991424985651344 0.007416645397924858 -0.7745753478401992 0.46982526148828907 0.012602234663366681 0.8826694779751656 158.26276044336163
0.8800679519483382 0.04110858254359769 -0.47306498961000476 -148.3008506789352 -0.04210694458620012 0.9990770842415858 0.008484395143026176 -0.7873898188573036 0.47297717193441013 0.012452477046136112 0.880986680174192 159.1356000863974
0.878451766835548 0.04130029893506343 -0.4760428327906835 -148.79847988504048 -0.042290141035078783 0.9990680319727934 0.008637792613843346 -0.8023849999534329 0.4759559195080334 0.012544034354266482 0.8793796733421706 160.0028649665647
0.8769858686584696 0.03850983970894198 -0.4789705402411942 -149.29595133057646 -0.04119095731250085 0.9991392171433787 0.004912209461456669 -0.8199968570961363 0.47874741901030626 0.01542131679543237 0.8778172314207932 160.87017454657266
0.8746592292285839 0.03563470412672309 -0.4834267272162977 -149.7934761541303 -0.040063490458437344 0.9991964545564372 0.0011670193355970008 -0.8402043972352107 0.48307985826108163 0.018347017840615442 0.875384051419039 161.7373896990462
0.8738719850515112 0.034860341523424904 -0.4849046404510911 -150.2926181342268 -0.040175510139497786 0.9991924760872359 -0.0005693115903483363 -0.8590914785108764 0.4844932219620447 0.019978796748702732 0.8745668445312297 162.60372957020886
0.8718622915699699 0.035539418415471154 -0.4884599208502694 -150.7968385351497 -0.04020376925987558 0.9991910606956007 0.0009387029863079813 -0.8786181585918126 0.48809814737986895 0.018819510213815116 0.8725858264719024 163.46710374754528
0.8707666713355982 0.038690818098604786 -0.49017183179573226 -151.29345064246914 -0.039793942701306956 0.9991744569262203 0.008175986208114173 -0.9024023609779274 0.4900835094301871 0.012386493492948548 0.8715874761396827 164.33476913286322
0.869520384916829 0.04198969000579634 -0.49210889663498997 -151.79034049901978 -0.0369335970410286 0.9991177300556828 0.019991770756690678 -0.9346006138282131 0.49251417200289904 0.0007920994850950606 0.8703040635057988 165.201997457077
0.8662967622581224 0.043031879079506334 -0.49767276104281766 -152.28231809494838 -0.03352392430711596 0.9990448137221871 0.02802867592036028 -0.9530201281410312 0.49840351744359285 -0.007597207229277659 0.8669118849353552 166.07247635549786
0.8662588486457188 0.03950653603501016 -0.49803096364935834 -152.78687774642276 -0.030254687776631935 0.9991872325758175 0.026636969140934053 -0.9588139547755008 0.4986785146871006 -0.008006738911130797 0.8667500395855064 166.93586513635685
0.8648080009757673 0.0387294665183806 -0.5006067816874831 -153.29330455456818 -0.03001719561444536 0.9992253372216401 0.025449821644584442 -0.9596940095465435 0.5012046382623988 -0.006982397689811933 0.8653006163795102 167.79816753407678
0.8603439756236846 0.03734702871904615 -0.5083438236606124 -153.81982304687185 -0.029009363494701637 0.9992832734621868 0.024318639113364824 -0.950626938271309 0.5088877090652373 -0.006175663895692892 0.8608107577962666 168.64841146650858
0.8593894454969658 0.035374156835421694 -0.5100965104728719 -154.35468085299465 -0.02750072691523098 0.9993578073487873 0.0229713497678168 -0.9428149640173087 0.5105815223718461 -0.005713310704354447 0.8598103669375269 169.49331825836975
0.8588806681746997 0.03348703400022009 -0.5110798532417901 -154.87793940729344 -0.025602402090157635 0.9994198931717148 0.02245872079726685 -0.9406830701346268 0.5115354482760661 -0.006204489221830753 0.8592397741436912 170.3454948595991
0.858256829108873 0.035248906408554395 -0.5120085252073289 -155.4080470101759 -0.025639054778080487 0.999337733262159 0.025821187976815593 -0.9556712739719462 0.5125796076299465 -0.009033796292171258 0.8585921828007071 171.19331387195845
0.8566485279927508 0.03559817271223907 -0.5146708361539468 -155.93549568089796 -0.024382839402876482 0.9992953985854883 0.028533901039306968 -0.9630034711221201 0.5153239530921372 -0.01189438797992756 0.8569129167564677 172.04287287545034
0.8562142057817247 0.03374400574273812 -0.5155177745665077 -156.4622727057749 -0.022622824168142087 0.9993563484115823 0.027840558832807262 -0.970033870725682 0.5161254127091868 -0.012175013999981667 0.8564264868567956 172.8928609007095
0.8541478663584631 0.03271793935532866 -0.5189999603464593 -156.98654168958436 -0.020715256358447096 0.9993673972363222 0.02890819079604333 -0.9827415575261987 0.5196174559705338 -0.013940652260123202 0.8542852905588824 173.74432459062777
0.8521986810533577 0.03195917826740014 -0.5222413416567001 -157.51809488503278 -0.02010408981280132 0.9993957795813208 0.02835315375474962 -1.0022348641923615 0.5228319362698848 -0.013663333396876741 0.8523262753997264 174.591129362533
0.8521151098389063 0.03292016986060151 -0.5223180084972928 -158.0618806303443 -0.022387886868132277 0.9993990033192027 0.026465348782160607 -1.0141405679118993 0.522875340885195 -0.010857927101010419 0.8523400045247562 175.4302883380542
0.850182728752138 0.03057498673152714 -0.5255991799060722 -158.59916087537175 -0.02187574425259578 0.9995016478196221 0.02275758816862332 -1.0200970228701651 0.5260330593650594 -0.007850235170018406 0.8504278889258117 176.27367183935087
0.8472094755781578 0.026295885144334608 -0.5306077938695009 -159.12503294911497 -0.018683249351942172 0.9996311847297898 0.019708645548781017 -1.022120795193298 0.5309303538923315 -0.00678387353879088 0.8473883043655811 177.12423997910102
0.8450671172187101 0.02216753518795536 -0.5342004939901773 -159.66093082333725 -0.013767396238400481 0.9997110317833418 0.01970562689941086 -1.0173191665778405 0.5344829522037855 -0.009298027445360738 0.8451281089214536 177.9685107324986
0.8414537922905887 0.023316196605961136 -0.5398257778354224 -160.21668513980816 -0.014066163730107467 0.9996751863954985 0.021252405582448005 -1.0143113194220583 0.5401459603456319 -0.010289639495883083 0.8415084460903176 178.7998526311731
0.8377082325240482 0.026356814590742392 -0.5454816545825021 -160.79333434781225 -0.017067048117427232 0.9996103122428882 0.022089353232509996 -1.0144470983549696 0.545851292047562 -0.00919467140807217 0.8378316209046457 179.61684784867103
0.8350796667698163 0.03328175992320467 -0.549121366005755 -161.37903331523526 -0.02132559546031676 0.9993764770178238 0.0281402942718021 -1.023438578043912 0.54971553473217 -0.011789047453246044 0.8352687287539685 180.42734103570697
0.8311808001285611 0.03831698410699753 -0.5546803459891009 -161.96333901798732 -0.022777703178398646 0.9991316478490098 0.03488734017429304 -1.024203908391806 0.5555354657765441 -0.016363343040595217 0.8313318153835899 181.23887469404593
0.8272045437397935 0.04050809701077075 -0.5604388788198099 -162.54847842156312 -0.021762334806621462 0.9989593377507131 0.04008294281135977 -1.0216862575635606 0.5614793349714704 -0.02096033390049506 0.827225253968214 182.04980983908496
0.8217261727759975 0.03812644900735203 -0.5686057253150033 -163.13235969967855 -0.017363129930490332 0.9989713017717399 0.04189104863201669 -1.0059358262965081 0.5696179585423274 -0.024550195978095376 0.8215428590058521 182.86149779926765
0.8159237200811725 0.03636066640866758 -0.5770150647489352 -163.72979737006085 -0.013913668147856788 0.9989662882403902 0.04327545260175182 -0.9939039728874342 0.5779921217867698 -0.02728107214778722 0.8155862003828267 183.66332812755522
0.8084312975401877 0.034684330351492494 -0.5875677274881227 -164.35754909195416 -0.010830503545252121 0.9989698291398095 0.04406790965468849 -0.9825467230234897 0.5884908982732403 -0.029262223026387948 0.8079741239378339 184.441662389105
0.7988174664386375 0.03574149538559606 -0.6005107832671763 -165.0077053768028 -0.010078416077592795 0.9988884907042898 0.04604572366540299 -0.9786666358124149 0.6014890529693154 -0.030729930785883285 0.798289791060848 185.20145555592512
0.7871744821596515 0.03779088759175127 -0.6155714283913054 -165.69087515728023 -0.011601669321117445 0.9988516050953856 0.04648518330966432 -0.9775690567033328 0.6166212256366533 -0.02945029394415783 0.7867089323764891 185.93171489497686
0.7726999717627464 0.03615880105164505 -0.6337407157066351 -166.38771805293416 -0.011132198289939846 0.9989946384009698 0.04342564458182345 -0.9688165022377423 0.6346737963702967 -0.026500067030499577 0.7723256558267991 186.64889064088376
0.7584569943204323 0.033988744995859306 -0.6508361951981633 -167.1089825414498 -0.01163782675102763 0.9991862564290999 0.038618466459869646 -0.9609426531965255 0.6516191746372487 -0.02171612711340312 0.7582353599432478 187.34150550036708
0.7456253910467947 0.030825370071757594 -0.6656519907476078 -167.85348693663067 -0.011093374072914788 0.999365255003153 0.03385297836467699 -0.9278931218886046 0.6662730020629632 -0.01785731369551749 0.7454940664214489 188.00832247373333
0.7327037308669786 0.030307562235914083 -0.6798725575024529 -168.61530430915838 -0.014294884765681701 0.9994728542994545 0.029149095835637063 -0.9062893248083568 0.680397603643007 -0.011638951405323662 0.7327507323551707 188.65578793357426
0.7187637502580227 0.036120762829528794 -0.6943154627455991 -169.4251553921996 -0.02184110120231267 0.9993297098317323 0.029378518442802194 -0.8914407395426924 0.6949112444142012 -0.00595159980481597 0.7190708872193832 189.2422566094831
0.6998516952375936 0.037934721058518375 -0.7132801424484483 -170.22227002043348 -0.02408133605316019 0.9992741573480243 0.029516905499881296 -0.8811598705158804 0.7138821288749018 -0.003480717541912871 0.7002572317930267 189.84602788904652
0.6861703493053858 0.03736269597681816 -0.7264807503874198 -170.99892784274058 -0.0203889719429243 0.9992755594957139 0.032134810060692215 -0.8566290998626932 0.7271551014448266 -0.007237758207483869 0.6864350466714932 190.4756049117357
0.6704563935212222 0.0361522401976829 -0.7410676351826497 -171.80234615222565 -0.016900379886241396 0.9992971675138965 0.03345964970531588 -0.8246677018604239 0.7417564300673216 -0.009908911513924347 0.6705961615804203 191.07022933613882
0.6479827126920669 0.03533240111789035 -0.7608350842879649 -172.64520596908415 -0.015634914171818757 0.9993300091825295 0.033092026321816966 -0.8085819985050049 0.76149455251569 -0.009547469742737581 0.648100989283647 191.60817490091378
0.6274786250172665 0.04018955569752058 -0.7775958942530987 -173.50929364546118 -0.0187504621907476 0.9991573579702226 0.036510192845234185 -0.7800280516991164 0.7784079876993008 -0.008329083190769642 0.6277034578996102 192.11075479772256
0.6057046720332276 0.04509845545335492 -0.794410460399938 -174.3882570869788 -0.020363383479763467 0.9989440666696902 0.0411835437848189 -0.7649252730035259 0.7954289301316472 -0.00876818003589056 0.6059834454244458 192.58742486676326
0.5822845887784298 0.04743346649643813 -0.8116001009901772 -175.26730178897938 -0.021336202898817967 0.9988442407548985 0.04306912068558145 -0.7376487547838889 0.8127050043632044 -0.007762020800024928 0.582623658047032 193.06340100983653
0.5596778087200079 0.051309387130960823 -0.8271203644081162 -176.17512220910444 -0.023865044489667545 0.9986654051058712 0.04580249224912002 -0.7259729833846069 0.8283665915993215 -0.005895374200993044 0.5601553663807517 193.48263081571102
0.5326804014530223 0.05472147362896578 -0.8445455288092649 -177.08955737749432 -0.026944702287501694 0.9984981310120468 0.04770183837218196 -0.7139409852898853 0.8458874469611697 -0.00265380657213486 0.533354839093256 193.88719461142605
0.5048101510773786 0.05717676366773544 -0.86133473694361 -178.015469917103 -0.028045327300472774 0.998363568498938 0.04983617873266452 -0.7129388427115314 0.8627746930606184 -0.0010013943023055682 0.5055876048951436 194.26493484366975
0.47599759977366546 0.05719738511039836 -0.8775846079702184 -178.9513489872285 -0.02609035769632047 0.9983619898379846 0.05091787978712823 -0.7012271518438892 0.8790594850435255 -0.0013402922335090126 0.4767102111049663 194.61706053853428
0.4451980322186569 0.053691949943410235 -0.8938209477406031 -179.90102499464828 -0.024926981935172402 0.9985569375129044 0.047567721371235744 -0.6895848397284825 0.8950851119755262 0.001103202666009077 0.4458939619053375 194.93008050741102
0.4127213014242295 0.049415562086685884 -0.9095159314571389 -180.8602588781568 -0.0236451189477942 0.9987720396071883 0.04353528739815845 -0.650957336680284 0.9105504026140651 0.0035376719113719736 0.41338293285622313 195.21005074512468
0.3742905093730326 0.048255511883554245 -0.9260550848443799 -181.82839262474778 -0.022574550476299086 0.9988233000276915 0.04292324536406533 -0.6106594115203379 0.9270366790284352 0.004839513885393121 0.3749394282297933 195.45722385517828
0.33368504379636127 0.046239185535533515 -0.9415499080068092 -182.80671165071303 -0.02077158358863169 0.9989144493472268 0.04169489417837128 -0.5723293462808232 0.9424557458373534 0.005644520027037353 0.3342832728866694 195.6607595225644
0.2932034062398169 0.04570457121003624 -0.9549569910419398 -183.79303869242827 -0.01932166165637433 0.9989359278080135 0.041877028609706456 -0.5336168147357198 0.9558548194993873 0.006172868445733362 0.2937745049097117 195.82102090584792
0.24712650584709786 0.04307574704759253 -0.9680252941551145 -184.78539267682535 -0.017056613553011708 0.9990500022708086 0.04010193133502297 -0.49542698539460667 0.968833092974176 0.006600983183399702 0.24762646259861845 195.9383699890824
0.20041879080662986 0.040908670856130896 -0.978855857080292 -185.7819791271402 -0.015013919107759824 0.9991387612183408 0.03868227066891991 -0.45710610748515557 0.979595268733284 0.006943808743240627 0.20086038184645408 196.01155082563577
0.14931744884765116 0.03998710036977968 -0.9879804306126949 -186.78126171617413 -0.012787478552787411 0.9991764826429768 0.03850762165428539 -0.4249649046191839 0.9887066197117788 0.00688391874042495 0.14970581752518555 196.03215553066238
0.09871089695547317 0.041673874164036555 -0.9942431528727799 -187.78049825302207 -0.010388420833292864 0.9991114256272412 0.04084654077998141 -0.3931677263571063 0.9950619274873485 0.006296617604741994 0.09905611072469629 196.00945318847909
0.04715028943487247 0.04244397214304051 -0.9979856509163487 -188.7785628857147 -0.00566372477649096 0.9990921393334982 0.04222344542631356 -0.3588063231786336 0.9988717497396072 0.003661468384889059 0.04734787451831963 195.95746530937953
-0.005016168052677064 0.04513345955415119 -0.9989683723155308 -189.7732956488698 -0.0010387318823689993 0.9989801664271782 0.04513920824740668 -0.32562201964872917 0.999986879460998 0.0012640861521360834 -0.00496417083268954 195.8604313025422
-0.05928590550979836 0.046332828455545996 -0.9971652071824368 -190.7623412307198 0.004033558605116909 0.9989252318291539 0.04617479420689541 -0.2814468118598602 0.9982328945756412 -0.0012846098158696244 -0.05940907308449298 195.7196063579797
-0.11102861189732145 0.04827199556217557 -0.9926441768250088 -191.7390497724689 0.007789541672076818 0.9988312571926761 0.04770160055424087 -0.24150051163561673 0.9937866825333764 -0.0024360006861050432 -0.11127486472678527 195.50877899410608
-0.16222500394828399 0.04970100411324355 -0.9855013233294588 -192.7061480436129 0.0107940681981822 0.9987603428310404 0.04859285626257076 -0.19929709324379086 0.9866947532979554 -0.002754592194363158 -0.16256037658707165 195.2579093015154
-0.21151593988389708 0.05123946487731368 -0.9760304935882476 -193.66375742465794 0.015356172885605349 0.9986757900517492 0.049100451309750395 -0.16882742361999603 0.9772539051491889 -0.004602564893658579 -0.21202269045331137 194.9714588661079
-0.2593030772190665 0.05434362538573621 -0.9642658785442206 -194.60842438966336 0.020938451581420714 0.9984973446251172 0.05064221580817371 -0.13235759637695185 0.965569000843594 -0.0070585520132628865 -0.26005130542525795 194.64543345930042
-0.3061926275527411 0.05465497142433381 -0.9503993418195077 -195.53633968104523 0.026648991428937046 0.9984513980920989 0.048832744175939004 -0.09470551974554117 0.9515965038230068 -0.010374957664374004 -0.3071749569305639 194.27455114335456
-0.3507642694866346 0.05727691288878527 -0.9347105340700071 -196.44961023151546 0.03212764704131214 0.9982762460812403 0.049115687977824556 -0.05686406218604396 0.9359125181057777 -0.012802021710522568 -0.35199981064345337 193.8689562966062
-0.3935257059545666 0.05852883787690877 -0.9174485783354501 -197.34343782370942 0.03598693284307479 0.9981871084622362 0.04824351940258002 -0.014068295753916285 0.9186089806971784 -0.014031095344899276 -0.39491855989040897 193.42259641344867
-0.43137795590891215 0.059166183252241045 -0.9002290941283839 -198.21642272262494 0.03874115893280208 0.9981415910954505 0.04703707824668834 0.02502394541875095 0.9013391047549157 -0.01458515974557632 -0.4328684457832475 192.9364121680143
-0.46565048119790214 0.060090654227503176 -0.8829262385016501 -199.07726741663146 0.04025660079640613 0.9980975449794717 0.04669793141317495 0.06302847830211579 0.8840526202961462 -0.01379869488254197 -0.46718364758096775 192.42896609929716
-0.49448414129886326 0.06001184599051789 -0.8671124565733883 -199.92692643938722 0.041078790112834794 0.9981124145394622 0.045652392544858096 0.10004201545073449 0.8682153920582107 -0.01304554648202012 -0.49601597424900984 191.90293525563507
-0.5166112859831756 0.05962448302940837 -0.8541414989439896 -200.7621788627294 0.04018347469199624 0.9981615641826359 0.04537378262995726 0.13498423196825218 0.8552766029516348 -0.010881765111816348 -0.5180574481962058 191.35416692122763
-0.5340202170226128 0.05849381346345681 -0.8434458379751625 -201.58976718458928 0.03895817869816237 0.9982466455777183 0.044563380766664835 0.17083582028426889 0.8445736605670608 -0.009061367409782094 -0.5353627027511553 190.79397147472142
-0.5467951749729323 0.05886857088964757 -0.8351943055287979 -202.41250690689944 0.038329152673223864 0.9982393381296686 0.045266984279860756 0.20689980941767783 0.8363886134337759 -0.007260521458617127 -0.5480888359987607 190.22667764368646
-0.5581425105967366 0.05946741190699692 -0.8276113609574578 -203.22736018064 0.039330130572937806 0.9982033971322335 0.04520087148256518 0.24035465948852977 0.8288124508559753 -0.007321534999664307 -0.5594786112367136 189.647976225058
-0.568472701524468 0.06046611433412684 -0.8204770786797189 -204.0431856294045 0.04050228441417214 0.9981430618897426 0.0454971752815723 0.27773627549647334 0.8217045409261821 -0.007367293851947504 -0.5698660986605475 189.0708872439515
-0.5762392954039791 0.061560139682498745 -0.8149592772860477 -204.85016696183476 0.04199914036362713 0.998072142139426 0.04569541874119087 0.30586847267205625 0.816201167997843 -0.007896093178763327 -0.5777138608960932 188.4809792630743
-0.5823895779042789 0.061268834097692335 -0.8105976249143502 -205.65009397662556 0.04111692685394767 0.9980994943361655 0.04589986636120787 0.3386887693513409 0.8118693108343018 -0.006597679455620477 -0.5838019293829357 187.88177907427178
-0.5878153979111616 0.06170488928871941 -0.8066384348742688 -206.4441459947464 0.04079034980322457 0.9980793034725418 0.04662457874013819 0.3715915257807031 0.8079660917027859 -0.005496418618672489 -0.5892033469362639 187.27481892868477
-0.5927955896369299 0.06237268313562737 -0.8029340180273018 -207.23909048779618 0.041539296755792474 0.9980373603201446 0.04686058290537301 0.4012399920173868 0.8042809681523242 -0.0055745675760361805 -0.5942230628848917 186.66886096660815
-0.5961039324103993 0.06364105674739834 -0.8003811077611294 -208.02884091977856 0.0425866226979638 0.99795662648591 0.047633509423957776 0.43279740672986045 0.8017770770806811 -0.0056910059686725535 -0.5975961270950689 186.05624428071633
-0.59735252549557 0.06464661815695406 -0.7993689855410536 -208.8223936845294 0.04368734130102271 0.9978888549876377 0.04805464911440446 0.4707949659037653 0.8007879722461579 -0.006216739686491419 -0.5989156665621286 185.4489219909899
-0.5984716066711818 0.06491556926478335 -0.7985096773837141 -209.61492266656242 0.04448678121058896 0.9978667104573395 0.04778027269248756 0.5042182367017073 0.7999079086406987 -0.006927988746847124 -0.600082778178135 184.84000256125006
-0.5994533847211307 0.06439778280247824 -0.7978148689492472 -210.40735758539876 0.04424905900572463 0.9979001212896403 0.047300831992980366 0.5373795158813158 0.7991856231961939 -0.00694791337346216 -0.6010441466117673 184.23094780556355
-0.6000507659868909 0.06399490767505074 -0.797398100091922 -211.2002106857294 0.045027199809399 0.997916700787092 0.04620399947546782 0.5717605894450777 0.7986937019382779 -0.008179858303561842 -0.601682192193075 183.622505222307
-0.600374365700541 0.06287518164944321 -0.7972435841963372 -211.99260846824126 0.04560980767410924 0.9979739650566329 0.04435888313599052 0.6028312051433489 0.7984174136713231 -0.009730190218657824 -0.6020257111990365 183.0132890537816
-0.6016739656113168 0.06372164803156002 -0.7961959499254525 -212.78182387174687 0.04567476955926403 0.9979264061743506 0.045350890682019425 0.633850740202131 0.7974347964136385 -0.009079616296208496 -0.6033368097809498 182.39995470585004
-0.6024649000823877 0.06470045949073157 -0.7955186325350315 -213.56857232249314 0.04419154552154085 0.997884061955984 0.047691783345171816 0.6665464329887524 0.7969210446920931 -0.006422572375106027 -0.604049334980969 181.78354724330273
-0.603109725729551 0.06546256711721282 -0.7949674905534502 -214.3560706137654 0.04331742490793398 0.9978439600949192 0.04930549666552538 0.7026837196288033 0.7964811733052904 -0.004699320005393567 -0.604645066929117 181.16828947260663
-0.6039411247160997 0.06559631109086213 -0.7943250228010718 -215.1441639681278 0.0437206297637126 0.9978335230966653 0.049160621614870226 0.7347000507417831 0.7958288914143026 -0.005038269124110974 -0.6055006122494978 180.55356663938673
-0.6045379876985238 0.06393222260467933 -0.7940066072409254 -215.9317763283125 0.0443541812683129 0.9979292894786664 0.046581539311416675 0.7675811065098375 0.7953405107458302 -0.007057202946578687 -0.6061218259171454 179.9382731139079
-0.6049981745416574 0.06270511240370047 -0.7937539150641725 -216.72060462532409 0.04545977065064734 0.9979883083973341 0.04418988068118504 0.8011101749074292 0.7949280584138755 -0.009349073786540183 -0.6066316648227995 179.3245715006129
-0.6053664157419458 0.06382406016722574 -0.793383886927079 -217.50959526400774 0.04771883013357978 0.9978971385907094 0.04386586421303289 0.8333114404480351 0.7945152081253279 -0.011304429938926039 -0.6071390235533572 178.71100953721546
-0.6059017185229381 0.06447199147483337 -0.7929227388631375 -218.29711699008445 0.049894944591079085 0.9978281253768398 0.04300612411266533 0.8615774678465812 0.7939733005556323 -0.013505351613708323 -0.6078026023986628 178.0953709196017
-0.6073021449909072 0.06272238078752035 -0.7919911663887347 -219.08238407933896 0.04990189704689441 0.9979217977159609 0.040766239886273356 0.8866158193590425 0.7929022041592301 -0.014764436721032838 -0.6091700140746806 177.47671937272304
-0.6084970129511759 0.058781985651189195 -0.7913760568733424 -219.86472518973727 0.0494884263774385 0.998122564304343 0.0360865942034822 0.9135005983016057 0.7920115408781506 -0.01720537094704393 -0.6102636269075796 176.85444944785547
-0.6091549383716356 0.05506693138114544 -0.7911370893376904 -220.6472719979049 0.04774995809461426 0.9983232050526161 0.03272185440090576 0.9354072528838974 0.7916124067745607 -0.017844083661980526 -0.6107629541146492 176.23224267880127
-0.6092981789753119 0.05298391091548488 -0.7911690301582011 -221.4281531382732 0.04516728081390403 0.9984641552872042 0.032081885083125726 0.9565989583243795 0.7916537411275512 -0.01618751959717593 -0.6107555307715555 175.60792242642216
-0.6089938821926653 0.0537961247694535 -0.7913484873377185 -222.21069743116934 0.043713305569349215 0.9984573579492038 0.03423523438353372 0.9735802205920822 0.7919694428247265 -0.013743409943832023 -0.6104060290618116 174.98555879467082
-0.6090756092733383 0.055951205537672105 -0.7911361227925271 -222.99623256812134 0.04308502284649558 0.998369738010696 0.03743724122809414 0.9927361400422161 0.7919410224218907 -0.011284007414689665 -0.6104933154278078 174.36703841572321
-0.6083335461549801 0.058297581729060736 -0.7915375471745164 -223.781716055788 0.04401953410180478 0.9982419265009955 0.03969051263262289 1.0124906231556243 0.7924598268934315 -0.010698043752195102 -0.6098302834559053 173.74846828184013
-0.6087522678676579 0.06046137371712115 -0.7910531579193787 -224.56772736177513 0.04571479610315206 0.9981083866874821 0.04110724803922353 1.0325450726406533 0.792042191921132 -0.01113870335136338 -0.610364723345329 173.13058104485526
-0.608369721365316 0.06151034610563502 -0.7912665539802959 -225.35469164124007 0.04631771385418281 0.9980445596072272 0.04197292486517212 1.053441002002275 0.7923010485347162 -0.011114601224532606 -0.6100291092484111 172.51393441957032
-0.6095583451158779 0.06189508894635156 -0.7903212143577542 -226.13649468391426 0.046800746111924044 0.9980181610691808 0.04206471608672927 1.0742235185228561 0.7913585243509799 -0.011346723774428902 -0.6112470350002751 171.89074876112483
-0.6092036188846308 0.06106824886853496 -0.7906589781429159 -226.92231656981997 0.04495296632736042 0.9980866537376311 0.04245306171748606 1.097590199095057 0.7917387078804734 -0.009679907589858705 -0.6107832003524749 171.27273427568062
-0.6093455017166387 0.06151585049100381 -0.7905149332403948 -227.70635230248715 0.04505833811243524 0.9980613010610164 0.042934665375846635 1.1218730695273755 0.791623525234214 -0.009457243930393693 -0.6109359662296845 170.65249268747846
-0.6098124674053798 0.06210400656930248 -0.7901087564158508 -228.4895820598114 0.044382420306469855 0.9980366710166777 0.04419280567792565 1.14087093426794 0.7913020632885418 -0.008117615043048265 -0.6113715310360066 170.03105039463762
-0.6095774016091281 0.06281828304986456 -0.7902336709873418 -229.27580012096755 0.044913475231546346 0.9979908701847048 0.044687836942507095 1.1610565989902173 0.7914532021478528 -0.008251444882078103 -0.611174068876674 169.4134288415496
-0.6107877938691677 0.06275650440771144 -0.7893034220215692 -230.0588059695607 0.04512071717824481 0.9979928867793418 0.04443330754237994 1.18214845306111 0.7905076797487529 -0.008474614584735606 -0.6123934920995525 168.79177109266243
-0.611306953462975 0.06310141174147428 -0.7888738939045 -230.8422370619604 0.046500981755778076 0.9979578850158201 0.043791762130556425 1.2053743800423857 0.7900262447182154 -0.009913201853257097 -0.6129928719695298 168.17072624140005
-0.612284707513799 0.0630706949016022 -0.788117709729562 -231.6230717656318 0.04696103983889031 0.9979543477617456 0.043379494241844674 1.2264791339181158 0.78924146981896 -0.01045022622038061 -0.613994051347366 167.54634453596935
-0.6135539440487263 0.06363446633048751 -0.7870846285102295 -232.4037744611566 0.04768137173827206 0.9979144749613017 0.04351077397456169 1.2485174321687142 0.7882119286913958 -0.010833067780771068 -0.6153085405802919 166.92182883024577
-0.6144365849020442 0.06294447204828531 -0.7864513186284802 -233.18285156860088 0.04716132112402939 0.9979601743387592 0.04302673847258899 1.268740121501278 0.787555390384543 -0.010652880939683161 -0.6161517858482084 166.29522696075588
-0.6150107072495407 0.062151923896885244 -0.7860654987495224 -233.96408504434754 0.04691408789138638 0.9980069443645672 0.042204352351599445 1.288675205308132 0.7871219081728953 -0.010921417307955579 -0.6167007575139235 165.67130622347574
-0.6158204528688075 0.06125676823056547 -0.7855016092755019 -234.74229485288103 0.04605898439245105 0.9980669693517701 0.04172402959575905 1.3099250884508253 0.7865390898011323 -0.010484895560693664 -0.6174514775914697 165.0436592197632
-0.615964048523201 0.06051917034102708 -0.7854461922678988 -235.52246003079165 0.0448416118186088 0.9981217289838341 0.04174019621216084 1.3308962852216097 0.786496993494837 -0.009510213013086117 -0.6175208782478772 164.41843719450517
-0.6167325489016197 0.05861691452187924 -0.7849872740734372 -236.3003436838107 0.041604960020732905 0.9982570756172501 0.04185496722932463 1.3514702122633961 0.7860725096497048 -0.0068460435310743 -0.6180963850897261 163.79036407760123
-0.6164248685809918 0.05766587476850121 -0.7852993240046053 -237.07498620211 0.04048030178819709 0.9983167657628462 0.04153288292360173 1.3734830180520412 0.7863725113214755 -0.006187251731802657 -0.6177216131510737 163.1583465296046
-0.6155874131562372 0.056027881198037546 -0.7860744324121414 -237.85208173472375 0.039607389318827756 0.9984085531788519 0.0401449330633036 1.3946077658239762 0.7870726722958684 -0.006421640582354864 -0.6168268566277518 162.5293181501158
-0.6141250396876775 0.053476207519255366 -0.7873949014681043 -238.6294779174771 0.03791639606628418 0.9985488155697918 0.03824408233321012 1.416856555364708 0.7882973947299038 -0.006368528363935985 -0.6152614560563059 161.9007002138103
-0.6127228218222733 0.05449482920518394 -0.7884168042400214 -239.41523906753477 0.039091203056528474 0.9984884696937004 0.038634877149075264 1.4342499009251544 0.78933048937802 -0.007147690440187652 -0.6139269411417196 161.28241477427937
-0.6108986493113874 0.0562098791686996 -0.7897108899802271 -240.19931170539195 0.04047843304286468 0.9983894139265614 0.03975015242448916 1.4533469794110534 0.7906733438835013 -0.0076829449572434335 -0.6121900322848032 160.66203575420366
-0.6097360395074333 0.062061616226722134 -0.7901710687674641 -240.98806887761899 0.042986878931326786 0.9980518266741989 0.045218132558045986 1.4785769517421703 0.7914379889577794 -0.0063958630082789495 -0.6112160032025071 160.04784815270335
-0.608698837677322 0.06799521433689525 -0.7904823690871016 -241.77759286533814 0.04529929072675689 0.9976740810275906 0.050935275648652856 1.5047158195487709 0.7921071261325269 -0.004804047567543119 -0.6103631884845612 159.43468229108717
-0.608892146957603 0.07025319645254889 -0.7901359640983064 -242.56665643711543 0.04579313230674756 0.9975224560340241 0.0534035461498978 1.5292605861901918 0.7919301373270867 -0.0036658008739125416 -0.6106007038131027 158.8208591700005
-0.6088934816866409 0.06669733983886604 -0.7904430357830593 -243.3490447097007 0.045717989899446476 0.9977532478302414 0.048972664250154854 1.5622189499240118 0.7919334526076514 -0.006318330683269993 -0.610574717244584 158.19894068205318
-0.6090502197603068 0.06254134093405128 -0.7906620077404076 -244.1387162937854 0.04527247601374634 0.9980021953300443 0.044068367702880605 1.5959282521431968 0.7918385142979013 -0.00895537774649066 -0.6106648577443377 157.58633752835846
-0.6082979515998577 0.0623896773550146 -0.7912528864016573 -244.92507402131534 0.04536167798568062 0.9980091171007602 0.043819177925699025 1.6181083680286148 0.7924114589338935 -0.009237442465199848 -0.6099170020641848 156.9689629199513
-0.6079010709433174 0.06386945198805721 -0.7914398151778268 -245.7130346810242 0.04447621953650717 0.9979336352333771 0.046371603009138784 1.642470593667428 0.7927661407008434 -0.007010903839167836 -0.609485597357026 156.35371607543462
-0.6081999137924707 0.06541779526648497 -0.7910836725184657 -246.49823402336244 0.04540120924159032 0.9978336881903486 0.047609462419222315 1.6625058840066818 0.7924844446815557 -0.006960084404539675 -0.6098524101476113 155.73479668736647
-0.6090912521684744 0.06522246966296305 -0.790413737217986 -247.28708121455125 0.04655796373004626 0.9978345345520749 0.04646071102076903 1.683212719272512 0.791732405895548 -0.008501241456847445 -0.6108089114842233 155.12055590054564
-0.610120931692149 0.06317852639547517 -0.7897853648388277 -248.073632042371 0.046486240682113475 0.9979529588105919 0.04391948802558432 1.709807173784635 0.790943410199712 -0.009917953603496812 -0.6118089211984173 154.5036011178165
-0.6099142522538245 0.06436910626352672 -0.7898488608945974 -248.85600187361874 0.04588924106326128 0.9978919935402134 0.045888416653619084 1.7329455518336792 0.7911376507614193 -0.008257565450730421 -0.611582398504512 153.8812116807613
-0.6106181742878464 0.06758589410979884 -0.789035862395846 -249.63717008579414 0.046111711058906366 0.9976954727822929 0.049774026288184677 1.7619695150471673 0.7905815298453404 -0.005990868642865611 -0.6123274893064231 153.2575656613326
-0.6112989668813189 0.070412732045015 -0.788261137095943 -250.41925304592783 0.04731514964857863 0.9975040849165735 0.05241065911130754 1.7870055847581787 0.7899840819304944 -0.005258111895541951 -0.613104805523273 152.63489374868888
-0.611620798045732 0.07164923677896419 -0.787899984939011 -251.20311118948 0.048611863468375587 0.9974124036723129 0.052965873265253725 1.8135841271899025 0.7896561822261858 -0.005906256818906727 -0.6135211732306852 152.01452262555225
