1.0 0.0 0.0 0.0 0.0 1.0 0.0 0.0 0.0 0.0 1.0 0.0
0.9999998702128114 -0.0004977818651506781 -0.00010857059952197986 -0.011033475272706084 0.0004979515488804772 0.9999986459228934 0.0015685013976551516 -0.016428173596753734 0.00010778968095779754 -0.00156855525698196 0.9999987640071314 1.228152663130824
0.9999986259051247 -0.001541587255576811 -0.0006096692515474492 -0.012035659874048327 0.0015425546624041105 0.9999975470058832 0.0015894990814293497 -0.034298967377815376 0.0006072174045056759 -0.0015904373454533214 0.999998550896987 2.433273901211524
0.9999954556677763 -0.0029143508779710145 -0.0007714938476238488 -0.015003359153105305 0.0029148203421921577 0.9999955670147234 0.0006080898572383248 -0.05511617449663356 0.0007697182403936 -0.0006103358598369285 0.999999517511868 3.6958636978503048
0.9999947747681627 -0.00315502616546643 -0.0007044474907186729 -0.017722160472180296 0.0031554387394045463 0.9999948502849187 0.0005853289711517708 -0.0720461199913758 0.0007025971347953625 -0.0005875487535742945 0.9999995805717764 4.953520490854643
0.999992912210626 -0.003649580380403053 -0.0009252521594742594 -0.01737094332700365 0.0036507785318283695 0.9999924953186897 0.0012965810470374735 -0.08654213721766871 0.000920513239000769 -0.0012999497478644443 0.9999987313922105 6.167635030321618
0.9999868283572433 -0.005078638643270487 -0.0007419848734714246 -0.02649695515097212 0.0050805151017231836 0.9999838444293905 0.002549361982429741 -0.10733451967280597 0.0007290255980026927 -0.00255309806849937 0.9999964750997529 7.41764361913053
0.999989237759194 -0.004540667377031961 -0.0009522108786163403 -0.03192215613814685 0.004543578137072959 0.9999849429757732 0.0030772909273571575 -0.12777862507944657 0.0009382235866304691 -0.0030815842533411493 0.999994811774037 8.683931686930038
0.9999930617920557 -0.003596673037603551 -0.0009696962464144225 -0.0487496396547988 0.003597846235337281 0.9999927946542787 0.0012108435042939947 -0.14565335490312828 0.00096533425123294 -0.0012143239211995737 0.9999987967728754 9.966322981713793
0.9999996095612312 -0.000669463351004262 -0.0005767982372398064 -0.07164554778486114 0.0006688093980153184 0.9999991342621873 -0.0011332117473518428 -0.1623597777225442 0.0005775563816174317 0.0011328255368202064 0.9999991915671381 11.249350632471472
0.9999958980540158 0.0028414785639169628 -0.00036038134392906893 -0.08381685702304047 -0.0028422410933511963 0.9999936852549591 -0.0021333344258337612 -0.18072377592082703 0.00035431724417199457 0.002134349965676163 0.9999976595020187 12.472477956629323
0.9999864947779423 0.00519499797357433 -0.000149190410300603 -0.09929183564497174 -0.005195306454669441 0.9999841980775318 -0.002147646636980671 -0.20720809263628767 0.00013803103287814082 0.0021483927224375384 0.9999976826753876 13.764624453260087
0.9999802942387743 0.006275920904537653 0.00015476089215401298 -0.10885032952088486 -0.006275727136812665 0.9999795604505824 -0.0012222642774050237 -0.23169320615936728 -0.00016242856284066318 0.0012212689546264076 0.9999992410592637 15.039523652205446
0.9999928773354584 0.0037524242810365867 0.00040569738150536403 -0.1104067357560023 -0.0037530808206747116 0.9999916289779357 0.001629833858947043 -0.25466442671614997 -0.0003995781572574252 -0.001631344865248735 0.9999985895246192 16.310939453360422
0.9999996492169725 -0.00037281846003267474 0.0007500482165644106 -0.11898889217077144 0.00037016495738712235 0.9999936840288637 0.0035348097947900496 -0.2760207482720533 -0.0007513613216258684 -0.003534530913272652 0.9999934712523819 17.540306474180674
0.9999960613526815 -0.002769343413571273 0.00045608790953411197 -0.12684580943156204 0.002768749793588789 0.9999953257984032 0.0012970759137458962 -0.29553405735980925 -0.0004596778263261041 -0.001295808011715944 0.9999990547885 18.815915081415817
0.9999926200660679 -0.0037916495981786574 0.0006190369332608924 -0.13489872598718447 0.0037921116930207245 0.9999925309012909 -0.0007470144164257626 -0.31346024296598246 -0.0006161998927012316 0.0007493563607017587 0.9999995293812581 20.101336689494687
0.9999981788989619 -0.001564278049754945 0.0010932670954860919 -0.14231740164599507 0.0015667701308967026 0.9999961680392419 -0.002282353651233507 -0.33899497606869083 -0.0010896926704112954 0.0022840623930671967 0.9999967978093077 21.425146805904433
0.9999973497915179 0.0013006697088876725 0.0018996495066765907 -0.15031324410437114 -0.0013000419744181452 0.9999990999508376 -0.00033164496024034066 -0.3575202452796282 -0.0019000791574527815 0.000329174457216697 0.999998140669958 22.712731007554186
0.999995702290905 0.0019150547246694742 0.0022199020520181573 -0.14963239541092505 -0.0019220371181606576 0.9999931994643916 0.003147506677731179 -0.37524655433631887 -0.0022138593079613533 -0.003151759884805759 0.999992582590788 23.981785836941434
0.999996450464652 -0.00047819299950761893 0.002621142794858732 -0.14762461949369668 0.0004647804813335181 0.9999868088954377 0.005115272644170816 -0.3891864107141342 -0.002623554306659296 -0.005114036231319918 0.9999834816616852 25.229784216791863
0.9999879904835396 -0.004275229837213629 0.002396100692854395 -0.1504279278402287 0.004267601027594123 0.9999858376049188 0.003179964002770536 -0.4057668659587113 -0.002409661835315867 -0.00316970021116146 0.9999920732337891 26.602050929698695
0.9999851191122554 -0.004895896856714521 0.00240660508097234 -0.15498723807793727 0.004893355327761938 0.9999874647884875 0.001060820215775412 -0.42624507149672397 -0.0024117685800288187 -0.0010490280560340702 0.9999965414502467 27.87617713723164
0.9999814010307416 -0.005182841449254594 0.003214925676622277 -0.16701178618041337 0.005187704231510293 0.9999854096265532 -0.0015060739760263456 -0.4438717109451146 -0.003207073027027701 0.0015227240481393695 0.9999936979771791 29.189881652721887
0.9999911980980568 -0.0016584715533647632 0.003853984758520855 -0.17158381194589709 0.001667640518309651 0.9999957841942471 -0.0023770925170921954 -0.4639361352090664 -0.0038500261705506768 0.0023834986552972006 0.9999897480637727 30.480714680793756
0.9999902983358425 -0.0007259299570998536 0.004344681793804822 -0.18116753199383775 0.0007452036901389606 0.9999898823793123 -0.004436193240797885 -0.4935390460706954 -0.004341417470393726 0.0044393878752461355 0.9999807217789962 31.851597269497255
0.9999889579253831 0.00042503233932302226 0.004680104145889 -0.1903376079396622 -0.00040664710898700713 0.9999922002152164 -0.003928631677796784 -0.5173188547155053 -0.0046817374375965354 0.003926685146731962 0.9999813310648981 33.17012609136033
0.9999899906177816 0.00029234304616278445 0.00446466121804427 -0.1928873157037295 -0.000280413168278583 0.9999963896560843 -0.0026724601498551593 -0.541665731514244 -0.004465426374223038 0.0026711814503826044 0.9999864622868437 34.44493609252922
0.9999907857368069 0.0014530458219793908 0.004039442947015986 -0.19345959653532557 -0.0014486502033231278 0.9999983556872223 -0.0010908874556407062 -0.5662784511399913 -0.004041021414368258 0.0010850256640700634 0.9999912463943064 35.78863423182243
0.999981297009695 0.004470866577537331 0.004173365890202543 -0.20088832019118186 -0.004466950370131825 0.9999895744995285 -0.0009472310402054841 -0.5847306048165674 -0.004177557324373609 0.0009285711058445846 0.9999908428433254 37.14026390485312
0.9999655587579044 0.006899241526541523 0.004613216269610465 -0.2140342441440179 -0.0068929021924407086 0.9999752794581447 -0.0013886583352308245 -0.6051527253224774 -0.00462268291765743 0.0013568120595739267 0.9999883948645001 38.51878326427633
0.9999491442630646 0.009003615618451172 0.004543544140822332 -0.22203417647800577 -0.00900025909511598 0.9999592090591739 -0.0007586527356866742 -0.6302850521256577 -0.004550189423002379 0.0007177210793652423 0.9999893902700511 39.81278496272967
0.9999455787815549 0.0095868121379762 0.004114912909426182 -0.22356076120194135 -0.009584942869635843 0.9999539511563498 -0.00047374781428173433 -0.6583173523123527 -0.004119265153741527 0.00043428082719804796 0.9999914214905835 41.05987734821806
0.9999530783233401 0.008936937569144699 0.003737953793324238 -0.22818193053784608 -0.008933886188885472 0.9999597457283145 -0.0008322262492713372 -0.6738262436826421 -0.0037452408787500544 0.0007987927460514382 0.9999926675235726 42.34628645682165
0.9999600842150579 0.00827932817554817 0.0033589732919327695 -0.23772487426635244 -0.008274955059195482 0.9999648989919016 -0.0013137362313933533 -0.6949016426014563 -0.0033697322419801103 0.001285888439544661 0.9999934956766169 43.615759896125866
0.9999667009144284 0.007694437818596699 0.002718949975626237 -0.24524186303585854 -0.007691768197184038 0.9999699269037676 -0.0009909541239191196 -0.7213368978483293 -0.0027264930432698 0.0009700075931006585 0.999995812651711 44.93233912834179
0.9999668855007405 0.007963751108507137 0.0016752821346700895 -0.2490915957817049 -0.007964099713850934 0.9999682657493097 0.00020151939596009375 -0.7445189036828183 -0.0016736241205341411 -0.0002148548367155857 0.9999985764088386 46.232656717616514
0.9999647615952222 0.008383458220424616 0.00043954075684152487 -0.25374624797475026 -0.008383376263276976 0.9999648412162356 -0.00018797291884578964 -0.7665989659219546 -0.00044110116623506223 0.00018428145943228855 0.9999998857350467 47.580748699875954
0.9999611845565676 0.008771550738591956 -0.0008302275993218869 -0.2589009311296437 -0.008771453810423371 0.9999615228205428 0.00012031821870408849 -0.7861229615597863 0.0008312510318654511 -0.00011303124545953303 0.9999996481227686 48.90743375688941
0.9999602134253307 0.008679628564483514 -0.002058060822672833 -0.2665249774167473 -0.008677276933654035 0.9999616917897106 0.0011488333550314395 -0.8079824902716132 0.002067953428849962 -0.0011309292831827922 0.9999972222799292 50.08748341483807
0.999969688444471 0.007295705424093049 -0.00271935187734807 -0.2736438733376383 -0.007290280517873838 0.9999714264395758 0.0019995285374495055 -0.8278120193419894 0.0027338621469789755 -0.0019796430906165573 0.9999943034892732 51.35050273936134
0.9999765308854717 0.005949507457137955 -0.003397210513813716 -0.2825249322785331 -0.005942021836792575 0.9999799054412107 0.0022093189628566135 -0.8504718276916708 0.003410286608011837 -0.0021890808130395688 0.9999917889015123 52.69441937330654
0.9999859336920219 0.003659019431408729 -0.003839790996425423 -0.28930986898763505 -0.003653088614756759 0.99999212549915 0.0015504461506812648 -0.8724936640652879 0.003845433872580466 -0.0015363972448561138 0.999991426024163 54.0268572836947
0.9999882133638759 0.0028832987169542298 -0.003906369392784764 -0.2963079192538867 -0.0028763199706126645 0.9999942596311562 0.001790946164279677 -0.8943062173584947 0.00391151080156101 -0.0017796890867518625 0.9999907663523724 55.405668849450414
0.9999918873644169 0.0017940341971001898 -0.0036064728824339153 -0.2984417297381697 -0.001785102964611362 0.999995336102195 0.002478140686984194 -0.9176669629195401 0.0036109019313504092 -0.002471682657297643 0.999990426040212 56.76772619193462
0.9999944344317238 0.00023137476639320943 -0.0033282985586100384 -0.30965373331585894 -0.0002210643570019009 0.9999951772589731 0.003097836236111563 -0.9315819411950823 0.0033289992682232795 -0.003097083226711709 0.9999896628662518 58.104804759300464
0.9999950199472074 -0.0015449262937319878 -0.002751959943756802 -0.32253106068188553 0.0015520747022087522 0.9999954224572736 0.0025973310567654964 -0.9495204092644955 0.0027479346614992235 -0.0026015893693299365 0.9999928402682945 59.46416128781577
0.9999917292706267 -0.0034037637915064764 -0.0022261586632928983 -0.33736615043248164 0.0034076683314777203 0.9999926582411302 0.0017525011788195352 -0.9708841781567753 0.002220177219315494 -0.001760072694734347 0.9999959864705584 60.838869707253465
0.9999954728372835 -0.0024818772217338634 -0.0017013495805256727 -0.34047111444647665 0.0024842229963682036 0.9999959648004411 0.001378048961426387 -0.9983235306267281 0.0016979225669125674 -0.001382269254527318 0.9999976031924606 62.17589931969533
0.999999324806635 -0.0008451474322978476 -0.0007975663564900024 -0.35588299321996114 0.0008460980513997046 0.9999989312498323 0.0011923159318004805 -1.0254064093899924 0.0007965578213423465 -0.00119298994609677 0.9999989711347841 63.57465133854304
0.9999977267159575 0.0021250829278369517 -0.00017488701544502325 -0.3776037773385323 -0.002124642808742708 0.9999946691403203 0.0024794321683592148 -1.044152891870302 0.0001801550821183534 -0.0024790549594659265 0.9999969109105563 64.8932117119648
0.9999835063427849 0.005732497032692163 0.00035428824537531487 -0.37275321824777446 -0.005733835066208582 0.9999759613535151 0.003898698571011312 -1.0731105490544959 -0.0003319304507759813 -0.00390066569757838 0.9999923372852876 66.16277391704496
0.999952632327401 0.009664257223501345 0.0011555231805837592 -0.3872008611261971 -0.009669098150051259 0.9999441794306053 0.0042598783807486175 -1.0878432613740399 -0.0011142901182097157 -0.004270849467271898 0.9999902590537376 67.47101165769811
0.9999009515564808 0.013965988892381067 0.0017430521229480364 -0.39548001460341037 -0.01397258480112204 0.99989503922093 0.003831111503326412 -1.1060443571010643 -0.0016893639101385526 -0.003855086981295733 0.9999911421377425 68.85266836920619
0.999855561465813 0.016772326836423868 0.002746863370688303 -0.42871356235996055 -0.016780985291364604 0.9998541958124382 0.003160007739587813 -1.1187954693156457 -0.002693462183892445 -0.0032056463865228254 0.9999912345079378 70.2218406475497
0.9998194014469287 0.018734920716278036 0.0031886103652583875 -0.42299606003889434 -0.018744611705724536 0.9998196918363024 0.0030369966024896013 -1.140551294273697 -0.0031311375422156743 -0.0030962173884751458 0.9999903046607882 71.4544028675358
0.9998105429729875 0.019123950665923387 0.0036266611350862215 -0.4289011574273224 -0.019136737542564623 0.9998106636848413 0.0035244940494871518 -1.170048680284396 -0.003558572226106114 -0.0035932287716207703 0.9999872125535942 72.81178401481472
0.9998286127616156 0.018127499743160424 0.0037601670503588235 -0.4325634992134419 -0.01813905626978267 0.9998307838103148 0.0030624145529054604 -1.1853301265923424 -0.003704016850197005 -0.0031300955758426824 0.9999882413112968 74.15454831791588
0.9998529557642405 0.01680779754742068 0.003400704503227437 -0.42442323951001676 -0.01681492093722598 0.9998564618596169 0.002077043919563094 -1.2028651108174724 -0.003365305838730166 -0.0021339210795799438 0.9999920605172018 75.54468474126753
0.9998652239593455 0.01615773153889344 0.002908887802271702 -0.42006812636772106 -0.0161640576322134 0.9998670101788432 0.002164531562257527 -1.2276584609058603 -0.0028735270299129322 -0.0022112592653452967 0.9999934265658303 76.86094279351066
0.9998675941348213 0.01602279020871035 0.0028397874873618716 -0.43350946543204677 -0.016029429302963517 0.9998688038967883 0.002330748855485662 -1.2475080288736276 -0.0028020698183691783 -0.0023759604234310835 0.9999932515856297 78.21273396225594
0.9998704293395858 0.015902107103507115 0.0024995043393875012 -0.44465326235499664 -0.015906579954885487 0.9998718980960253 0.0017799190966865208 -1.2669710769578097 -0.002470879684011792 -0.001819447037015763 0.9999952921719522 79.5193933886867
0.9998719425989981 0.01584763279809129 0.002225070336911473 -0.4736078444250111 -0.015852204387696144 0.9998722398809441 0.0020522016262271943 -1.2851924230759562 -0.0021922635238604653 -0.0020872110963783526 0.9999954187547474 80.87484524498684
0.9998837710333996 0.0151825058242066 0.0013913809426146 -0.48768570330951116 -0.015186581089245437 0.9998802759589832 0.0029667327158751774 -1.3086805216579696 -0.0013461719241281516 -0.0029875182151084994 0.9999946312636216 82.24230294092273
0.9999135073470636 0.013140368556655652 0.0005554629512899456 -0.5010875284394788 -0.013142486400068166 0.9999056388049151 0.00399856691311796 -1.3343660013463152 -0.0005028678942054816 -0.004005521230740815 0.9999918514285767 83.59172227180453
0.9999376916662622 0.011129469266879556 -0.0008646958922369931 -0.4966973014677594 -0.011125506615946803 0.9999281640819789 0.0044597957555934905 -1.3552712242761027 0.0009142689358119454 -0.004449897693281307 0.9999896812081782 84.8963746497195
0.9999528073877468 0.009562186208306865 -0.0017168553471037576 -0.4957585219570779 -0.009554184383329873 0.9999437312638004 0.004609974728546375 -1.383542090026516 0.0017608401785928361 -0.004593354019250768 0.9999879001971578 86.13084208838521
0.9999625441419469 0.008328992682957297 -0.0023533367914741546 -0.4960359560165982 -0.008319221792977668 0.9999568590620435 0.004131653849475977 -1.4040235037749202 0.0023876477809981664 -0.004111921164113977 0.9999886955573125 87.27932023769961
0.9999695879874134 0.00736918682556118 -0.002553073797305502 -0.5051914544195453 -0.0073598927801486105 0.999966324053725 0.003630803870435295 -1.4217070522111945 0.0025797438921773747 -0.00361190310097426 0.9999901494902045 88.5738826334903
0.9999631803693529 0.008109529959783143 -0.002805963193292036 -0.5070143648311023 -0.008101206607676863 0.9999627887215176 0.0029650672480412174 -1.442051549287169 0.0028299040814946763 -0.0029422263877978442 0.9999916674386712 89.76662214389503
0.9999644583889064 0.007900495656806807 -0.0029434889773641516 -0.5092584747428187 -0.00789300575011986 0.9999656046236052 0.002547553723990396 -1.4663860287028578 0.0029635146720843877 -0.0025242302044028815 0.9999924228926262 91.02635414625448
0.999954553037606 0.00916554595952357 -0.0026238572040971535 -0.5230472110015905 -0.009161256032616645 0.9999566861049094 0.0016423464899000789 -1.4857893588906916 0.0026387965568558246 -0.0016182340226010732 0.999995209024214 92.26910760669095
0.9999417288183178 0.01049173388030882 -0.002542142407623643 -0.527761914606041 -0.010486458745304707 0.9999428531036434 0.002079593693222615 -1.5114008114433766 0.002563815675683098 -0.0020528144413583735 0.9999946063864806 93.54236090289747
0.9999353458210519 0.011101037138287587 -0.0024639708175408013 -0.5357029080467601 -0.011092453286119151 0.9999324542913381 0.003470494920992483 -1.5329322014840947 0.0025023304798916955 -0.003442939057800808 0.9999909422153861 94.93363014933747
0.9999200180242707 0.01242417377662769 -0.002365895245499653 -0.5472550247947643 -0.012412965882417932 0.9999119363068193 0.004694455149397377 -1.5531595760864543 0.002424011622589014 -0.004664711900635707 0.9999861822198043 96.26332308123511
0.9999292820892308 0.011616667255257937 -0.0025463429459525936 -0.5511656046774701 -0.01160839822375123 0.9999273760017823 0.0032384892881376524 -1.5708455552244374 0.0025837784728167013 -0.003208701306010203 0.9999915141263621 97.49705081836743
0.9999278958751722 0.011806196569743877 -0.002194714835636813 -0.56910801149321 -0.011804444805460675 0.999929997509327 0.0008094219125189981 -1.5932700627083434 0.002204117394338726 -0.0007834561597192921 0.9999972640277373 98.87131871266304
0.999935698531004 0.011094855585972048 -0.0023458437377337966 -0.5808999764977033 -0.011095538883449649 0.9999384038396468 -0.0002784663451283226 -1.6176300399595513 0.0023426096988816546 0.00030447683973987695 0.9999972097329347 100.12364517984686
0.9999584969204924 0.008769111455180877 -0.0024712589500428274 -0.582751860059788 -0.008766947349049786 0.9999611777859156 0.0008851865247252661 -1.6385301506091818 0.0024789253095923694 -0.0008634843896575702 0.9999965546560751 101.37658861855492
0.9999780301048803 0.006343794719031019 -0.0019223881314432592 -0.5888021365027399 -0.006338027239067823 0.9999754397178141 0.0029915500800214603 -1.6646503586563166 0.0019413186966472276 -0.0029793002076387133 0.9999936775060095 102.68075975820422
0.9999882407328071 0.00474791106629862 -0.0009877938114491592 -0.5966912907489587 -0.004744384879577942 0.9999824723989946 0.0035419919408089316 -1.6840469568605305 0.001004593560525464 -0.0035372638155560447 0.999993239255386 103.92304639906999
0.9999914999577076 0.00412309349003653 1.0602289857718761e-05 -0.6049041977579742 -0.004123106714331377 0.9999892379912325 0.0021269444601694446 -1.708010396854436 -1.8325848988119096e-06 -0.0021269700954240165 0.9999977379948702 105.22224859290111
0.9999811155791505 0.006114430323852249 0.0006182450116694727 -0.6116378588764074 -0.006114259742500796 0.9999812692556481 -0.00027742686333733033 -1.7280401931308706 -0.0006199297387065025 0.000273641513705891 0.9999997704036954 106.56362031867553
0.9999647109032632 0.008190326841936246 0.0018696241273185885 -0.6217072997839764 -0.008185913669774385 0.9999637193063394 -0.002356032347743648 -1.7526975383931818 -0.0018888529710370343 0.0023406446237890953 0.9999954767983711 107.81265728043277
0.9999324120038687 0.011204582868846458 0.0031030222143361096 -0.6275011504940249 -0.011197402463154916 0.9999346115968476 -0.00232178998616849 -1.7749973369916807 -0.0031288340009731257 0.0022868872724499025 0.9999924902440018 109.06331949956268
0.9999148591778363 0.012359921553712527 0.004184104988644831 -0.623558195594381 -0.012358201121041369 0.9999235391172312 -0.0004367886482352153 -1.7952012159642947 -0.0041891837417120555 0.00038504344872943453 0.9999911512014111 110.2849477175736
0.9999066317578 0.012538674402074046 0.005432256530412151 -0.6301679501486275 -0.012548257965651176 0.999919764502892 0.0017337181168140525 -1.8172277981350704 -0.005410082143637817 -0.0018017215988801554 0.9999837422730841 111.5850093334101
0.9999107667383137 0.011864175996785045 0.006140023511099303 -0.6268533477816801 -0.011878576137009895 0.9999267693646862 0.002314160076424013 -1.8400962745330753 -0.006112118270845839 -0.0023868883131318718 0.9999784721554892 112.8648214731474
0.9998955605894821 0.012580800542452312 0.0071127611486794815 -0.6208631536631277 -0.012593122602572423 0.9999192748808146 0.0016902617971918461 -1.862237718140406 -0.0070909221236535366 -0.001779657140434169 0.9999732754648504 114.12483484301977
0.9998579072105415 0.01468936345731721 0.008269703125094735 -0.6168476834676762 -0.014698830662474079 0.9998913774699588 0.001085190483133726 -1.882841007692391 -0.008252864091591948 -0.001206591251255503 0.9999652165809774 115.43380548129525
0.9998114169654242 0.01695224032374096 0.009473756044929829 -0.6151653924463751 -0.016960366687302688 0.9998558598815899 0.0007780888632710056 -1.90930816850181 -0.00945920014720885 -0.0009386205053399752 0.9999548202414571 116.77523859308586
0.999788319625685 0.017688811199023165 0.01050818245065642 -0.6083262751041337 -0.017684910381195004 0.999843502065038 -0.000464029233952969 -1.9253372610265682 -0.010514746067313414 0.00027809474316202985 0.9999446798590693 118.02638262651404
0.999753069582854 0.019068941112759925 0.011409441024917085 -0.5978043718195167 -0.01905566166432096 0.999817615902859 -0.0012714908015904534 -1.9479703572893459 -0.011431606107538305 0.001053762383886694 0.9999341018120361 119.20478891391085
0.9997521520737932 0.018349795351000998 0.012606325174194499 -0.5942787787244932 -0.018331138183758172 0.9998307000131444 -0.0015939523562450326 -1.9697464621760483 -0.012633439623045048 0.0013624690097016024 0.9999192666818115 120.43267155071221
0.9997483958500908 0.017934427667024393 0.013472241811532016 -0.5863759283339289 -0.01792771965230682 0.9998390942006579 -0.0006185273451618826 -1.9901064557711565 -0.013481166983626789 0.0003768451468298729 0.9999090539266549 121.66674702243118
0.9997576491860343 0.016689854827522107 0.014355892164995632 -0.5750479348380717 -0.016694173599397642 0.9998606261828464 0.00018104441440145488 -2.0096119223758557 -0.014350869724512752 -0.0004206602941168408 0.9998969324800783 122.89904238590127
0.9997662920335494 0.015804834147787154 0.014750204440983192 -0.569769672094764 -0.015813820522840295 0.9998748322837284 0.0004927941332790199 -2.029368653516596 -0.014740569662033815 -0.0007259360490690433 0.9998910883805768 124.13796346299326
0.9998026946142922 0.013489201684869653 0.014581264688203376 -0.5489953737447277 -0.01350297722036605 0.9999084721636274 0.0008467004115387607 -2.0558598777263577 -0.014568508783977504 -0.0010434238379163044 0.9998933292199268 125.38456210304379
0.9998273714555198 0.011802438863302362 0.014350251747830339 -0.5414311215625114 -0.011824967245586583 0.9999289783709329 0.0014860564267295115 -2.0719185129656665 -0.014331693479450347 -0.0016554911478554586 0.9998959255397902 126.56616983258387
0.999851053838384 0.010199343772058115 0.013922770015140877 -0.5352550036612761 -0.010214870650823724 0.999947281270807 0.0010445557469630114 -2.0908961533471304 -0.01391138224124706 -0.0011866194591996057 0.9999025279387987 127.81808866148621
0.9998797083384563 0.008828286765252269 0.012752654852864767 -0.5246672283389142 -0.008839738245396129 0.999960574356434 0.000841879150170345 -2.1078458923756416 -0.012744719720681212 -0.0009545080099616141 0.9999183271816271 129.07402297304182
0.9999049490817319 0.007446902248741713 0.011603294737232863 -0.5128708833141338 -0.007468898411051199 0.9999703896030644 0.0018535030674983516 -2.132091864359097 -0.011589148302909144 -0.001939990719955543 0.9999309616556649 130.33737143148662
0.9999268323230466 0.005794840506331058 0.01061837199886423 -0.5094132619366292 -0.005817589118668889 0.9999808457920836 0.002112748398606064 -2.1548836978252623 -0.01060592557235991 -0.0021743671391121874 0.9999413915176734 131.62953220348675
0.9999423990978547 0.005289558494484177 0.009339114377841353 -0.5041028487450795 -0.005310194625228658 0.9999835109735938 0.0021862328254157477 -2.1736744129377374 -0.009327396178525776 -0.002235699411406187 0.9999539996063187 132.864682452688
0.9999573301607518 0.0048797043099068505 0.007843872999436943 -0.48804152280686236 -0.004892941001539803 0.9999866363332063 0.0016692163896998636 -2.1962693687486614 -0.007835622894121432 -0.0017075247723145242 0.9999678431694772 134.12859774678205
0.999963841562 0.004804923075869308 0.007016286967082402 -0.48881098485429575 -0.004814232263853704 0.999987552786938 0.001310510931202459 -2.216579154173192 -0.0070099027296497175 -0.001344241580263451 0.9999745268147073 135.3642996111897
0.9999792942408543 0.0023547899709776615 0.005988827410916314 -0.48353154566252027 -0.002348692514572433 0.9999967165367226 -0.0010249679243011286 -2.241443389737181 -0.005991221331010778 0.0010108807874512165 0.9999815415231421 136.6624936000002
0.9999823293319481 -0.0029369351063019637 0.0051686977116911365 -0.4838518084621514 0.0029452155415018947 0.9999943905797745 -0.0015951534093999915 -2.2596761167349215 -0.005163983856246268 0.0016103481508035426 0.9999853699177648 137.9921493073843
0.9999322453385406 -0.010866999352344517 0.004172895553779604 -0.4805950581620187 0.010863867453992654 0.9999406880786658 0.00077246922695679 -2.281171002099389 -0.004181042473916427 -0.0007270831043700598 0.9999909950764526 139.2179978688517
0.9998441158876485 -0.017498327793310488 0.0023563635726190652 -0.46354944429115197 0.017492959690262683 0.9998443873495744 0.0022797909617938445 -2.3041149031937427 -0.0023958894221884327 -0.002238215805611807 0.9999946250374986 140.5478632520813
0.999787958958728 -0.020547902231745734 0.0013493831988701328 -0.45823280634613706 0.02054943472857102 0.9997881974166983 -0.0011318297599435668 -2.327542412358317 -0.0013258406687729869 0.0011593188275519132 0.9999984490619874 141.85684584299833
0.9998009711252707 -0.019891567540416044 0.0015309074931343365 -0.4559272681331087 0.01989778902141992 0.9997933563159037 -0.004162049812263553 -2.356685681079376 -0.0014478014458232575 0.004191683118482726 0.9999901667834593 143.20512430710326
0.9998610273274005 -0.01652979284147727 0.0021660979697730545 -0.4560888379290087 0.016543184281415813 0.9998431937101987 -0.0063175189134134935 -2.3832110887837215 -0.002061331033076776 0.006352475108811626 0.9999776982384994 144.40276884846222
0.9998584132678731 -0.016599563326240983 0.0027582448822794405 -0.4519540836136074 0.016616981243639153 0.9998413382222578 -0.006416721614141951 -2.4097190737958027 -0.0026512924774627104 0.006461646794972 0.9999756085869792 145.6005532309015
0.9998014605896267 -0.019685392455557796 0.0030862155985918074 -0.44242863411731403 0.01969485474181686 0.9998013359152016 -0.0030661700665709913 -2.4327637692287074 -0.0030252437172990777 0.003126343878890232 0.9999905368924275 146.83615916580587
0.9996832522445088 -0.024924247384086926 0.003489566474450636 -0.4361424224993079 0.02492526334301607 0.9996892866128462 -0.0002479491488684483 -2.4595228458421126 -0.0034823022735071354 0.0003348489748608713 0.9999938807047988 148.11240733553302
0.9995892391776285 -0.02847575365695326 0.003237958301048448 -0.42181001570925203 0.02847312225700518 0.999594192035469 0.0008558959610022857 -2.4779099192514717 -0.003261016594323105 -0.0007633496099044843 0.9999943915183465 149.35237854582644
0.9995460756269321 -0.029968487521973477 0.0030874673189554293 -0.415424491331358 0.02996693267608418 0.9995507400496666 0.0005486457430299123 -2.495826175039933 -0.0031025223266455894 -0.00045587477406806653 0.999995083254616 150.62634733737872
0.9996040121440508 -0.02785747146554732 0.003972428610238494 -0.41411023911605277 0.02785315060943798 0.9996113769085041 0.0011389276591814864 -2.5143757725150673 -0.004002612477518746 -0.0010278320052933044 0.9999914612909087 151.89187289056252
0.999702543454947 -0.023924468405011792 0.00473755435304352 -0.40970370165936926 0.02392305095563224 0.9997137396021387 0.0003556454436348989 -2.536982809622796 -0.004744706807029719 -0.00024220290037692618 0.9999887144838553 153.0893042806556
0.9997787257501911 -0.02027165522278215 0.0056177870957533635 -0.4177097845738245 0.02028337469826902 0.9997921959393606 -0.0020370688748257235 -2.55433945652147 -0.005575324938888115 0.002150565804577004 0.9999821452498785 154.47021959410975
0.9998181378244169 -0.017784522308120533 0.00688491420335308 -0.4424722455092793 0.017802662113250947 0.9998381849834037 -0.002582454408971575 -2.572479720725589 -0.00683787240280153 0.0027045545594355266 0.99997296407735 155.90274394254234
0.9998466706895235 -0.015958986664048914 0.007207347343663197 -0.44196157168544414 0.015968760206792405 0.999871645403804 -0.0013005440967261772 -2.5984255621275016 -0.007185666881610155 0.0014154370866546848 0.9999731810050323 157.1945394442017
0.9998770338872135 -0.01401368615263164 0.0070380185651723725 -0.44499973367561146 0.014027624073549176 0.9998997358792536 -0.0019349293139914953 -2.616312877994185 -0.007010197412295866 0.00203341806191021 0.9999733608167914 158.4664604026892
0.9999023223725264 -0.012208190327617604 0.006804836732287808 -0.456960862873095 0.012239052531547133 0.9999149187878785 -0.004512291940964724 -2.6344601916816206 -0.006749170849701762 0.004595135945228609 0.9999666661536719 159.74499458311212
0.9999418149887666 -0.008413960916663417 0.006750696161471962 -0.47431768149641645 0.0084645196568131 0.9999360779573807 -0.007496126078902436 -2.6555216980993017 -0.006687192531330456 0.007552831317078356 0.9999491168030239 161.0344029384248
0.9999710146482527 -0.0032825545807344753 0.006869839792081892 -0.48691566699343114 0.0033422457274697196 0.9999566078753477 -0.008695502281389947 -2.686956459341164 -0.00684099823429221 0.008718210931891264 0.9999385948853602 162.31664128751166
0.9999707966556525 0.0011706711847015616 0.007552176165678887 -0.5036745605590247 -0.0011137323655900657 0.9999709596295359 -0.007539197424342111 -2.713165470747639 -0.007560782768866152 0.007530566151537336 0.9999430609476534 163.60878371320797
0.9999584774295384 0.004039279455503182 0.008168698689512387 -0.5104842152190894 -0.0039925394823936596 0.9999756126440452 -0.005730073790798791 -2.7375482700522453 -0.008191644845891886 0.0056972220113684574 0.9999502180689173 164.82986806826247
0.9999542935566543 0.005039458405111293 0.008124940405686223 -0.5050348479845013 -0.005011036705911646 0.9999812681909385 -0.0035146519563927915 -2.7660516348971154 -0.008142500153197021 0.003473776939546076 0.9999608155148044 166.15040209603598
0.9999734789116468 0.0018539115577581589 0.00704304517057786 -0.4945382083340315 -0.0018356137372727253 0.9999949259469204 -0.00260357496933091 -2.790557640783207 -0.007047836231520383 0.0025905776092218177 0.999971808058661 167.36474497936698
0.9999837892624752 -0.0003434269324357863 0.005683596590524614 -0.5119943847432514 0.00035790215281756893 0.9999966948372919 -0.002546020530385255 -2.81258392133412 -0.005682703433292873 0.0025480134289702417 0.9999806070665862 168.69115543777593
0.9999937308270456 -0.0005681034907652532 0.0034950772566589346 -0.5042389654911175 0.0005917496379354162 0.9999769200602537 -0.0067682478659659324 -2.842019697819752 -0.003491151525247844 0.006770273645350695 0.9999709872070279 169.95878680979033
0.9999973251429294 0.001322068079212107 0.0018978522018327736 -0.5059063449589265 -0.0013007764890310097 0.9999366947303763 -0.01117651610368272 -2.8686684066917367 -0.0019125081729653626 0.01117401752657586 0.9999357397577142 171.25645205184355
0.9999798688058195 0.006218292987048721 0.0012628600171737886 -0.5136475702812022 -0.006203066227034353 0.9999120411437715 -0.011723137168850806 -2.9066433710320636 -0.0013356468390948266 0.011715067563778115 0.9999304842035273 172.55603626677677
0.9999533762823961 0.009616568917962824 0.0008757075325258238 -0.5152203388127721 -0.009606650202147522 0.9998965812348132 -0.010702294465491669 -2.9412169510207233 -0.0009785363202423193 0.010693382868792498 0.9999423453527181 173.7762910201704
0.9999297024496063 0.011801031334449145 0.0011514419155357102 -0.5293325630211232 -0.011792358795542544 0.999904050292162 -0.007268458114794308 -2.9738631243903346 -0.00123710673698659 0.00725436894379353 0.9999729214824529 175.18441338580968
0.9999213122042971 0.012475904734634117 0.001311945383146769 -0.5283943607695628 -0.012468740706903389 0.9999080356124295 -0.005333931277815625 -2.996736165962098 -0.0013783703493766733 0.005317153255716921 0.9999849138744237 176.24390769333334
0.9999271036119641 0.01199250651574303 0.0014025867736532059 -0.5320619328191607 -0.011986014364980363 0.9999178178136277 -0.004548964549814414 -3.018239663131065 -0.001457024993009586 0.004531821521512344 0.9999886697717482 177.53413779389228
0.9999464959085569 0.01022515695664633 0.001565722009053294 -0.5450058910340607 -0.010218702015307266 0.9999394778653699 -0.004076608327268002 -3.040001222839782 -0.0016073112082126593 0.00406039056539402 0.9999904648441104 178.81517004043593
0.9999694936241975 0.007662680512845377 0.001514974693992605 -0.5409900686984428 -0.007657178818676868 0.9999641866353394 -0.003604588639944637 -3.0662375013544914 -0.0015425412487800512 0.0035928782448713665 0.999992355866992 180.19262586988003
0.9999851530350132 0.005114479856900462 0.001880373721894285 -0.5415928758359594 -0.00510759481140889 0.9999803010736708 -0.0036482790262537088 -3.091082310602955 -0.0018989957301434783 0.0036386206733173654 0.9999915770919353 181.43321430219024
0.9999957281777556 0.0017486035428861016 0.002342223706132419 -0.5504832000007401 -0.0017427381417732535 0.9999953466474453 -0.0025039063930611507 -3.121362993512475 -0.0023465911465302305 0.0024998138142289703 0.9999941222031701 182.84124713192932
0.9999925530744725 -0.0025699933087245793 0.002879050189006674 -0.5517822914956488 0.0025728966094273114 0.9999961849072396 -0.0010051736184823197 -3.1418167417319007 -0.0028764559156900377 0.001012573631498991 0.999995350337195 184.0121252338937
0.9999819467392458 -0.005165287181934972 0.0030701797855840936 -0.5486379508552354 0.00516908489215271 0.9999858833356295 -0.0012303214371015678 -3.162547060830926 -0.0030637814813382768 0.001246169245733801 0.9999945301376648 185.2574395206166
0.999988240091195 -0.0031907232442598328 0.003652254713503668 -0.5637973007246005 0.0032110790739580315 0.999979268991016 -0.005581268616922796 -3.1895234121793465 -0.0036343707150703957 0.005592930660396246 0.9999777549906482 186.5509643907351
0.9999835051352644 0.004017074214431119 0.004105188442195751 -0.5743392567289968 -0.003973637033304623 0.9999366101780873 -0.01053498145624547 -3.2230593837337618 -0.0041472480173893825 0.010518495154328861 0.9999360787538242 187.89765502112627
0.999900825957253 0.013040303733591932 0.005318714932970241 -0.5864939223188699 -0.01298446903849525 0.9998616061738883 -0.010400579943476953 -3.262297998180163 -0.005453605577129623 0.0103304877865454 0.9999317672763001 189.2550307366829
0.9997608923419372 0.020875970064559574 0.0065078427697962595 -0.5985296488968905 -0.020832519820806743 0.9997607007133011 -0.0066743859017060325 -3.2971483959070547 -0.006645619727947373 0.006537215241431678 0.9999565493336808 190.6195968294459
0.9997374146155228 0.02173931375027099 0.0072459682263185336 -0.6018113003101191 -0.02170624460991598 0.9997537556050262 -0.004611626457130639 -3.3229346686126076 -0.007344437541707763 0.0044531327526682474 0.9999631137426452 191.99755656388652
0.9997831107239068 0.01972843758582829 0.006672350534064668 -0.5969740378191372 -0.019701228496629638 0.9997974258466115 -0.004119328369156901 -3.3532780023878987 -0.006752266800931089 0.003986981428527751 0.9999692549634418 193.4820610518794
0.9998499402704432 0.01641262607693779 0.00554280131783872 -0.5966190121405927 -0.01639013397284744 0.9998573515171134 -0.00407923099805458 -3.3849883669425394 -0.005608961538692835 0.003987771613570007 0.9999763183335987 194.8891732944498
0.9998884212796387 0.014197384341420703 0.004645349155101038 -0.6037668405235542 -0.014175353423405266 0.9998882819557221 -0.004741620288013535 -3.409154561624916 -0.004712148791408969 0.004675241758040734 0.999977968641447 196.28495881440074
0.9998866691468027 0.0144474589692188 0.004233177511522912 -0.6175696511182985 -0.014424772772847197 0.9998816899399945 -0.005341540338929938 -3.435608561251398 -0.0043098483689171276 0.005279872353895132 0.9999767738077553 197.8459245137549
0.9998678830228791 0.01571579575000813 0.0041509352306729 -0.6278831489543076 -0.01569372400605231 0.9998628129020493 -0.005297395815272331 -3.4619878451030233 -0.004233618566555092 0.005231552307473459 0.999977353410711 199.3468252382297
0.9998463745388397 0.01707072016205428 0.003977164151251782 -0.6282358610511704 -0.017053076307141757 0.9998447773194918 -0.004428753255557855 -3.4948844636940812 -0.0040521488126642954 0.004360250002539316 0.9999822839980307 200.83170662328183
0.9998585753986923 0.01638203934414444 0.003802366187409945 -0.6405956038592603 -0.01636270993218536 0.9998533175440761 -0.00506015017367587 -3.519980875363864 -0.0038847040262321698 0.004997217528974502 0.9999799682451642 202.26815138177955
0.9998674020151233 0.01599630657787642 0.003049026630444376 -0.6283537302459599 -0.0159780227866383 0.999854761437732 -0.005929487172249971 -3.555176493835313 -0.0031434336888576217 0.005879983517221308 0.9999777720622014 203.63418859389355
0.9998791399090979 0.01527292339359181 0.0029057504460218734 -0.6414189176523327 -0.015254066779343952 0.9998631384006774 -0.006404522951731894 -3.58327673681422 -0.0030031685487833873 0.0063594243891580814 0.9999752690442445 205.17703718044666
0.9998779988788986 0.015430461815686894 0.002426562606320322 -0.6431450101731333 -0.015414813160683851 0.9998610809542137 -0.006340530600266081 -3.6223680749921847 -0.0025240628258775973 0.0063023520392253805 0.9999769544672655 206.67374897223553
0.9998762284995064 0.015612573359030001 0.00194299632278347 -0.6408857992942685 -0.015599615808425343 0.9998570977134938 -0.006514302616442929 -3.653877843426021 -0.002044423691648896 0.006483186335280866 0.9999768940464144 207.99270228875358
0.9998780342311901 0.015539140648324555 0.0015658128499297962 -0.6419421750688791 -0.015528421779057078 0.999857380674014 -0.006639761196903333 -3.6883848235524175 -0.0016687657178669807 0.006614636770963526 0.9999767306299533 209.48853045829608
0.9998640105078523 0.016454280689920577 0.0011032398331406257 -0.6486615459087232 -0.016446415347474097 0.999841659258513 -0.006794985901560021 -3.727455721367893 -0.0012148717506362066 0.006775917514354428 0.9999763052335147 210.90072419586917
0.9998684580009768 0.016193461334183975 0.0009156990586520927 -0.6640133276565571 -0.01618665586759585 0.9998444400549306 -0.007006273122480065 -3.7592553973891842 -0.001029012425462888 0.006990529397767142 0.999975036504497 212.4388632289201
0.999860937530072 0.01666167248867639 0.0007030443544564988 -0.6762358633617686 -0.016656448012940122 0.9998376179948707 -0.006877527312614717 -3.794706366924896 -0.0008175213003196947 0.00686486068493881 0.9999761023878035 213.92266757198755
0.9998758618815928 0.015741847708409053 0.0006745793250183056 -0.6898078305465205 -0.015736771638785115 0.9998519108363819 -0.006964941868041805 -3.824049315387282 -0.0007841204813153604 0.006953461552473412 0.9999755169640465 215.34017918123376
0.999896019813663 0.014399975705705588 0.000768284106561972 -0.6956194038213998 -0.0143940661590299 0.9998703987737808 -0.007210860931320668 -3.8566798547686383 -0.000872020758228378 0.007199052412398574 0.9999737062664017 216.71646625035672
0.9999101136315532 0.013382157894162992 0.0008261400780440169 -0.6964790637747453 -0.013376210319106043 0.999887222777427 -0.00682779056093067 -3.8967373671266516 -0.0009174174796156417 0.006816126212195649 0.9999763491046328 218.1653753007081
0.999927811374825 0.01197000208672082 0.0010445521504771531 -0.7047652454525031 -0.011963531085061515 0.9999104587322697 -0.005995701943870687 -3.931365914599145 -0.0011162271847332966 0.0059827725902681685 0.9999814800630101 219.618368692178
0.9999259243587152 0.012125311431279377 0.0010595367205633805 -0.7130754855211047 -0.012119022389571944 0.9999100114837128 -0.005753106201281816 -3.9663549179722914 -0.0011291995788141383 0.005739839487011464 0.999982889429103 221.03463778036564
0.9999214394700069 0.012467258698232337 0.0012970538845973063 -0.7281660439983283 -0.012459066253804241 0.9999035106991028 -0.006143367129973621 -3.9968869269129903 -0.0013735196800627387 0.006126724423512992 0.9999802881514864 222.5012359137873
0.9999117706898735 0.013152558620792048 0.0018603864027258083 -0.7430535202585578 -0.013139777333227297 0.9998910661497006 -0.00672324963461459 -4.032627669945249 -0.0019486116786137679 0.006698211383851955 0.9999756681423735 223.92286009665065
0.9998948029405542 0.014315660208844406 0.00233343636169832 -0.7512307111307417 -0.014300935445887935 0.999878456025584 -0.006209381713807904 -4.057480688735133 -0.002422044145291146 0.006175358182334934 0.9999779990847205 225.28776104172053
0.9998928384961159 0.014329938536542748 0.002994058402577275 -0.760066734491462 -0.014316876720813611 0.9998880920869282 -0.004339394396033971 -4.078780263419186 -0.0030559065987312 0.0042960638149599625 0.9999861025387107 226.6374427169671
0.9998915749060198 0.014256459077994015 0.003686706730362153 -0.7649049898603126 -0.014242534149296533 0.9998914396323051 -0.003776131756596062 -4.1115386183573115 -0.0037401407679853393 0.003723214282649882 0.9999860744142611 228.00874011145004
0.9998875736629154 0.014415162669365792 0.004128331346005613 -0.7671615725613602 -0.01439342179892918 0.999882634841254 -0.005248423747200314 -4.145318346860839 -0.004203503705815892 0.005188412871754183 0.9999777052157064 229.4653883561532
0.9998809816999847 0.014758503822877132 0.004495442089879183 -0.7673894247435685 -0.014728176739028207 0.9998690453050528 -0.006706194949937327 -4.174267151546636 -0.004593826794437655 0.006639187124395046 0.9999674084437516 230.9555376124283
0.9998635962491935 0.015833731422059186 0.004699132354220213 -0.7619179049997966 -0.01580516500064535 0.9998567553683405 -0.006055204670134523 -4.212194615498121 -0.004794335713189897 0.005980108155287324 0.9999706258943425 232.3437684723557
0.9998706735190246 0.01538311357968431 0.004689995011236525 -0.7663629470951687 -0.015359332512054907 0.9998692090955965 -0.005065136457275967 -4.240718272913174 -0.0047672991719665886 0.004992446208144854 0.9999761738858914 233.7044051231339
0.9998696977514564 0.015620870215829093 0.004071355070494977 -0.7612694574171558 -0.015600870373185112 0.9998662990941692 -0.00489865076613811 -4.266349950547718 -0.004147331914484966 0.00483449577823046 0.9999797134385098 235.12154130113848
0.9998673588455738 0.015915191246468816 0.003459971497515215 -0.7547081823349258 -0.015898185843610427 0.9998616676778336 -0.004888066630446467 -4.294824248549251 -0.003537287386872728 0.004832411001764635 0.9999820675401412 236.44054013386963
0.9998425288196365 0.017423382263265456 0.0033679836788770715 -0.7535153234166352 -0.017407817694142926 0.9998379060294784 -0.004596688994867567 -4.325714095554687 -0.0034475276185331983 0.004537335902947071 0.9999837634363001 237.8269064536399
0.9998229069593617 0.01849769216356587 0.0034626729490743464 -0.7565668275529364 -0.01848139831980047 0.99981825186318 -0.00467986724169528 -4.35668513967681 -0.0035486103583210354 0.0046150434317526546 0.9999830542257457 239.33517146072083
0.9998222365480527 0.01855258111727681 0.0033611066533692432 -0.7647847781370357 -0.01853714899671955 0.9998177472506721 -0.0045657846713003805 -4.3827184541348165 -0.0034452011729195447 0.004502667706829042 0.9999839281570493 240.7653399537278
0.9998440708787083 0.017361029871647043 0.003229329727201817 -0.7614504384448493 -0.01734669334250021 0.9998397839181219 -0.004415736025237889 -4.414767386420009 -0.003305474061685637 0.004359029290920079 0.9999850362404785 242.26710810780807
0.9998738979616175 0.01558279848257 0.0030601579193313268 -0.7586315950518032 -0.01557140252628004 0.999871863766351 -0.0037131484980183456 -4.443209333083366 -0.003117627047001977 0.0036650293116680913 0.9999884239138687 243.6754339535059
0.9999078422132097 0.013176298774180188 0.0032698977254839324 -0.7660529198829347 -0.013166240690065893 0.9999085818017478 -0.0030786596610505694 -4.471727253597672 -0.003310164136843762 0.003035323678104365 0.9999899147609234 245.16470609723774
0.9999264886666358 0.01180426925861567 0.002770647953287256 -0.7596178844493265 -0.011793273232315334 0.9999226468283958 -0.0039520964263524945 -4.498858416688038 -0.00281708524523373 0.003919130894131021 0.9999883521540429 246.611796264786
0.9999368363348909 0.010924311279533156 0.002642491936827078 -0.761779738023105 -0.010911034499611639 0.9999280338319567 -0.004987633016315488 -4.528901323997505 -0.0026967882224269942 0.0049584856584463785 0.999984070249752 248.02065436200417
0.9999497131092131 0.009511141470971572 0.003179534670434274 -0.7597459051259482 -0.009500769953684233 0.9999495483609252 -0.003261303890869436 -4.565084233869612 -0.0032103929803849627 0.0032309318625733845 0.999989627174309 249.56370628450318
0.9999657321507215 0.007479353890472008 0.0035487729783137724 -0.759052345094749 -0.007474208726658137 0.9999710005714142 -0.0014608970240671585 -4.595430526347717 -0.003559596631766159 0.00143432269230477 0.9999926359680036 251.05996153078786
0.9999740441223748 0.006348099355235677 0.0034077435522573934 -0.7534399262738525 -0.006339911324404353 0.9999770027333751 -0.002408221080801384 -4.621579770327398 -0.0034229528101610497 0.0023865537813721827 0.9999912938396567 252.51865560799163
0.9999786182463735 0.005471890342613345 0.0035807074930987383 -0.7501943537621246 -0.005459276377056927 0.999978891808988 -0.0035231006098055276 -4.639876790518772 -0.0035999099310442687 0.0035034772079061563 0.9999873830683789 253.93750230052493
0.9999691753976159 0.006442924743002343 0.004487424134977834 -0.757932615459606 -0.00642567562633287 0.9999719523710767 -0.0038477479026029658 -4.671259273931926 -0.004512089023537805 0.003818794565414716 0.9999825287777349 255.4351072809607
0.9999496511561118 0.008370337255533164 0.005534673160887154 -0.7600526969572435 -0.008349005353526322 0.9999576725361314 -0.0038661668005244582 -4.7005430183950345 -0.005566800012215865 0.0038197631276455425 0.9999772098139412 256.87301824055504
0.9999285527676395 0.010068715651197463 0.0064428507004706675 -0.7616177758392149 -0.010042185350422476 0.9999410182334889 -0.004136975653913224 -4.736807067103219 -0.006484124721270578 0.004071979777533239 0.999970687124024 258.3467993453185
0.9999106419746302 0.011117312192547983 0.007423842367377895 -0.7690791276185319 -0.011084264066101303 0.9999285406339061 -0.004478025888664943 -4.764241745031277 -0.007473095476119356 0.004395337911928912 0.9999624162180532 259.8587121050283
0.9998942901147247 0.012000353421736679 0.008209757226817915 -0.7601892678536037 -0.011963080141384941 0.9999179770501745 -0.0045742633743026 -4.805591435632977 -0.008263976615448974 0.004475565845800389 0.9999558370252465 261.30223321271177
0.9998878885300431 0.012102929129884222 0.008816432238075352 -0.7546270989553902 -0.012057450507040645 0.9999138194663043 -0.005193411939875334 -4.839202775342145 -0.0088785279298908 0.005086526003469441 0.9999476481271489 262.7298271220155
0.9998891432288202 0.011309256238952157 0.009685142046299954 -0.7538320833511963 -0.011253626416356327 0.9999199751862857 -0.005779196824707693 -4.870914324723844 -0.009749725412358287 0.005669563191229319 0.9999363974311599 264.21529760790185
0.9998902676093175 0.010403093303218675 0.010546487087705489 -0.7497056478703498 -0.010345983835085993 0.9999315983803586 -0.0054551974286213825 -4.89879668117306 -0.010602516618745032 0.005345485031839622 0.999929503730701 265.5920337887792
0.99989458911383 0.009445810027487168 0.011026664672912766 -0.7306117787787839 -0.009397045949671544 0.9999458744157813 -0.00446584440819578 -4.931100996610246 -0.0110682513661379 0.0043617555849762854 0.9999292319458989 266.985014535718
0.9999019076488642 0.008415200615000758 0.011196404725205212 -0.7129825392044855 -0.008368368756929815 0.99995606714252 -0.0042230544883692656 -4.961515468816783 -0.011231450685880268 0.004128944595533245 0.9999284006027732 268.39149829511337
0.9999046012120216 0.007784820913185905 0.011409865835166408 -0.7152106828760979 -0.0077088694147997225 0.9999479367965173 -0.006685583649443895 -4.991517617219472 -0.0114613178724112 0.0065969886871032 0.9999125551431446 269.75207050407676
0.9999210229116424 0.006260360895780019 0.010897514431663459 -0.7016726190861013 -0.006164006041149406 0.9999418116407273 -0.008853155493077415 -5.0252742152821686 -0.010952304271632057 0.00878528395184358 0.9999014280503 271.2501562427965
0.9999303000335082 0.005996051463263725 0.010170665747493767 -0.7031163883662156 -0.005904384972657396 0.9999418958989144 -0.009019038983118071 -5.053037845999278 -0.010224153411995436 0.008958358830401837 0.9999076029784332 272.6192747670185
0.9999473015965435 0.004567038372620653 0.009194356437159585 -0.6947007880083574 -0.004483458291814259 0.9999486289500849 -0.00909054798076989 -5.083231903893423 -0.009235400994872854 0.009048846409798814 0.9999164093798631 274.03265345807944
0.9999566748537917 0.004708878731722434 0.008029624925093034 -0.6822985793963718 -0.004631350306321839 0.9999427441446666 -0.009646710671182609 -5.120474762493193 -0.008074590372760967 0.009609104720176008 0.9999212299460348 275.42564274325093
0.999959760341532 0.005023497048921336 0.007432507995600818 -0.6833906654986931 -0.004949878531618267 0.9999388375119265 -0.009890396241750851 -5.1595831716469025 -0.0074817377812526915 0.009853208243820603 0.999923466014814 276.94256390583877
0.9999638423777473 0.005102082053601025 0.006803138676331664 -0.6816824138017075 -0.005037520327873094 0.9999424355485286 -0.009473593733241963 -5.195765764973327 -0.0068510821099553735 0.00943898024124315 0.9999319818497309 278.4545731678751
0.9999712182383853 0.004698516486581011 0.005957066196040622 -0.6848989566999786 -0.004642110138397743 0.9999445958377423 -0.009447542979878983 -5.228405437714883 -0.006001125586227575 0.009419617705565446 0.9999376267017767 279.8755870313061
0.9999779777440474 0.004287915519625353 0.005065353632367414 -0.6847061571106786 -0.004246326938351119 0.9999574223058552 -0.008192818987499802 -5.261182407882493 -0.005100268076976097 0.008171129415561801 0.9999536088787416 281.3194771511735
0.9999705197964909 0.006169624251098946 0.004571134928548952 -0.6882733603068178 -0.006138723624780128 0.9999584203393025 -0.0067434164030710135 -5.299170458649187 -0.004612549207685708 0.006715156671805256 0.9999668149797183 282.7431351370212
0.9999643019748373 0.006490748370792238 0.005409709933287388 -0.692834036580475 -0.006453797126729848 0.9999559154802481 -0.006820234505195909 -5.3267185497813445 -0.005453739874826449 0.006785077865869097 0.9999621090020031 284.1747770804239
0.9999575801514805 0.006985095609482607 0.006003860168318517 -0.6853911715728365 -0.006941854729484614 0.9999500337738998 -0.007193094500372403 -5.355264043907557 -0.00605380463089748 0.007151111445288742 0.9999561055639343 285.59991654900097
0.9999637034847503 0.005832844678341604 0.006210445718274919 -0.6733924939944038 -0.005786340520998783 0.999955283865222 -0.007479875226110871 -5.3855327076471795 -0.006253796961554871 0.0074436679789925955 0.9999527397985288 287.0089381374105
0.9999715222214316 0.003737653742524586 0.006556271093612683 -0.6765895551778736 -0.0036825050871418684 0.9999579085459166 -0.008403588088385028 -5.42636597319757 -0.006587404833098598 0.008379205271209418 0.9999431958949417 288.6159293522134
0.999972669198502 0.002309523381076132 0.007023315297967349 -0.6784312008912051 -0.002236288155511538 0.9999432359509526 -0.010417480080264992 -5.463355780275516 -0.0070469760399709475 0.010401489205371615 0.999921071460645 290.1732507826945
0.9999754730074222 0.0019175164671472028 0.006736209184684225 -0.6694034072206031 -0.0018404304536316994 0.9999329685623156 -0.011431150331446017 -5.498378965256126 -0.006757677065897424 0.011418472435181239 0.9999119722695203 291.55026455227573
0.9999837525585257 0.002728174133176809 0.00500516581818739 -0.6822859559791773 -0.0026659801796534823 0.9999196767783366 -0.012390824879256856 -5.538589372775176 -0.0050385681150686215 0.012377279887187714 0.9999107039000763 292.99882172182237
0.9999894669181674 0.0036048762102405037 0.0028409365053860044 -0.6851095354225418 -0.0035718211492503905 0.9999268513456614 -0.01155569347245014 -5.584450067070245 -0.002882385539195647 0.011545424438291579 0.9999291950073992 294.55524865755103
0.9999846574861182 0.004849655078922134 0.0026768709318306314 -0.698190846355673 -0.004827110740543188 0.9999533612040787 -0.008365071342405191 -5.620595900943177 -0.0027173137965151527 0.00835202144875594 0.9999614292278742 296.0831998081569
0.999988970163144 0.00342748055024441 0.003211219259378304 -0.6977525958451206 -0.003410273627558778 0.9999798809660485 -0.005348616354944368 -5.652891222808118 -0.003229486931276685 0.005337606224226027 0.999980539997633 297.53511660051055
0.9999905232598899 0.0025896642614726493 0.00349957560624541 -0.7026558622791089 -0.002573607364693247 0.9999861771490487 -0.0045849815663418225 -5.68618819752532 -0.0035114007950357005 0.004575931582109611 0.9999833653189508 298.9965940148973
0.9999919193888372 0.0016767228121882885 0.003653732015277748 -0.6904025834162699 -0.0016553490342249943 0.9999815474857756 -0.005845041276848124 -5.719418208626973 -0.0036634651087832084 0.005838945843579572 0.9999762425852098 300.46541686329726
0.9999924591155287 0.0008659288463783692 0.0037857468628761195 -0.6756598138100216 -0.0008434709849970393 0.9999820629037351 -0.005929791521416138 -5.753682469360316 -0.003790813735101983 0.005926553637907998 0.999975252540384 301.98546502915775
0.9999916431660945 0.0008525750862899257 0.003998338867053738 -0.6719831051670121 -0.000830400144377522 0.9999842847796625 -0.0055444232618752426 -5.792272527601147 -0.004003003069418753 0.00554105670687851 0.9999766360555628 303.50769862485856
0.9999891878241695 0.001004453100254125 0.00454040843165195 -0.6758343460791617 -0.0009793249864780817 0.9999842123603775 -0.005533168402097025 -5.83557416178053 -0.00454589455747598 0.005528662041081458 0.9999743840412663 305.2668336934129
0.9999843471052734 0.002558634342093642 0.004975835079932623 -0.674851308645359 -0.002526794696511579 0.9999763616115742 -0.006394648281162299 -5.881492533207225 -0.004992079025908392 0.006381975272715296 0.9999671742305444 306.9603230680115
0.9999781417005997 0.003302565989519321 0.005727929721933656 -0.6768491953964061 -0.003262951791104967 0.9999707911622518 -0.006911582159602808 -5.921039750974199 -0.005750588371938217 0.006892741125625129 0.9999597096149194 308.4589232331021
0.9999763379661842 0.002037019309729669 0.006570697076467378 -0.6759769266878695 -0.0020044685069922213 0.9999857064062734 -0.004956721613210218 -5.960343655735996 -0.006580700095232276 0.004943433571737015 0.9999661278517291 310.0447189417706
0.999978742088931 0.0011333349117986795 0.006421130914121831 -0.6610275279985762 -0.0011071588110850954 0.9999910693861928 -0.004078645268435677 -5.9939491135791325 -0.006425696040557312 0.00407144935328857 0.9999710664467049 311.432553207206
0.999982346662462 -0.0001524391130382132 0.005939960079978994 -0.6435443136865294 0.0001836211711967275 0.9999862052175661 -0.005249348325027079 -6.030538336185674 -0.005939077933519661 0.005250346358935991 0.999968580114602 313.00819401798805
0.999981138942356 0.0012669858777894854 0.006009701018637963 -0.6469272730968215 -0.0012354423886224717 0.9999854577253517 -0.005249573308694855 -6.0673325303105825 -0.006016264759162066 0.0052420496568087 0.999968162230051 314.64923810554194
0.9999792037091626 0.002968149277068335 0.005725577617812925 -0.64590497273014 -0.002926291324244003 0.9999690344350078 -0.007305271398378621 -6.100322169410957 -0.005747083458087286 0.0072883647677206825 0.9999569244576192 316.1775077863418
0.9999762276115911 0.004595409484564215 0.0051406637081303766 -0.654502608872383 -0.004542162598605565 0.9999364090960121 -0.010322137525760439 -6.138593449577983 -0.005187771257365253 0.01029854241347089 0.9999335113163982 317.7554916561785
0.9999731767081348 0.006002843907506927 0.004196633086552643 -0.6501967959855672 -0.005960722527261113 0.9999324481886505 -0.009978419033350686 -6.174533277056462 -0.004256248488287282 0.00995313641392697 0.9999414079956556 319.3129075588534
0.9999727778982963 0.006742112232274958 0.002997896764668384 -0.64400358178382 -0.006722780677717849 0.999956842012232 -0.0064123578256278305 -6.218408427162744 -0.003041000217610672 0.006392029065327666 0.9999749468272228 320.8844766096565
0.9999658800179644 0.008027803017776388 0.0019476084323324018 -0.6475783302231058 -0.00802055986958815 0.9999609942447085 -0.0036987306623927035 -6.253077814738286 -0.0019772251455682684 0.0036829835517349424 0.9999912630682749 322.364315900306
0.9999634055850712 0.008532862251770475 0.0006146157324760696 -0.6543769533753045 -0.00852974754764431 0.999951597833488 -0.004903610611420152 -6.288527558260183 -0.0006564278176268773 0.004898188649621969 0.9999877883506756 323.8485487735595
0.9999682163598572 0.007826249812975689 -0.0015218685721641253 -0.654504182894544 -0.007835745716212804 0.9999492196664411 -0.006337126915803089 -6.323439501523243 0.0014721953528305195 0.0063488504739866594 0.9999787621437292 325.243500746078
0.9999728289884435 0.00648867527714484 -0.003498339319856861 -0.6609639362940684 -0.006506245922073764 0.9999661591940382 -0.005034801954961289 -6.357888359956823 0.0034655517382639984 0.005057426210233056 0.9999812060190332 326.7905651651046
0.9999774949458301 0.005014627609306865 -0.004456805111519998 -0.6745169314521513 -0.005035438819550257 0.9999764144314207 -0.0046706462908862375 -6.390169095503071 0.004433278443393525 0.00469298314720815 0.999979160758576 328.3143059098291
0.9999767179918989 0.004796384985219757 -0.004853675434516435 -0.6895042037198874 -0.004823291809021137 0.9999729820686923 -0.005547160424238585 -6.424044261875819 0.0048269379812772295 0.005570441968171587 0.9999728350540362 329.83355730527484
0.9999755993216592 0.00430623220144828 -0.005500647735996751 -0.6905548962022139 -0.004342540372228147 0.9999687516736607 -0.00660590791161013 -6.454797717234775 0.005472029276592119 0.006629633507843002 0.9999630517449885 331.28985257420214
0.9999776482100778 0.004096196604667725 -0.005284340414625435 -0.7155377806583166 -0.00413146882324399 0.9999691451257798 -0.006681299408035266 -6.491841587343157 0.0052568094510163236 0.006702982156708934 0.9999637173340867 332.74102695873654
0.9999794070579656 0.0037218033080910705 -0.005228158388507187 -0.7317229316655766 -0.0037584278132553237 0.9999683457336072 -0.007012970209958246 -6.5268103606116785 0.005201891999261501 0.007032475448168699 0.9999617415724972 334.32894296567105
0.9999815481679474 0.003339769040462404 -0.005074373497441664 -0.7511041196924383 -0.003379338285441767 0.9999637960314541 -0.007809398127703162 -6.559983032707577 0.005048108198891308 0.007826402054635025 0.9999566310768154 335.8237413008746
0.9999816235010104 0.0032148517567160946 -0.005139784865721973 -0.7660148461957446 -0.0032586441811679806 0.9999582688983784 -0.008534734902682719 -6.601350567701105 0.005112132469342132 0.008551326794180556 0.999950369224232 337.4371251297464
0.9999832119003139 0.0027102846439426547 -0.005121550027159102 -0.7772723597088127 -0.0027520143209205177 0.9999629323205436 -0.008158455863549737 -6.648838257659472 0.0050992484455388235 0.00817241347759948 0.9999536035853087 339.0688287226696
0.9999808649743305 0.0028917019531719376 -0.005468797400134206 -0.7814995244836889 -0.0029408552496079524 0.9999551623302587 -0.009001372088005093 -6.68813511205726 0.0054425229067541075 0.009017282788062367 0.9999445322394299 340.6017511339616
0.9999838738184583 0.0014906721482617227 -0.005479963464841792 -0.7942436139195352 -0.0015464010784041326 0.9999469923240196 -0.01017944919195808 -6.7308780751650605 0.00546449876331872 0.010187759257724076 0.9999331721743083 342.101738968454
0.9999852146499317 -8.052396827788353e-05 -0.005437278493927092 -0.8080956880557117 3.5123527535946535e-05 0.999965142320294 -0.008349425770195616 -6.775987187985 0.00543776129191052 0.008349111344611844 0.9999503603138958 343.81292855969355
0.9999826379408079 -0.0015335934576106206 -0.005689631626900899 -0.8155800031786727 0.0014900546674201506 0.9999696383534937 -0.007648667091141016 -6.816390175475908 0.0057011888261269015 0.007640056432368686 0.9999545619595331 345.4187443846894
0.9999809878473037 -0.0021377338825623354 -0.005783946557310896 -0.8286955823191976 0.002088219970442385 0.9999612410334954 -0.008553114526696246 -6.85706561780094 0.0058020066602449795 0.0085408737608679 0.999946693676277 347.012939819003
0.9999849796401719 -0.0007513568938803763 -0.005429176444262177 -0.8423849196482125 0.0007014809427857717 0.9999575918612617 -0.009182723099025271 -6.892333270731524 0.005435845705299142 0.00917877670740946 0.9999430992009628 348.36713857458966
0.9999858245736243 0.000987399368908265 -0.005232178733070546 -0.849197574229061 -0.0010305726679674465 0.9999653939162013 -0.008255234096749537 -6.9400911563917544 0.0052238464549173675 0.00826050921568261 0.9999522365671852 349.98092479687665
0.9999862949773698 0.0022354400583598256 -0.00473420164106933 -0.8688238457760815 -0.0022701060019670897 0.9999705600595374 -0.007329777142223251 -6.981854971076493 0.004717676989012132 0.007340423827021556 0.9999619301262773 351.58504333915397
0.9999868119295845 0.002957758000305398 -0.004198527660659819 -0.8869351817699888 -0.002989267990378132 0.9999672663287198 -0.007518679933900684 -7.026156926795052 0.004176151791709099 0.007531131301362973 0.9999629202213135 353.1474373471392
0.9999879572355594 0.0027766486807741016 -0.004046678385598043 -0.9026147106715401 -0.002810636923890675 0.9999606205197054 -0.008417703364183493 -7.065527551953729 0.004023146024564807 0.008428975735454381 0.9999563823808111 354.80268557125123
0.9999893249923965 0.0029723956363525692 -0.003537621437080046 -0.9303062047912297 -0.003002655323806768 0.9999586887113652 -0.008579331655388286 -7.107544846528723 0.0035119741254042857 0.008589862328799222 0.9999569392243436 356.4717635361026
0.9999882975194551 0.0037150426990925373 -0.0030989162436913784 -0.950798471550931 -0.0037421919329324376 0.9999542630589 -0.008801578828186326 -7.14811296042974 0.0030660762675753126 0.008813072567249195 0.9999564635164117 358.14313063046677
0.9999840985675609 0.004877047618797569 -0.002831434008859979 -0.9665722499004455 -0.0049015000828921485 0.9999501906467095 -0.008694338534136313 -7.1865454974918475 0.0027888902739179647 0.00870807855572855 0.9999581948556201 359.6712374875942
0.9999748962980685 0.006626347439484197 -0.0025096400694847726 -0.9804699012096898 -0.006646522020766699 0.9999449620765093 -0.008117669790977628 -7.225581865143621 0.0024557114436723967 0.008134146385400753 0.999963901920409 361.15089154152844
0.999966159839361 0.00795595062944001 -0.0020933288569363138 -0.9944975259745632 -0.007974095944920226 0.9999294182874332 -0.00880751027340312 -7.2656674183419 0.0020231089892969534 0.008823904630990045 0.9999590220289448 362.76764372381626
0.9999558574683833 0.009224988787160734 -0.0017840113639596585 -1.0053227831958989 -0.009241490634267267 0.9999124144199386 -0.009474087805446707 -7.306502472827615 0.0016964567565155215 0.009490156519537616 0.9999535284020509 364.38139390603743
0.9999467151416233 0.010212989327999666 -0.0015039037413827807 -1.0200440486775622 -0.010226828284300854 0.9999025632556133 -0.00950136716989259 -7.348003754457815 0.001406719844390663 0.009516241056207731 0.9999537300772686 365.9737899851276
0.9999321701128644 0.011557807445477943 -0.0014395347966666043 -1.026381881633993 -0.011569760233628452 0.9998961552055496 -0.008591824794267991 -7.390057745536 0.001340082651893916 0.00860789708420724 0.9999620534231672 367.504100621607
0.9999190491727399 0.012677811125491285 -0.0010808360422057768 -1.0393048518099792 -0.01268630015894438 0.9998855173509053 -0.008246816366897246 -7.434393922100829 0.0009761607249460856 0.008259860590744062 0.9999654103084086 369.117173514368
0.9999083509652059 0.013518422200151462 -0.0007361598066279294 -1.0488181113647195 -0.013524340896878909 0.9998703734062953 -0.008736623355768086 -7.473114342927083 0.0006179590176125842 0.008745778728849537 0.9999615640018781 370.68452013640666
0.9999051004424626 0.0137667724814757 -0.0005158338799553733 -1.0551128494324933 -0.013770644382772044 0.9998694074640067 -0.00845797675920909 -7.516025993786636 0.0003993274742030007 0.00846427746587837 0.9999640976277862 372.29431213126543
