1.0 0.0 0.0 0.0 0.0 1.0 0.0 0.0 0.0 0.0 1.0 0.0
0.9999698317206552 -0.006495855671283522 0.004259050089204353 -0.6196732151471572 0.006484305219269553 0.9999752768393088 0.0027202014578248555 -0.13056090193750516 -0.0042766148280914355 -0.002692502413304868 0.9999872304166522 0.5825126859612122
0.9999750737757923 -0.004442472800593058 0.005487828579194708 -0.6730584262962466 0.0044247565242388955 0.9999849740943494 0.003236219279430893 -0.15747354014423898 -0.0055021229357258596 -0.0032118563073938815 0.9999797051051892 1.439757841032523
0.9999718590450659 -0.004197720925953804 0.006217737288002502 -0.7183440896395947 0.004175118488764111 0.9999846458544432 0.0036436850808395592 -0.18671626738748162 -0.006232936993070571 -0.0036176227541524935 0.9999740313138384 2.2985051565470167
0.9999744965655968 -0.0008471782911285142 0.007091439016455186 -0.7730933079150999 0.0008225474642879946 0.9999936220858641 0.0034755148198100153 -0.19610614858334594 -0.007094338168571877 -0.003469593137064674 0.9999688156584752 3.156138534984648
0.9999692570086116 0.00029213346134875225 0.007835795791485835 -0.811982596957187 -0.00031856109278493184 0.9999942652516145 0.003371643918528625 -0.19861589554590467 -0.007834765885160222 -0.0033740364437789103 0.9999636154988845 4.0156909328561055
0.9999548506780969 0.003703370142249745 0.008751094499236455 -0.8494548068332104 -0.0037333492857384585 0.9999872104036447 0.0034119103515527064 -0.20976927301297163 -0.008738347009346179 -0.00344442719851214 0.9999558876334588 4.874199243683061
0.9999132161022906 0.009506534611335916 0.009120639432487471 -0.8625990316492299 -0.00953237932014137 0.9999506613879973 0.002794375458540676 -0.20671237254340466 -0.009093624605783628 -0.0028810743464594813 0.9999545016660204 5.734631731143579
0.9998523546697129 0.013908464960790994 0.010090761312467965 -0.9051683992448409 -0.013930768155797376 0.9999006649522334 0.0021433447390569885 -0.18221137296949247 -0.010059948311008926 -0.0022836003405745852 0.9999467898890742 6.592673010144457
0.9997198490351142 0.01960497315549833 0.013261541116349833 -1.004789459222971 -0.019609771648937464 0.9998076830494762 0.0002318859939371557 -0.12066812236859967 -0.013254444578516805 -0.000491876823856827 0.9999120350091327 7.4449730914889
0.9996404750253718 0.02123278630403579 0.01637343814890649 -1.1337587734981887 -0.021214089901850995 0.999774091413704 -0.0013147347787071536 -0.006666107869838343 -0.016397654731244236 0.0009669145098258648 0.9998650818963755 8.288180858551016
0.9995994609079725 0.021644463233479187 0.018232799122055277 -1.190420019741444 -0.02162926835037044 0.9997655292407869 -0.0010301905243467085 0.009030223999694557 -0.018250821984730246 0.0006354157877800843 0.9998332379670413 9.145300563354338
0.9995739029346412 0.021577589210242484 0.019657574008057926 -1.2323732916805654 -0.021557261599280546 0.999766839511185 -0.0012454260942252274 0.02866116859931802 -0.019679863931146194 0.0008211319565223813 0.9998059955301136 10.004485287959069
0.9996329432948787 0.018431147932636928 0.01985627018105125 -1.2279591020187035 -0.018409873077391437 0.9998297378855452 -0.0012537196640200743 0.02381056465063913 -0.01987599690309864 0.0008877080639874509 0.9998020587703853 10.864817398609242
0.9995930947107233 0.019871119341310334 0.020464203448029485 -1.243112403664519 -0.0198386378529051 0.9998015941998566 -0.0017890454343795319 0.04288391763200414 -0.020495693566703648 0.001382335541175847 0.9997889855832935 11.724064712301743
0.9996058691849106 0.01901818863549177 0.020649813367302493 -1.2415457750392445 -0.01898188547417826 0.9998179210299454 -0.001952642108239206 0.03897902008456882 -0.02068318918650484 0.0015599001194121595 0.9997848630563939 12.579925411958943
0.9995872357597978 0.019671054299705972 0.02093818828897503 -1.2392761795816498 -0.019649704200073947 0.9998061755371824 -0.0012249418607584318 -0.007924705290220989 -0.020958225853734514 0.0008130070421981212 0.9997800216990799 13.44231498267304
0.9996115063303983 0.01839795537599066 0.02093684909090206 -1.2217364319750152 -0.01840228865216739 0.9998306634463975 1.4307305012758184e-05 -0.0746071623040263 -0.020933040491874496 -0.00039958768715302965 0.9997808000484133 14.310305048315522
0.999539704081444 0.02159482741767907 0.021308294009143715 -1.2308692171009121 -0.02159994751068996 0.9997666938665462 1.0133660540481927e-05 -0.09632366519958338 -0.021303103818807425 -0.00047038702819779887 0.9997729524765753 15.19160502495858
0.9994898993183601 0.0237336446734094 0.021369493936242375 -1.2219676103247366 -0.0237426673044156 0.9997180889297734 0.00016857008459510018 -0.10674605697749906 -0.021359468856846222 -0.000675852881872024 0.9997716320805642 16.083421959546815
0.9994722343388612 0.024137278187922485 0.02174039069022487 -1.222675848395225 -0.02413644958941787 0.999708628286813 -0.0003005496899962372 -0.08522417628824153 -0.021741310606820823 -0.0002243447737585432 0.9997636045998671 16.98488612597587
0.9994024076238273 0.026582677223815576 0.022094997336776823 -1.2252886100214608 -0.02657142171758126 0.9996465950072524 -0.0008028937118588603 -0.06476198504277063 -0.022108531918790635 0.0002153184166133641 0.9997555533501049 17.890816380692403
0.9993995692956222 0.026645211528724747 0.022147993008726878 -1.2122054181499249 -0.0266431487932686 0.9996449329005105 -0.0003882637165659831 -0.08581817897348604 -0.02215047435394659 -0.00020206168209470102 0.9997546277247088 18.803525227479376
0.9993839802762218 0.026921024066251912 0.022514849110776978 -1.1712204070499497 -0.02693079830590893 0.9996372916958086 0.0001309720396203647 -0.11346710600057328 -0.02250315688660629 -0.0007372342185510629 0.9997465000768161 19.717288893614878
0.9994049756361754 0.025720508905571378 0.02298151638370095 -1.1759637364961635 -0.025733321130418752 0.9996688089543492 0.0002618919461801514 -0.13276910518900223 -0.02296716911712519 -0.0008531268552573265 0.9997358557725704 20.63558112713154
0.9993698448110809 0.02669420658046131 0.023395140891131577 -1.1734321400920225 -0.026690410396760633 0.9996436348947344 -0.00047456010716440307 -0.10335346770451577 -0.02339947168482068 -0.00015016485102398115 0.9997261835999837 21.563808033666767
0.9992047571879139 0.03240210259884013 0.023236973990096846 -1.1514254391804957 -0.03239164311750402 0.9994749113404107 -0.0008264727620525304 -0.08088454525270973 -0.02325155197380263 7.31317469111224e-05 0.999729643444945 22.499426709900998
0.9990280619850733 0.03756685306201451 0.023057816838677168 -1.1270961302773452 -0.037562485107375566 0.9992940868402126 -0.0006226706544670246 -0.07551450807978898 -0.023064931799317158 -0.00024404344442429928 0.9997339392877936 23.436428708079237
0.9990163448506032 0.037919157287503315 0.02298869791760518 -1.096241909268449 -0.037917042529608834 0.9992807508752011 -0.0005280303991054337 -0.06454297767446059 -0.02299218578450392 -0.00034415243735790886 0.9997355855184663 24.379868800561873
0.9990801969445329 0.03628362073469125 0.022852985355419932 -1.0628047155464941 -0.03627334279309529 0.9993415320480447 -0.0008642490854935936 -0.04621018606505356 -0.022869295482995208 3.449997490127571e-05 0.9997384628660954 25.32598161028675
0.9992850469853168 0.030446633787812215 0.022414222327455612 -1.03141445158309 -0.03045058268131036 0.9995362598365095 -0.0001651859878963347 -0.07278650287792399 -0.022408857309609304 -0.0005174582425432245 0.9997487561137772 26.27451864985941
0.9994877135275412 0.023116253774726793 0.02213479882246454 -1.009428908453345 -0.02312492022052348 0.9997325740787593 0.00013561214070983784 -0.09822442155974345 -0.022125744558838364 -0.0006474081253115484 0.9997549861293197 27.227229850124345
0.9995934709311314 0.018459256183175104 0.02172898370881945 -0.9786250010085445 -0.01846639810882914 0.9998294733312079 0.00012805907207679758 -0.12287004474927385 -0.021722914462393283 -0.0005292630760088497 0.9997638895598581 28.186453994520345
0.9996546927620175 0.014546450884341765 0.021883692685343865 -0.9620744723468999 -0.01454132928127257 0.9998941919880013 -0.00039315568874860314 -0.09226058058167697 -0.021887096235241894 7.480194801580539e-05 0.999760446018474 29.15569916556841
0.99958476674514 0.01870713009203449 0.021916600438587265 -0.9400786985412244 -0.01868749428952814 0.9998247679675007 -0.001100416244963317 -0.05929053782489687 -0.021933345577996817 0.0006903929700021935 0.999759196861576 30.131925299523914
0.9995832947194584 0.01883232468972846 0.021876481997199052 -0.9195688323905582 -0.018814660839829057 0.9998224754294492 -0.001012997339913559 -0.052292665953871054 -0.021891675478942427 0.0006009766294268386 0.9997601679261962 31.11251569249262
0.9995337742514291 0.02095225558412498 0.02220894226727651 -0.6876241339400575 -0.02096853922873805 0.9997800107049583 0.0005005570961697579 -0.3098252760919189 -0.022193568737510088 -0.0009660128007231424 0.9997532257142072 32.02984368404944
0.9995120307622718 0.02129122292003245 0.02285572549820386 -0.606354457014822 -0.02139085568402029 0.9997626855337944 0.004123579435490369 -0.5538229339816343 -0.022762505454918012 -0.004610470781262264 0.9997302695750441 32.97608824598624
0.9995936269000399 0.017236741568912584 0.02270409216222439 -0.5942790344470916 -0.017340880892621178 0.9998399632325511 0.004397928262135801 -0.5821716179786227 -0.022624652719813825 -0.0047898500203548255 0.9997325554497517 33.961437327754844
0.9992644057561437 0.029722088154951656 0.02423313567267813 -0.4759346295149927 -0.02987092330510389 0.9995369190765839 0.005803046078665286 -0.8813849679932515 -0.024049435122716213 -0.006522643528493823 0.9996894916881337 34.9223479275838
0.999169770461379 0.032883872585417584 0.024050378789976356 -0.400407918157028 -0.033007244974924486 0.9994438212565845 0.004750782167354441 -0.8505796513187213 -0.02388077836504989 -0.005540674672128121 0.9996994595121365 35.97965467349088
0.9987993817732501 0.042322712820866415 0.02466947402876097 -0.3855570709831167 -0.042409260231750304 0.9990958321130773 0.0029954800739054625 -0.8277129785877128 -0.024520391839628345 -0.004038097789797093 0.9996911743885069 37.023932631450634
0.9987319510117839 0.04375874949827887 0.024893008467088654 -0.3798284243036632 -0.04383804928247078 0.9990351396509212 0.0026486180871774646 -0.8084457833334092 -0.02475308997485606 -0.003736520441661146 0.99968661236994 38.07028092075912
0.9984847557474734 0.04917110306121286 0.024706176629584364 -0.3552785397811332 -0.04924837989450182 0.9987833610179311 0.002528800405663798 -0.7991888182956486 -0.024551774226630792 -0.0037417078277778683 0.9996915574340204 39.10501103126797
0.9983305177961395 0.05223266882049666 0.024656146186715622 -0.32660627942457315 -0.05231318680327349 0.9986272605071694 0.0026315505755090795 -0.7842748117667884 -0.02448484681140915 -0.0039169988299692865 0.9996925274287035 40.14238531885374
0.9976754660971464 0.06336426143400109 0.025072589031959292 -0.3091490283736341 -0.06341960039364705 0.9979859444668372 0.0014173681755106306 -0.7687311280276493 -0.024932280957667446 -0.003004167032374928 0.9996846284437362 41.16789636428604
0.9977435086224449 0.06226427297401853 0.02512073471836659 -0.295162034799044 -0.06231789095675539 0.9980554295539874 0.001356467658108433 -0.7829208695813596 -0.024987426207506224 -0.00291887800746683 0.9996835042565738 42.19256435022354
0.997917402647614 0.059582803022216385 0.024713297575515367 -0.26891645834995614 -0.05961857671103076 0.998220976272528 0.0007126292666967129 -0.7836800459175882 -0.02462687158351896 -0.00218451677416116 0.9996943258228855 43.20474344296001
0.9977747255143672 0.06192631241435105 0.024712930936853325 -0.24673227889368285 -0.061978203065068876 0.9980766055169473 0.001338605465696132 -0.8552034877311797 -0.024582503321561023 -0.002867289753044417 0.9996936926778717 44.2098716142646
0.9978185612804401 0.061288101357075624 0.024533393492907063 -0.22312589670436084 -0.06133160538820727 0.9981169197603241 0.0010240452469484243 -0.8501799321219277 -0.024424433355519116 -0.002526483763536851 0.9996984865123363 45.21323736625386
0.9978622858943837 0.06061189385261837 0.024434743977263678 -0.20064697073611934 -0.06065575914390786 0.9981581842834221 0.0010573697074205027 -0.8487928319402102 -0.02432565050130659 -0.002537217298710173 0.9997008678880243 46.21468029643308
0.9978252793186102 0.06114361314896987 0.024620530535039497 -0.1975290935918009 -0.061182005577095966 0.9981262989548252 0.0008084109765012233 -0.8363258873491272 -0.02452496985323061 -0.002312986344937533 0.9996965419305339 47.21222564874064
0.9978981952959134 0.05998312010114434 0.024519729364142134 -0.18543983153552476 -0.06002238642017574 0.9981966538878175 0.0008679260287927612 -0.8804240213830353 -0.024423450894297503 -0.002337834488595443 0.9996989694784721 48.20020454751131
0.9981197463963789 0.056064236979579185 0.024774446220365558 -0.17787434492145143 -0.05613903422274401 0.998420234087932 0.002333452449999385 -0.9572285578944754 -0.024604485163598866 -0.003719878451836158 0.9996903429633295 49.17770342586645
0.9978284636477592 0.06126842890469598 0.02417719491385477 -0.06373377576476202 -0.06138583677763596 0.9981055105982987 0.004143519810323657 -1.081059275051412 -0.023877524525413512 -0.005618659347152409 0.9996991019750294 50.14767899296352
0.9976763087122166 0.06382858779626965 0.02383053533388564 -0.03032040531269367 -0.06394565070070743 0.997944619016951 0.0041822400188662985 -1.0641183207980194 -0.02351460803051514 -0.00569638087264268 0.9997072643799916 51.13052984202647
0.9976070869596196 0.06491103618230105 0.023804567412198833 -0.00735467124357914 -0.0650281582718339 0.9978746800680863 0.004178697259621573 -1.0523925734270734 -0.02348273152159285 -0.0057166651777303505 0.9997078978679382 52.109336211986864
0.9976556727592543 0.06434019540023364 0.023313040709862433 0.03956533948887192 -0.06447328769520215 0.9979068960345907 0.005002201553332624 -1.0818794424631406 -0.022942401466534007 -0.0064935431367044785 0.9997156996428943 53.08035388172541
0.9979471714362894 0.05971635077080357 0.023138722370257568 0.05787699028615395 -0.05984560220490793 0.9981954530305339 0.004933705088383241 -1.096505066199808 -0.022802344595269322 -0.0063083278121532325 0.9997200898657457 54.0454968368789
0.9982128619820009 0.05517667059976452 0.022948141432984757 0.07616826803169707 -0.055297994979054604 0.9984588996903503 0.004685870296066873 -1.1015518728291056 -0.022654225323317106 -0.005946482208853295 0.9997256750850915 55.01116042826271
0.998175169459891 0.05582941962873985 0.023008845638935745 0.09333904679912422 -0.05595653745067608 0.998421093431508 0.00491793732811352 -1.1123893630915709 -0.02269795123462384 -0.006196458258574877 0.9997231651386308 55.97195538022196
0.9979233980655104 0.06013592196960481 0.023077315317230868 0.11659188532085973 -0.06024116829210194 0.998176263209358 0.0038921983769071725 -1.0986973830616236 -0.02280116743037358 -0.0052743202659835805 0.999726106645988 56.93591232229541
0.9973996641892123 0.06816742733152284 0.02339041953981995 0.1356765010594877 -0.06821257456463967 0.9976701620837657 0.0011368196938210625 -1.0583348472704195 -0.02325842957963176 -0.0027293843178190853 0.9997257603536764 57.898911138171165
0.9971552242220287 0.07171178438217936 0.023213762888432667 0.15190187805885258 -0.07175674508810768 0.997421546076514 0.00110858319350548 -1.0466386293456555 -0.02307440879149164 -0.002771173589009868 0.9997299096535345 58.85303930634002
0.9973561779595544 0.06882436512845996 0.023320828685423255 0.15175459411995917 -0.06887209242652756 0.9976247169187847 0.001248630252237679 -1.0989022399401926 -0.0231794989312163 -0.0028514833647422353 0.9997272527404261 59.79522618409251
0.9979659371580114 0.05945712699970673 0.02299648497648145 0.16930417247585117 -0.059472514393908556 0.9982299433556605 -1.4826385315990388e-05 -1.1222715216073058 -0.02295666142972694 -0.0013528625562566625 0.999735545761431 60.72209701989122
0.9982234847101993 0.05501826744422077 0.02286623756684553 0.1762898359163196 -0.05503533648104696 0.9984844004615481 0.00011735996468368307 -1.163903787050126 -0.022825124565818766 -0.0013756025514590213 0.9997385265188977 61.63868229733631
0.9968742156894164 0.07536495582055709 0.023704884049010163 0.26731352287843935 -0.07538658980101803 0.9971543820869408 1.905215531093817e-05 -1.390853451867744 -0.023635993141489904 -0.0018060229724663171 0.9997189995740001 62.51917205099088
0.9964421960224903 0.08088888224997604 0.023663024198676573 0.2737882690578606 -0.08090864139626155 0.9967215141037726 -0.00012276031357390596 -1.3771736306164089 -0.023595375252128663 -0.0017922195827998974 0.9997199839033326 63.42065834502199
0.9960829743938132 0.08522828743220646 0.023555193570592 0.28822719179126033 -0.08524711954941508 0.9963598177611569 -0.0002053277442931628 -1.3707967032813522 -0.02348694810533213 -0.0018034889320608716 0.999722516849736 64.30647882611271
0.996082756069345 0.08529365975468894 0.02332669429966354 0.3201120224168571 -0.08530319265324614 0.9963548663496647 -0.0005878983803218802 -1.364071433664203 -0.02329180938574215 -0.0014042460588479598 0.9997277227868324 65.17766989470158
0.9957731252397009 0.08880591933282171 0.023439107103562853 0.3219456370276041 -0.08881333475788603 0.9960480228235145 -0.0007264974551413885 -1.3648043044040925 -0.023410993561649048 -0.0013582786242299434 0.9997250024179832 66.0357525211232
0.9956237150042214 0.09042143938474462 0.02360892671818641 0.3231989691851878 -0.09042990983649364 0.995902568621108 -0.0007107888883968247 -1.3694116288369802 -0.023576461315416762 -0.0014272748408127103 0.9997210177636422 66.8818941880413
0.9955501799873591 0.0911802147104693 0.023790913653970635 0.3234371063801078 -0.09119043226317444 0.9958332556019727 -0.0006573437705029217 -1.3764481865109561 -0.023751719743911937 -0.00151508499100378 0.9997167400452379 67.71363908565453
0.9946906533965642 0.09992380579313831 0.024611726500443187 0.5604997600093121 -0.09993480209703003 0.9949936772430468 -0.0007858601582926284 -1.7102551974503086 -0.024567038391813793 -0.0016778802627576811 0.999696776699055 68.42366518128713
0.9940791475139915 0.10579308674882434 0.024788531098329104 0.5609152575608003 -0.10578881037413046 0.9943875074075428 -0.0014875185517071324 -1.6764895836001932 -0.024806774830342958 -0.001143638042022182 0.9996916104552177 69.23051505240524
0.9933957083444106 0.11206489679900478 0.024625709093064593 0.5746106899783405 -0.11205497870765997 0.9937004023078562 -0.0017866728945455728 -1.6559033906317429 -0.024670800346435227 -0.0009845601224276065 0.9996951446574265 70.02716099928271
0.9928406574387185 0.11673111212641676 0.025323435753947736 0.5490636113209724 -0.11670896501667231 0.9931633639107598 -0.00235585869746537 -1.6272809384203284 -0.025425310644936437 -0.0006164796794852672 0.9996765344507265 70.80562581821151
0.9927397620568511 0.1173437532003232 0.026423633667033812 0.5229208236367457 -0.11738685451194399 0.9930862600478917 8.057223032350474e-05 -1.768355307897882 -0.026231492887360142 -0.0031817744977088256 0.9996508315866832 71.54853762148437
0.9929967796062007 0.11525411789153012 0.025959275813494057 0.5412164929908454 -0.1151803624290941 0.9933351847498064 -0.004323754013782035 -1.7800323229955612 -0.026284592491006533 0.0013034750148998037 0.9996536505962795 72.282212961555
0.9935679418055263 0.11019338991680888 0.026079912480178463 0.5562631734063872 -0.1101022893159917 0.9939081429101118 -0.004908089684583052 -1.790126519850774 -0.02646187642079218 0.0020050624968796812 0.9996478123922823 72.99798086903552
0.9935543083882735 0.1103311328877342 0.02601686758258981 0.5732796392537752 -0.1102277583754803 0.9938917989316224 -0.005378968300840555 -1.7970525275440088 -0.02645141899062481 0.002476516136403424 0.9996470323575265 73.69603189698202
0.9930857516304435 0.11451781432642019 0.025813951857439153 0.5978694079591192 -0.11438355796169764 0.9934145800193651 -0.006623735575385309 -1.7455995508059734 -0.026402491863867172 0.003625245763976879 0.9996448199318247 74.37364916827738
0.9929348109825487 0.11562537691519165 0.026668958589937935 0.574012745269933 -0.11545189518824397 0.9932811720733852 -0.007960722452524799 -1.6879425497578588 -0.027410235980280417 0.004825496631777006 0.9996126217419241 75.03053081393696
0.9933230753462291 0.1118974331084373 0.028075477706603447 0.5123838766495237 -0.11177903243761872 0.9937164121324068 -0.005756749604402811 -1.76732945953131 -0.028543228479289934 0.002580062487775426 0.9995892293264965 75.65643633017767
0.9941489216381313 0.10418872313149917 0.02850669356431804 0.5094547595903247 -0.10419086163656519 0.9945563150621228 -0.001414397922421002 -1.9493585721764644 -0.0284988764194701 -0.001564014795533863 0.9995926009632864 76.24304300865434
0.994716727856028 0.09876329301328474 0.028007914534468464 0.5624947226936803 -0.09887183297277997 0.9950970007375661 0.0025139148164648848 -2.080316045723944 -0.027622309244534623 -0.005269826968110687 0.9996045402836694 76.8228347111636
0.9946564082295419 0.09996269215240053 0.02580871452731976 0.6775304988095813 -0.10008473081248365 0.9949728399338317 0.003477707894568972 -2.080696773705804 -0.02533132894462804 -0.006042182689366629 0.999660850389895 77.39581588811342
0.9941903545776037 0.1044738947649296 0.02589872926431868 0.6950497992056922 -0.1046313458947883 0.994499507074393 0.004797070463925201 -2.0767881200616554 -0.025255104852389947 -0.007479020085354045 0.999653061785667 77.96812922877695
0.9942322728222898 0.10420372896973622 0.025372633829129163 0.711995364396358 -0.10434402045360394 0.9945321147689127 0.004265921805863727 -2.0736289236293617 -0.024789374219676696 -0.006888799755954618 0.9996689608884134 78.52488395157611
0.9945904662362272 0.10053850142677825 0.026111572202061506 0.730096830268371 -0.10070325563767343 0.9949035886902433 0.0050698634350489595 -2.0723759867793112 -0.025468780417977076 -0.007671958168185213 0.9996461785461331 79.06866103305599
0.995144226555929 0.09463679458524045 0.027052642440882353 0.7535379212017781 -0.09481757539971468 0.9954795984982173 0.00547689411516863 -2.0702127106247206 -0.026412037932023007 -0.008015365522568174 0.9996190065058876 79.60011979786438
0.9948551484925819 0.09623061327219898 0.031668637278240104 0.7692933646294016 -0.09640464159669852 0.9953341412955563 0.004011514682891763 -2.0690935936323487 -0.031134845373252385 -0.007043879662193139 0.999490372721463 80.1125189424474
0.9940627312132873 0.10082738039896862 0.040903860143793845 0.7927892192796682 -0.10097932782107698 0.994887138303868 0.001660539173017206 -2.0740622557547157 -0.04052729654917543 -0.0057811244082239125 0.9991617070499612 80.61396766628943
0.9929501123065786 0.10568046281208736 0.05368160066705677 0.8265306152521442 -0.10583856406033347 0.9943833203380119 0.00010291355073976444 -2.079917146418445 -0.05336921236069523 -0.0057837715528265814 0.9985580980386791 81.10086167477515
0.9921349392194991 0.10327695035577354 0.07072576549697746 0.8661279380392627 -0.10336619012429228 0.9946404566217409 -0.002406821656228038 -2.081400005549662 -0.07059527688954116 -0.0049227610654328504 0.9974928938615966 81.57384113929847
0.9907367531099509 0.09910490226547866 0.09283805461180046 0.9120909726452101 -0.09910502502105786 0.9950662518260515 -0.0046204428824713015 -2.0855713503546367 -0.09283792356967693 -0.00462307514589938 0.9956705012821596 82.03180043968098
0.987978473098845 0.09787856033907265 0.11965919989381033 0.9697503794888337 -0.09782121073832925 0.9951836362208479 -0.006367175821342011 -2.0905915503519976 -0.11970608766041797 -0.0054145751636710815 0.9927946086441214 82.48313581563359
0.9842255095937644 0.0966923713687078 0.14815779285610411 1.0403599649298698 -0.09642011162181012 0.9952997099124221 -0.0090360125657075 -2.092978518265948 -0.14833512173364063 -0.00539191685264762 0.9889224534274268 82.92773224269362
0.9786605656075471 0.0964932155225606 0.1814181817868164 1.1267968567400604 -0.09574096322095131 0.9953224285586162 -0.012920184584760585 -2.096752751842042 -0.18181629543647096 -0.004724676316587906 0.9833211642934684 83.35681856936253
0.9710601212995655 0.09651090455587062 0.21846712824469114 1.230459955284083 -0.09495457214878306 0.9953253527690821 -0.01763721528885464 -2.098723964965447 -0.2191480550899692 -0.003617656273266389 0.9756849094422712 83.78309743339948
0.9610930288864828 0.09627584358642713 0.25890375000669574 1.343751947588304 -0.09368820655048044 0.9953508070992337 -0.02234481506434908 -2.1046819329649513 -0.2598513224502854 -0.0027807820172178607 0.9656446331193537 84.19980551972691
0.9478258259172553 0.09880042545880774 0.3030918666896769 1.4792767823558384 -0.09410285642147834 0.9951072685000488 -0.030102767176651987 -2.1053915611350096 -0.3045830857706856 1.0369747988325014e-05 0.9524857708936527 84.59009287472743
0.9307437570147398 0.10033112561363183 0.35163862701812193 1.6501010261995668 -0.09271329711244385 0.9949489044994986 -0.03848274904146781 -2.117234934024262 -0.3537234842594251 0.003216001920167993 0.9353445108702044 84.96992109993396
0.9105031214667906 0.10092948966175806 0.40099539138978774 1.8724244154762317 -0.09008189259778505 0.9948775944600285 -0.04586746850905838 -2.139936658751768 -0.40357071056412525 0.005640049471895553 0.9149310746808865 85.29798280201153
0.8856387637306258 0.10203493953538638 0.45302632516411234 2.108629655382198 -0.08720824988602767 0.9947492289206779 -0.05356017843075803 -2.1630396458160903 -0.4561125972054554 0.00792733724074736 0.889886765827409 85.62395689947967
0.8557322141991294 0.10279038692451503 0.5071060184396998 2.34361999119997 -0.08287526736048326 0.9946441160117903 -0.061763844950377525 -2.1861130193338916 -0.5107387469556083 0.010826764938537826 0.8596677925333607 85.94293597159694
0.8207046008286555 0.10184616737299462 0.5622022023881714 2.5711469692709104 -0.07560772448139721 0.9946901216138344 -0.06982144342966506 -2.2102308866724005 -0.5663280234788168 0.014795950638224066 0.8240471161695115 86.24456392716901
0.7810989331059316 0.10223625254598488 0.6159806858710184 2.811194737212489 -0.07006765974127939 0.9946252152927407 -0.07623125449742241 -2.241120300001396 -0.6204635200873269 0.016383826452452788 0.7840641494620321 86.54691121578395
0.7373151511577167 0.10135866729625308 0.6679017805315405 3.059411815680831 -0.06395120805647396 0.9947125241490086 -0.0803569367834965 -2.2714249615936293 -0.6725151380165295 0.01653526126303269 0.7398986243219892 86.82445218024222
0.6898391234429587 0.10153634386062257 0.716807055380225 3.33696931420551 -0.06081933741672575 0.994743857082039 -0.082375160052892 -2.302932111928396 -0.7214034876292474 0.013229878040500758 0.6923886035770608 87.09398128217353
0.6388472534857186 0.10337871434050742 0.7623562344042705 3.6293656571947293 -0.05874597519205033 0.994592527367712 -0.08564236628587181 -2.3371484562962896 -0.7670874116503867 0.009927030049928766 0.641465787834315 87.33982839669214
0.5861781792693536 0.10361191157777129 0.8035295351931172 3.929766151090008 -0.05136817500234496 0.9945462370619639 -0.09076944939139808 -2.371822821121204 -0.8085520717587674 0.011931224794178349 0.5883036572464226 87.56334796277301
0.5338953849415731 0.1022320577527158 0.8393475587060083 4.249386978692353 -0.041525737749633446 0.994636318462233 -0.09473229175020068 -2.4080765650354916 -0.8445302428228602 0.01572260676674987 0.5352770017421071 87.76629269722704
0.4809973780673076 0.1052503738964467 0.870381457228401 4.570152120631993 -0.03846428672381236 0.994345327534737 -0.0989841818507685 -2.4457091312882944 -0.875877857317563 0.014132530010434222 0.48232587599702753 87.94886247930307
0.42724205878177757 0.10899725388225581 0.897543214477184 4.911311188753949 -0.03792822003939472 0.9939935772646026 -0.10265582536496849 -2.4863552091235683 -0.9033413935675441 0.00981666964131532 0.4288099341953282 88.11185287082294
0.37458146714204993 0.11261350322291694 0.9203297905455265 5.2592412840112885 -0.03464441020900608 0.9936035693099726 -0.10747889046577239 -2.5324825970547256 -0.926546539206197 0.008375317686240679 0.3760869111504345 88.26045062344154
0.32617708897505615 0.11299294535440933 0.9385313531938584 5.6117931719550365 -0.024253756123302477 0.993504044298341 -0.11118214459503922 -2.57544327222832 -0.9449974930875059 0.013502157715576606 0.32679876039445716 88.38534303365586
0.2804062648096568 0.10890512635592853 0.9536833856730949 5.981293678963268 -0.007050682018352725 0.9937498063466154 -0.11140740670683175 -2.6217461973870404 -0.9598555175330158 0.024515216488225803 0.279421526769078 88.49575820290147
0.2386648992861715 0.10933968891328297 0.964926887529345 6.353623861636766 -0.0019055774418159437 0.9936919615494226 -0.11212784813183103 -2.663459107555378 -0.9711001156540636 0.02492223867168084 0.2373677471693591 88.5869618871571
0.199245720867889 0.11644883386900985 0.9730060697685211 6.728361397089297 -0.0038826516354915006 0.9930004554942343 -0.1180466873932576 -2.711042532412139 -0.97994186956784 0.01974245371760589 0.19830322183236307 88.6648580062798
0.1634287867004209 0.1265708707395092 0.9784021904911455 7.109147885290846 -0.013409620765944956 0.9919293249727387 -0.12608091183855377 -2.757468888970056 -0.9864639951607674 0.00748524811680131 0.16380707344949416 88.72688033971366
0.12909846543994227 0.13374884682151703 0.9825705227590371 7.494918092945444 -0.01758359168848858 0.9910152472637239 -0.13258807259385497 -2.8114143193779078 -0.9914758713778088 -0.0001602021698334996 0.1302903327606472 88.78379910894341
0.09592609374340254 0.13975043591360065 0.9855292995142719 7.89215367677161 -0.016986172768467717 0.9901808172621259 -0.13875669014785844 -2.8659833642446277 -0.9952435151629034 -0.003429983683288835 0.09735800294850246 88.83463684776315
0.06920265694673895 0.1443541715588877 0.9871032698887489 8.298611276499209 -0.009346525240720138 0.9895258062759965 -0.14405318871779282 -2.92265344554444 -0.9975588377321095 0.000742877773708506 0.06982702481974119 88.86284058225267
0.04344987057664667 0.1509836517249471 0.9875809058799555 8.717181827913421 -0.003620477443100911 0.9885317557131814 -0.15096973236281283 -2.9874282263158247 -0.9990490482904014 0.002984100939179452 0.04349820975198997 88.88546008218117
0.023365886709370447 0.1565249744415819 0.9873975732775264 9.141054174018905 0.0016035870102394704 0.9876600871313881 -0.15660453632101357 -3.0559307198875136 -0.9997256943016847 0.005242581776299908 0.022826552287486153 88.89881655948788
0.005443348182572749 0.15738169544412056 0.9875228462672134 9.586111109507138 0.0010791135918556084 0.9875359772726645 -0.15738973634255637 -3.1249111813860155 -0.99998460261867 0.0019223764609505468 0.005205669440449125 88.90177580287083
-0.006253531022286584 0.1548671291054701 0.9879155154528064 10.049625165429662 0.0029117683895562925 0.9879334648891672 -0.15485151131626226 -3.1923994740987998 -0.9999762071942507 0.0019082124395832947 -0.006629009781750323 88.89822863114232
-0.01370930577369103 0.15425932318250415 0.9879352793308276 10.519811901425808 0.00721835077264146 0.988017653778775 -0.15417201832241817 -3.2608772088631706 -0.9998799679698192 0.005017672045948123 -0.014658534030139798 88.88001811408112
-0.027577981181530972 0.15361699997869696 0.9877455503678553 11.002445995068728 0.010966446301710515 0.9881084071691819 -0.15336724792827944 -3.3308083404056466 -0.9995594989841591 0.006602499460633112 -0.02893466763952067 88.86688358789849
-0.038875030722478485 0.15413700346553638 0.9872844150238537 11.494679537084608 0.01614206670484842 0.9879992312377396 -0.15361299670318335 -3.405944112323219 -0.9991136900617582 0.009965100917763871 -0.04089659025977857 88.84943715416259
-0.03073461657156701 0.15321409675392283 0.9877149507322848 11.967689264318889 0.019196190326801976 0.9880900090207017 -0.15267494997676373 -3.4960989975275165 -0.9993432291365846 0.014267958135265584 -0.033309694527484994 88.66647911204424
-0.029974146030087346 0.15435024161061503 0.987561417575896 12.491114155635591 0.02343283833549404 0.9878423265623554 -0.1536829201291273 -3.5758119028791455 -0.9992759642147457 0.018534852754146396 -0.03322659440978746 88.63113062915026
-0.02882328077367131 0.1551939353704552 0.9874634478853758 13.030624196015795 0.02803114093818274 0.9876108724303159 -0.15439889829637485 -3.6576423960899214 -0.9991914099026001 0.02322944428223672 -0.03281644854631015 88.60572085290835
-0.02688038783211282 0.15550486863241944 0.9874693314638233 13.586159767802886 0.03171242087546605 0.9874617285515919 -0.15464041195017492 -3.74716651596273 -0.9991355098845264 0.02715824879325728 -0.03147479007509087 88.56509851769079
-0.026711472310297604 0.15659667417493783 0.9873013617352939 14.162721616599228 0.03387361427756309 0.9872283683480498 -0.15566864483454115 -3.837322388715171 -0.9990691044681499 0.029285326807054556 -0.03167481856322046 88.53650831557543
-0.022553407348417338 0.15680335771950496 0.9873722959577438 14.755906996264255 0.038254799062677466 0.9870355719540257 -0.15587607271824613 -3.9284000466466615 -0.9990134704625611 0.034256192218031695 -0.028259496263570206 88.47432249521304
-0.020577841531615734 0.15702486051393574 0.9873802436845087 15.367303179459826 0.04098634725684723 0.9868916380060906 -0.15609296644050616 -4.019282280060374 -0.9989477823071838 0.037257053214590996 -0.026743975196748346 88.43205109064154
-0.020577847132742452 0.15702486170960656 0.9873802433776269 15.387147064560374 0.04098634822715627 0.9868916378139052 -0.15609296740081013 -4.028437243498772 -0.9989477821519921 0.03725705326601954 -0.02674398092186753 88.41286028867907
-0.019224625567587687 0.15732163520116785 0.9873602771376909 16.03338373354387 0.04404167371820617 0.9867174637718955 -0.15636168860580135 -4.127411657391599 -0.9988447050206981 0.040479004251453364 -0.025897981908359114 88.37218169859516
-0.01789271858323539 0.1574868814283711 0.9873589685619251 16.698333200097252 0.049197564717411185 0.9864595338141517 -0.15645187046834239 -4.231279189726121 -0.9986287850085124 0.04577630746503065 -0.025398413873501904 88.33532728253121
-0.017436984750866757 0.1575309146616781 0.9873600976789848 17.37623964712314 0.05184150005492584 0.9863243953296258 -0.15645013918083778 -4.3381958640529 -0.9985030848399286 0.04845820986688925 -0.025365162361856625 88.32043030244765
-0.01841487996572967 0.1577404377986884 0.987308891117125 18.06216445127622 0.0520331006812549 0.986289402968267 -0.15660705611815337 -4.487894953872488 -0.9984755623596115 0.04848884279479323 -0.02637012504861635 88.23254540486147
-0.016731231596504016 0.15886029157597964 0.9871592949720223 18.776244963838693 0.05212276446483901 0.9860936466386545 -0.15780537849966905 -4.603098328681787 -0.9985005174329192 0.048813193086251115 -0.024778798738383113 88.21756732991025
-0.021095188062334888 0.1590127112374187 0.9870511388502327 19.50615735984725 0.04649403201116816 0.9863587215352856 -0.1579074964611306 -4.707378763508725 -0.99869579854326 0.042560898912062474 -0.028200564814166395 88.27228594542584
-0.02564339917388455 0.15941840258365475 0.9868780010702872 19.97611313188296 0.041953664055613474 0.9865045120244933 -0.1582679305090754 -4.998807071651721 -0.9987904215355281 0.03734462040230914 -0.031985515094959616 88.79283487961308
-0.02948373602759186 0.16026911669328806 0.9866329203630951 20.739596337506725 0.035863240088324116 0.9865961260912256 -0.15919143190559729 -5.097383439056079 -0.9989216872809514 0.030690295145866867 -0.034836309558233615 88.8516499135802
-0.03565028534373398 0.16097805358359998 0.9863139071407983 21.254132963673662 0.02404757742991158 0.9867936904391257 -0.16018716093771146 -5.314135916273531 -0.9990749577357363 0.018007742056334736 -0.039050608847619364 89.40796505046612
-0.04110655010642038 0.16061069515923337 0.9861614756918957 21.78719561688064 0.016094905561036793 0.9869740930377262 -0.16007215150468837 -5.603463709262231 -0.9990251275885559 0.009292161902723582 -0.04315611397987459 89.92278979051903
-0.04582331843367926 0.1590675709178777 0.9862036966925306 22.550304717061273 0.008163530909019596 0.9872673968046567 -0.158859824907542 -5.849050837500769 -0.9989162028172454 0.0007714200174818633 -0.04653842133478028 89.97774053820791
-0.04696136149861561 0.1617971151607354 0.9857060028486493 23.343879577879964 0.004366175144485533 0.9868185486688323 -0.1617717172986301 -5.982949166469604 -0.9988871643187758 -0.003293255046905022 -0.04704877714024068 89.94293797133082
-0.04864832011945518 0.16454901538690384 0.9851684944641483 24.14156256041771 -0.00046201137733864386 0.9863325340626896 -0.1647662550249937 -6.122236979038623 -0.9988158626568979 -0.008470760572377872 -0.047907397344076674 89.90405666734972
-0.04937825079632359 0.1658879222986524 0.9849076025616479 24.944243845098622 -0.0011629237812897475 0.9861002917889957 -0.16614710994157278 -6.262311273049045 -0.9987794731353739 -0.009349426137171523 -0.04849899250841518 89.86352754216935
-0.0501222838490276 0.16532246235441928 0.9849650958804735 25.74007272987809 -0.007546463000765386 0.9861138250404078 -0.16589929162101516 -6.436749563785335 -0.9987145776236254 -0.015748254038088633 -0.048178677200772756 89.77096969830208
-0.05067214560801457 0.16521807086165097 0.9849544774862623 26.550567760287578 -0.010642497019408004 0.9860761107823313 -0.16595373150846618 -6.557404194150569 -0.9986586358294174 -0.018891606738090646 -0.04820825943944968 89.72957716902152
-0.04993127496180201 0.1651586086070354 0.985002285166729 27.35467219655122 -0.010262420776021552 0.9860955501173514 -0.16586213780900846 -6.694511850776323 -0.9986999301594577 -0.018390215924417832 -0.04754208091521138 89.65464399732076
-0.05050997384802173 0.16495262549989922 0.9850072963600642 28.161940787907824 -0.0129777653807171 0.9860745346276941 -0.16579683279393478 -6.831599396994968 -0.9986392342320605 -0.021157587278962053 -0.04766588248357418 89.6231933418583
-0.053650915763736824 0.16257433969630766 0.9852366027051691 28.901509009093072 -0.02859444604196628 0.986002891798788 -0.1642578918042639 -7.1627172752215245 -0.9981502576732956 -0.03698488119134286 -0.04825123490644346 89.51556691729746
-0.054344275537284915 0.1622135926389819 0.9852580626817947 29.700368583921293 -0.03187641899660307 0.9859314223133928 -0.16408267552378525 -7.316491154253154 -0.9980133233721288 -0.040323452955385974 -0.04840894042916191 89.48403389520655
-0.054815179242008336 0.16142051167468974 0.9853622250397815 30.49324794618579 -0.03544570504759413 0.9859093510638751 -0.16348196682964158 -7.487882022326419 -0.997867174587052 -0.04388815210840421 -0.04832113394948581 89.43443615442112
-0.05468954740085138 0.16177637015515783 0.9853108440814566 31.296198764240376 -0.035304343209477285 0.9858573702417293 -0.16382566615341393 -7.605543534072626 -0.9978790792253529 -0.04374530374204489 -0.04820468488517274 89.37690606971535
-0.05545017278489017 0.16171186219135633 0.9852789208973929 32.09619522463161 -0.036811646632075014 0.9857951525793378 -0.1638683002392944 -7.735891716719937 -0.9977826321450789 -0.04535626503234235 -0.048709631613828575 89.3311520675382
-0.05543831633560792 0.16173825814047793 0.9852752554162509 32.897010493849784 -0.03826566732506993 0.9857237087218372 -0.16396496201272376 -7.866150465183792 -0.9977285862327695 -0.04679215657939907 -0.04845784040389018 89.2683906839786
-0.05400812735296699 0.16257960028652432 0.9852162177666894 33.69771142130281 -0.037694482097628254 0.9856210390096535 -0.16471276052851222 -7.981698853142784 -0.9978287669731807 -0.04603304283018232 -0.047103192764157205 89.18656510819255
-0.052104028977095374 0.16317192501367356 0.9852208346617966 34.49018595723682 -0.03486952572789773 0.9856620646933101 -0.1650890983682225 -8.115656618652022 -0.9980327080511271 -0.04295599040708098 -0.045667237143069146 89.10363264478171
-0.05178657184115079 0.16441995516566615 0.985030065185963 35.28030551896883 -0.031122824098618263 0.9856087564311296 -0.16615278831969338 -8.247443326709778 -0.9981730916013858 -0.03926140075955871 -0.045924085329264425 89.05384334153027
-0.06438459083935436 0.1660039979487606 0.9840209840889967 36.06890225079392 -0.030168971637158485 0.9852924105417383 -0.16819244596356522 -8.385549811248472 -0.9974690258914339 -0.040515902974984266 -0.058429478804080066 89.00809988033018
-0.08021389643532156 0.16772667312355652 0.9825647530527278 36.85409114110546 -0.028761075382323507 0.9849412469796384 -0.1704803230318595 -8.517054341088059 -0.9963626505251573 -0.04193450990650151 -0.07418197569076841 88.95049155018766
-0.09853060585621463 0.16953141235758679 0.9805869772404944 37.63182666039772 -0.030253403009088915 0.9844160459789292 -0.17323331095831515 -8.653795355193115 -0.9946740427476621 -0.04673487609112197 -0.09186620728412917 88.88002322850214
-0.0921007672955727 0.17119641211814424 0.9809226458500395 38.406630027103546 -0.023092085525969926 0.9844775155627421 -0.17398499055226604 -8.790259626058544 -0.9954818954906358 -0.038675700760106665 -0.08671785237819642 88.78464751017344
-0.08468163562174894 0.17215020130360975 0.9814241329718526 39.176947624935984 -0.014057711762187583 0.9846576137877056 -0.1739303433846807 -8.92735729624124 -0.9963088885122111 -0.02852528353984054 -0.0809623793532227 88.6963277160198
-0.07573379427506016 0.17341867573713235 0.9819319504478317 39.93975555282551 0.0011909409026248166 0.9847751396129223 -0.17382895633385131 -9.064857005738183 -0.9971273610048368 -0.011995303494654008 -0.07478728922485324 88.6059328176256
-0.07573379427506016 0.17341867573713235 0.9819319504478317 39.93975555282551 0.0011909409026248166 0.9847751396129223 -0.17382895633385131 -9.064857005738183 -0.9971273610048368 -0.011995303494654008 -0.07478728922485324 88.6059328176256
-0.08407581423658472 0.17512715115497268 0.9809494066407296 40.694591571423125 0.005233162449993063 0.9844989611827337 -0.17531231970654662 -9.202199640936838 -0.9964456189231944 -0.009606058424857324 -0.08368902060790875 88.54365730864521
-0.08743883578215342 0.17670874169360043 0.9803715982249419 41.43997161921994 0.00994917603088797 0.9842467927777261 -0.17651987084480458 -9.340911889070242 -0.9961202055441746 -0.005680802392663092 -0.08781950006010926 88.46824033261831
-0.09333069856130921 0.1778752543289425 0.9796171571606292 42.178367023101046 0.013537847404102108 0.9840475310402234 -0.1773899189393357 -9.47988218146518 -0.9955431218152841 -0.003294017464261519 -0.09424989153958686 88.39476505291991
-0.09557629812617564 0.1792069121297934 0.979157828892463 42.90876763885423 0.017338991062688727 0.9838114035472065 -0.17836614488014205 -9.617324169784501 -0.9952710839893947 -6.996699455321482e-05 -0.09713631905314979 88.3150804629987
-0.09463769598514511 0.18021700531927326 0.979063602373399 43.63219330486564 0.020985234507976885 0.9836202764851316 -0.17902729294707717 -9.751045020480573 -0.9952905738683899 0.003603148771061171 -0.09686945280977467 88.23041153859366
-0.09378398498127827 0.18138992857389016 0.9789291383818296 44.349180091392675 0.024079517593597548 0.9833884329917534 -0.17990932908129958 -9.877606456442594 -0.9953013317551079 0.006699527593997863 -0.09659386800685792 88.14613329539931
-0.08739328568944901 0.18343307547141233 0.9791397859547443 45.034683508365944 0.03388436030107589 0.9828790828456453 -0.18110924501938064 -9.95395343280124 -0.9955974406070909 0.01734979330142948 -0.09211254490572102 87.9258868742833
-0.08685120813752288 0.18440739423493502 0.9790049951846695 45.738201509475076 0.03775342823514907 0.9826217321287405 -0.18173940190505533 -10.07318561642051 -0.9955056736661758 0.021176508205911753 -0.0923038959018461 87.84405748237661
-0.08591481791226455 0.1848151333382091 0.9790107305603363 46.42796970382835 0.04079313822673377 0.9824725906758514 -0.18188878042445428 -10.196055979932773 -0.995467007959941 0.0243099786067523 -0.09194814301236455 87.75529904410773
-0.08588258887403258 0.18469191411844402 0.9790368112525494 47.10343726802611 0.0416639361404181 0.9824736721016687 -0.18168544259887662 -10.325647546152668 -0.9954337232350434 0.025186911012028572 -0.09207237457615129 87.68823092519946
-0.0866614571100882 0.1821773854379622 0.9794392232734735 47.696689262291706 0.03350804071149904 0.9831147242708237 -0.17989622044272802 -10.61693284676329 -0.9956741450189579 0.01722902077572186 -0.091302561759662 87.53787149645953
-0.08774162356260766 0.18053067699077818 0.9796479378633172 48.32918968790851 0.031696112851021294 0.9834488078339347 -0.1783922610433187 -10.802598869305587 -0.9956388722447175 0.015398604977840456 -0.09201151580103153 87.508606261686
-0.08808836675230587 0.18080427247557396 0.9795663605379119 48.95802801812718 0.03146801485721478 0.9834034032795612 -0.17868270889798585 -10.932404684786155 -0.9956154898774211 0.015085140793333337 -0.09231595118606521 87.46766974391278
-0.09440114368206105 0.1781729817753501 0.9794604701756986 49.50702973929566 0.02179435393821063 0.9839882057962512 -0.17689606267605243 -11.21000478504346 -0.9952956496478494 0.004647517526022259 -0.09677277702386389 87.57419546160911
-0.09272477655659846 0.17949100178269045 0.9793799549161583 50.10007770793098 0.01828623116960408 0.9837586860101544 -0.17856220610528314 -11.32146096276273 -0.9955238468073683 0.0013520275959074354 -0.09450101829736673 87.53093683987754
-0.08546756299243984 0.1804207156138135 0.979869206095147 50.67360581723058 0.014284503602577945 0.9835885695528339 -0.17985960858913583 -11.430084949128808 -0.9962385500636688 -0.0013752172223664234 -0.08664213838906601 87.49141719750692
-0.07647619442560448 0.18376064009773202 0.9799915401864703 51.22831094833268 0.011451561566016732 0.9829670177402057 -0.18342492680283362 -11.529369974439934 -0.9970056436268938 -0.0028052069080550714 -0.07727792304614658 87.45938290517574
-0.06296111724725136 0.18743355915690174 0.9802573940638016 51.76323429751718 0.007746931248576084 0.9822683042689693 -0.18732048335617868 -11.625695998418681 -0.9979859131126089 -0.004199920277679737 -0.06329674476980195 87.44263340350139
-0.04472087955595817 0.19166831366448023 0.9804403604854082 52.289476053997056 0.002584704634963668 0.9814411673735128 -0.1917460671994746 -11.725432968768454 -0.998996177286826 -0.0060409040325044685 -0.04438631821607427 87.42916893843912
-0.021412553029319988 0.19590463387664073 0.9803891456959462 52.807095560944525 -0.0020449921974964053 0.9806033422535415 -0.19599209975939072 -11.829994277020027 -0.9997686335246163 -0.006201579382884275 -0.020596597619001424 87.42081647182735
0.006132676789142304 0.198908542723353 0.979998868319282 53.32092711350262 -0.007871197901227138 0.9799965390916772 -0.1988588132619061 -11.932322027124163 -0.9999502160202774 -0.0064942282071121975 0.007575650532747348 87.42352342848014
0.03799866810896639 0.1997665568891646 0.9791064415938617 53.83545292820414 -0.014353466799278266 0.9798221032521176 -0.1993555215423883 -12.034995123441826 -0.9991746990455607 -0.006478327503598038 0.04009927754922119 87.44691741160604
0.07516783693123817 0.19972316344889254 0.9769649196737041 54.346451622152955 -0.01895760414478881 0.9798458490486339 -0.1988535173117392 -12.133010666567653 -0.9969906747488507 -0.003573525448027693 0.0774391656702472 87.48986423414485
0.1157421139255678 0.19759751111755047 0.9734264156392057 54.84644586326938 -0.025223497117629286 0.9802814548349649 -0.19598990917851022 -12.2344709801533 -0.9929589811554141 -0.0018689319926990715 0.1184439480767539 87.55306784844038
0.1595750572878009 0.1964396837977281 0.9674436685001587 55.3444321463443 -0.029364516502031517 0.9805124926305685 -0.19424977983511404 -12.324596736350818 -0.9867489682093401 0.002588904176872039 0.16223369351945946 87.64379287937322
0.2062488672033277 0.1953490599544995 0.9588014129903223 55.83929317636605 -0.03825599125301477 0.9807296817404334 -0.19158750086202528 -12.419985758453512 -0.9777514428067051 0.002834806554373134 0.20974765782054827 87.75683179562907
0.25631380972819506 0.1970925921610913 0.9462862891629792 56.311918328989044 -0.047241046772575346 0.9803752098318156 -0.19139679058713063 -12.496181603654296 -0.965438508887257 0.004354085718541762 0.2605945653598813 87.89168134743116
0.3116420115860014 0.1992316356326669 0.9290780440725979 56.774803057748855 -0.055449366300633456 0.9799183391518248 -0.19153437386220382 -12.574242017074932 -0.9485803204744916 0.00817336877062471 0.31643099034615807 88.06157832050054
0.37293231283995815 0.20023138566374454 0.9059960718651145 57.22161785508918 -0.06443337726870196 0.9796691816342906 -0.18999114308237436 -12.672418979596769 -0.9256186201312013 0.012477449706370158 0.3782518781384119 88.24817842546655
0.43784981778238685 0.20701507804865477 0.8748898756577547 57.64341130119214 -0.0742495349470924 0.9781311012797616 -0.19428472731890226 -12.73461890965737 -0.8959768655652174 0.020107366056974094 0.4436452977347774 88.4358739587831
0.5030342412657194 0.21090364496226607 0.8381385354795791 58.050703791556806 -0.08639428403779571 0.9771820234931118 -0.1940394821872677 -12.821144837453758 -0.859937544127374 0.025198125000420214 0.5097768871738341 88.6748949739979
0.5648791554614324 0.21477344921629984 0.7967332710744002 58.414939240066104 -0.10219431669150314 0.9763093022545299 -0.1907261596300526 -12.913792769266163 -0.8188210191251422 0.026315619753391778 0.5734454000128161 88.93280609782265
0.6266552723971701 0.21910887302302853 0.7478599276197436 58.802729643365744 -0.118580053851253 0.975295248172283 -0.18638119465546293 -12.996107618498186 -0.7702220072196478 0.02811548781618555 0.6371558513734257 89.19894192673574
0.6842542276119916 0.21983246843972898 0.6953199535572193 59.15840699754435 -0.13184814826419824 0.9750613496454393 -0.17852571306933623 -13.102488446972952 -0.7172253605349016 0.030480325577470824 0.6961743545680722 89.49715437412385
0.7344472119470306 0.21963818688593756 0.6421420090016638 59.44685605362159 -0.14343634382607418 0.9750450500500388 -0.16944959617161737 -13.177663685238594 -0.6633349893779483 0.032345281485465734 0.7476232170235106 89.83746204605852
0.7816548159629393 0.21780937864429958 0.5844440291905879 59.738903358060526 -0.15716088158369051 0.9755883178094156 -0.1533880420816131 -13.267463196997015 -0.6035861214290646 0.02804476294030176 0.7968044209778462 90.20437240817037
0.8239015689539289 0.2153185693931904 0.524236700689417 59.990119637152105 -0.16815116858660878 0.9762371199409352 -0.13669773279899203 -13.330489770016607 -0.5412128871139462 0.02447446268862061 0.8405293638522631 90.60608135842632
0.8594544912530024 0.21637190075753907 0.4631643099674386 60.20392963657432 -0.1804610900416433 0.9760953561614997 -0.12112658940519852 -13.383987776983346 -0.47830092248084327 0.020519655029346537 0.8779562468092876 91.00654840613697
0.8874611962269852 0.21564834590386606 0.4073185683225066 60.3995910594184 -0.18912004242401237 0.9763396285398126 -0.10485484870180803 -13.431151039362382 -0.42029303437590976 0.016022504537865495 0.9072469589937595 91.44367620840698
0.9087013194921999 0.21940939455808034 0.3551357902729503 60.57028210401504 -0.19995417242391036 0.9755619839853827 -0.09108866193314884 -13.470751432847138 -0.3664426843087543 0.011761504247291929 0.9303662860048378 91.89298537313404
0.9253446755117025 0.22246843187273407 0.30699353140128227 60.71335121767711 -0.20793070210097794 0.9748892406171356 -0.07972321903145695 -13.503012443489993 -0.3170205902239439 0.009938075720684513 0.9483665852533146 92.3395740325768
0.9366539673691829 0.22845417194794462 0.26549583185268666 60.841900953387984 -0.21765678409592 0.9735249280659726 -0.06981932949523065 -13.536380687715386 -0.27441732771199623 0.0076095830188369264 0.9615805865852777 92.8121280207566
0.9454237471716419 0.23272474394558457 0.2280638766648397 60.94930848481844 -0.2235445079839007 0.9724793154549622 -0.06566455636401079 -13.56230939672102 -0.23706916972514333 0.011098403836083775 0.9714293768453386 93.27856231778753
0.9519685583765045 0.23435005701995743 0.19706829942257142 61.04578056031337 -0.2267996082814019 0.9720682592752911 -0.06037579807262747 -13.590402062579255 -0.20571291049898682 0.012780848338308688 0.9785289205587075 93.75982321578742
0.9574173408772995 0.22942352735725352 0.17526231906031076 61.13183096065241 -0.22274483329273453 0.9732005004230047 -0.05714477419505331 -13.618986536772026 -0.18367573228065392 0.015672621713274496 0.9828619406100729 94.24384901758417
0.9604524470329694 0.22769780224690273 0.16026480537009144 61.21247825687866 -0.22158664016564714 0.9735733692550336 -0.05526531984436932 -13.643890356436719 -0.16861333840619747 0.017567171921824123 0.9855257158401229 94.73268807858237
0.9613757219975413 0.23221390367634245 0.14776137551167584 61.28681398245353 -0.22665440995318073 0.9724965875178032 -0.05364853879651921 -13.671591510138233 -0.1561553700725132 0.018085635339147314 0.9875669142857594 95.23377287799201
0.9619923360785925 0.23595602895290618 0.13746089526417873 61.36007457040215 -0.23078185946974095 0.9715791185668303 -0.052666400148371664 -13.697663714446207 -0.14598109009643298 0.018941192298139342 0.9891060370701327 95.74612753579233
0.9576039490577691 0.25195879653694975 0.13968336191765712 61.42714427762368 -0.24679878276649164 0.9675945797582383 -0.0533955995139584 -13.72528671631924 -0.14861035486783952 0.016658153262864406 0.9887555149560109 96.26677777953599
0.9534577244427268 0.2661566208579873 0.14170046179867074 61.49869918799151 -0.2612721937438979 0.9638432991198853 -0.052373041900817506 -13.757364232001235 -0.15051647244321778 0.012913090844234766 0.9885231629092457 96.79706338330216
0.9521301349262375 0.2703980873583057 0.14259411109269798 61.54954670266583 -0.26575029908269465 0.9626889400685228 -0.05105666662837465 -13.825223401534725 -0.1510793986710461 0.010718163215442639 0.9884635229862976 97.33628335783868
0.9524083146839138 0.2696315473184813 0.14218730889777134 61.63172973032943 -0.2648817270282616 0.9628939799375217 -0.05169965267391672 -13.858358539506172 -0.1508511611074774 0.011576359130565967 0.9884887025666032 97.8857118294614
0.9539169058000786 0.26462343378933345 0.1414813596144311 61.717297441775706 -0.2588128396254377 0.9641639025917726 -0.058342805760596944 -13.892380981834526 -0.1518500934271135 0.019036996310964838 0.9882201889749236 98.44276391628105
0.9543891260389961 0.26249412750667206 0.14226113004975804 61.80268069617852 -0.2559171201804387 0.9646410836627757 -0.06303972801698335 -13.927605990519803 -0.1537784890583659 0.023757372211915644 0.9878197019540109 99.0118867444519
0.954047588556326 0.26421728244547665 0.14135921061957143 61.91830708281915 -0.2575637264061407 0.9641531280801475 -0.06379398445815801 -13.954811003596802 -0.15314739831170396 0.02445349198769789 0.9879007546914641 99.59764743033712
0.955546803186092 0.25938409045821964 0.1401791729823081 62.006524160903524 -0.2526304456204794 0.96542313942257 -0.06431189480232684 -13.99299589335807 -0.15201369960118585 0.026039498547972734 0.9880353129564403 100.19887940962326
0.9587705399744946 0.24988895877441675 0.13533129704416347 62.188557602889794 -0.24274307667177783 0.9677587172578047 -0.067222495486603 -14.013733924512328 -0.14776620183566 0.03160021288164072 0.9885173625894987 100.79476275255217
0.9625242634609534 0.2371320071675572 0.13158819637656083 62.35057905611416 -0.2295186402015766 0.9707470823052121 -0.07050741802062782 -14.007099208862318 -0.14445842325378547 0.03766315669991195 0.9887938362360622 101.40717753494079
0.9649108036172368 0.22904959588683807 0.12838778636153847 62.49959390559803 -0.22111410677519253 0.97249867494174 -0.07317703889586648 -14.005516498158507 -0.1416181233025933 0.04222096470516434 0.9890205747564695 102.03649157135595
0.9682107122003731 0.21599730309368734 0.1261474606827329 62.444136061462146 -0.20805160093708264 0.975371481572032 -0.07324618954931716 -14.101209981243237 -0.13886161502720867 0.0446725642003175 0.9893037015395244 102.67986813194132
0.9681166769362657 0.21660402157784417 0.12582844540956808 62.54922003627244 -0.2090177505339336 0.9753447569905112 -0.07081090998464501 -14.179600337533318 -0.13806404238475015 0.04225284425247763 0.9895216103516682 103.3285980703316
0.9673110424326384 0.22009498413003084 0.12596644453458763 62.63207623104639 -0.2127152483569297 0.97464103326179 -0.0694771861753093 -14.23256027820836 -0.13806364584615866 0.04041106585071056 0.9895985930934202 103.98737527791958
0.9659788694893626 0.22614895371102006 0.12546503272013765 62.71351439810947 -0.21868810291818486 0.9732422054311474 -0.0705345533023374 -14.283110501596449 -0.13805918057883593 0.04069717807079402 0.9895874910057095 104.6593457411217
0.9642238524980712 0.2331443100082269 0.12615899882516118 62.79074157501874 -0.2257192683855291 0.9716412361453738 -0.07045651212904332 -14.33856260426235 -0.13900782047525476 0.03945933264357686 0.9895048190453869 105.34573961765871
0.9646844934151027 0.23145985515674514 0.1257384730910431 62.88139944493192 -0.22402268953426716 0.9720254080362543 -0.07057223750020515 -14.381544314033846 -0.138555630482062 0.039911672262268015 0.9895500976094888 106.05224146862234
0.9664266359927082 0.22456110973163043 0.12486739061867891 62.97574798284598 -0.217129586564437 0.9735996015977111 -0.07041703208126185 -14.425355566902661 -0.13738376862706786 0.04094049053047054 0.9896714486903975 106.77461607598167
0.9661498956953126 0.22640812450251352 0.12366786246714463 63.069055722165416 -0.21920762047145076 0.9732211681645558 -0.06919954453361919 -14.476450311880189 -0.13602352066897336 0.03974819487310574 0.9899079163382563 107.5065064964591
0.964736749100912 0.23244318934128153 0.12350371922763574 63.156116156999495 -0.22519620713208677 0.9718022888118664 -0.06990693637500223 -14.527783585155772 -0.13627058827027844 0.039629221401254015 0.9898787054905281 108.24288949700419
0.9617285207249444 0.24428444853439507 0.12411027607921164 63.24701918198775 -0.23707313100747227 0.9689585890292771 -0.07011122093292023 -14.581784793495542 -0.13738479893541883 0.03800474905373645 0.9897883895413394 108.98444047116227
0.9613982038472638 0.24724078275756725 0.12077039778307389 63.3388900593546 -0.23965438661404556 0.9680355221309925 -0.07397974634466256 -14.634847759805737 -0.13520084547036654 0.04218083965499771 0.9899199503748263 109.73827417971516
0.9604912847240188 0.2510121607587827 0.12020560353166806 63.42350970460002 -0.2432740300152178 0.9670178893024576 -0.07545957917437257 -14.69176319210945 -0.13518224102802967 0.043235366544366334 0.9898769947778437 110.50529565112795
0.9589071124972675 0.2557832049106543 0.12276848817098304 63.448622133602356 -0.24779047731115705 0.9657704920743748 -0.07672832587986875 -14.706586970869228 -0.13819200033309958 0.04315447513355704 0.989464836323093 111.29421625580245
0.9589168631460474 0.25581121117599837 0.12263390155587198 63.54081600684345 -0.2477860230703046 0.9657496368328288 -0.07700471237697251 -14.757162222937163 -0.13813231463038927 0.043454150479865096 0.9894600550102696 112.08526335557475
0.9588429179226183 0.25608226615590746 0.12264636851572787 63.63945444413152 -0.24805784012041984 0.9656795015146862 -0.07700914432155397 -14.813533700925458 -0.13815776020344578 0.043416279375378085 0.9894581648461787 112.88910977689524
0.9596343731289482 0.25249612689520284 0.1238853333221246 63.45097076145077 -0.24418694257886722 0.9665491050601471 -0.07845740616036348 -14.94789664103065 -0.1395514492343135 0.045039243003729953 0.9891900017722861 113.68680509633967
0.960755506868442 0.24815357228799012 0.123970402042882 63.555714952245616 -0.23981383345459456 0.9676460440719262 -0.07842486006211567 -15.007059015043158 -0.13942087829940106 0.04561729883125348 0.9891819249974018 114.50930084940177
0.9589298719051843 0.2549204800364181 0.12437463417397714 63.84547301304716 -0.24652281436287246 0.9659078036113811 -0.07904819366212663 -15.34016808908797 -0.1402854331943167 0.0451404893708375 0.9890815605665925 115.2243866200113
0.9573880123675771 0.26049904557285175 0.12469338807849838 63.94160773699751 -0.25228182102506347 0.9645077922701142 -0.07796538610503218 -15.44845464849298 -0.14057765311435316 0.043185251022338694 0.9891273717469353 116.05092049133623
0.9556355351310818 0.266635997972733 0.1251637670406949 64.0427064042337 -0.258791494128596 0.9629756819172318 -0.07553011718996529 -15.608311932189148 -0.140668712091287 0.039787945676120574 0.9892569094110258 116.87337861357827
0.9505190252358654 0.2841420776211288 0.12560598070876294 64.2018639934243 -0.2768118315265468 0.9581649455153611 -0.07276776149135113 -15.970478413058727 -0.14102763059620704 0.034397920150673944 0.9894078989465009 117.62477784415998
0.9496491133824019 0.28778987239528364 0.12386908734113512 64.43496698225694 -0.280663399328614 0.9571050510834468 -0.07195816470601586 -16.071120596296012 -0.1392645602058406 0.03356948818879651 0.9896860470540231 118.44268950396737
0.9511803351532344 0.28361396398484995 0.12173368248181095 64.62496307734249 -0.2764480394173052 0.9582866339849029 -0.07254797466650129 -16.105340472710992 -0.13723137950232087 0.03535316900482531 0.9899079259816077 119.28230156341667
0.9520067054888204 0.28091954068779074 0.12152137410383687 64.73590196872853 -0.27368990605288024 0.959049867464514 -0.07291904443327696 -16.170211402737728 -0.13702944219797955 0.03616024579642051 0.9899067474236424 120.13425144713312
0.9510376790604053 0.2843775411124765 0.12106505324915502 65.00908884030794 -0.27777518820249847 0.9581890429651424 -0.06866369317630379 -16.574719094034148 -0.13552961973851105 0.03167289144307786 0.9902669085257627 120.84704154655482
0.9534886317366665 0.2761923111162391 0.12073622666462346 65.13937701661477 -0.2694868343128018 0.9605252217872371 -0.06905175191580501 -16.616757220888505 -0.13504175384304334 0.03330323694249804 0.9902800710547236 121.71634680671785
0.9551966201711647 0.2702591082146897 0.12066246823509715 65.24314339181451 -0.2636141909703886 0.9622068684523132 -0.06830447000174143 -16.721656816755907 -0.13456216084996758 0.033435859943960436 0.9903408848155251 122.57706163379058
0.9557517805035997 0.2683357825617796 0.12055887300882352 65.35726046041182 -0.2616733974576955 0.9627328606461085 -0.0683554832848543 -16.786161025454728 -0.13440821078768597 0.03378382496279349 0.9903499815942534 123.43861097282584
0.9561473675843515 0.2676522717950081 0.11893053798115785 65.50703087228635 -0.26091636055860484 0.9628717414924112 -0.0692868113584539 -16.93250106952168 -0.13305962668806953 0.03521747915937827 0.990482137601326 124.28734156447436
0.9563323807398456 0.2675769451375016 0.11760508483625688 65.61828357929572 -0.2605240020967804 0.9627776479171607 -0.0720169771829891 -16.97493486855513 -0.13249762971441129 0.03823321987462175 0.9904456567717804 125.15416348849858
0.9558252980715868 0.2695694538894493 0.11717640161785163 65.73803233346865 -0.26246904576812674 0.9622056101906233 -0.07259727082513356 -16.99800309197654 -0.13231779766884255 0.03863512970643637 0.9904541014972051 126.01525115476002
0.9563815693375297 0.26774028762800095 0.11683078452343329 65.83355177471894 -0.2604037183164983 0.9626306430816575 -0.07437841412086617 -17.061662345364926 -0.13237899122756275 0.04071097371801471 0.990362771564292 126.85460934677596
0.9583259883260106 0.2621986164278218 0.11341598495059034 65.9257635800057 -0.25311587808936 0.9633849054531577 -0.08844137156366001 -17.12798023309871 -0.1324524531974721 0.056048278192513803 0.9896034246877018 127.68397747503285
0.9583777243253296 0.26158447505196275 0.11439274421392755 65.97147177348802 -0.2528030000430009 0.9637092104463485 -0.08576246772413176 -17.300775370133064 -0.13267547130597343 0.05327400972954512 0.9897267800767421 128.50356967997425
0.9589311537940722 0.25986889887715725 0.11366264856822826 66.0896764596416 -0.25065456769548383 0.9639558993493982 -0.08922618339300087 -17.278225249823222 -0.13275289065237178 0.05707170494969858 0.989504669275277 129.34857203326055
0.9589544329981259 0.257269785143438 0.1192419938003948 66.1888407608235 -0.250125840192188 0.965555306309005 -0.07169389462620866 -17.338498186408835 -0.13357941271541796 0.03892567418518761 0.9902733624549506 130.21072576791536
0.9585075508838374 0.258015357884806 0.12120787925809305 66.29443284974738 -0.25124439228328993 0.9655015408515785 -0.06843266734116459 -17.38372229961227 -0.13468307334208365 0.035140428409481776 0.9902654290877423 131.064692484224
0.9568867758333649 0.2629104282753166 0.12347390387980174 66.34276703985924 -0.2567653533289673 0.9643802928181211 -0.06357833085166632 -17.560411104030713 -0.13579120577224135 0.029133443464913394 0.9903090380819509 131.87732026914554
0.9550898831541855 0.2710846222129464 0.11965133804596427 66.43743297472004 -0.26293580938769406 0.9615224594986406 -0.07961984690591764 -17.619152875112974 -0.13663116495940233 0.044583488864690546 0.9896182280468009 132.68942279751028
0.9522295060904521 0.2799479144114134 0.12201693713347732 66.47529164270566 -0.272473700252384 0.9592750841368826 -0.07449426571857316 -17.838343411607955 -0.13790232195836558 0.037689231497546466 0.9897284836901568 133.482383008819
0.9529615587765236 0.2774801553532563 0.12193863571219989 66.56387986380598 -0.26995972700788545 0.9599682787987913 -0.07471712985596084 -17.906936525945426 -0.137789743043695 0.03828403172626461 0.9897213343293839 134.30483682168534
0.9527752101775029 0.2781426909113809 0.12188536566705893 66.65445161719242 -0.2705304104490171 0.9597521334660757 -0.07542638351134794 -17.953621079784657 -0.13795903701281295 0.0388906904013152 0.9896740970170976 135.1313741167725
0.9518264231421874 0.28147408323855444 0.12165032130400098 66.7442926139199 -0.2737521408875564 0.9587567686802294 -0.07645406378553807 -18.010967880723097 -0.13815290647623216 0.039468962171043676 0.9896241586871813 135.94651504287444
0.9500877186527835 0.2868286080600005 0.1227300959973291 66.79773581192418 -0.2790187876156328 0.9571891714675373 -0.07705456626826455 -18.078100830611405 -0.13957737288920838 0.038964594488469916 0.9894442467131219 136.75957992845935
0.9478440640691924 0.2939664549116831 0.12318828513887059 66.87302790218516 -0.2860912180080836 0.9550412547747903 -0.07776899547277032 -18.138601498639037 -0.14051137031375488 0.03846979418778235 0.9893314054186806 137.58625742696725
0.9454032363184284 0.3016530055943184 0.12336200782476617 66.95461202808791 -0.2937169491717188 0.9526586874603793 -0.07856067066620569 -18.194810899549818 -0.14121995088478534 0.03803799971318876 0.9892472067435518 138.38268064296275
0.9446711281501224 0.3034937162035005 0.12445088936831891 67.01412795098591 -0.29548822574468186 0.9520867307263035 -0.07885154165365527 -18.238025602426823 -0.1424189877995068 0.037715002318542336 0.9890876657376116 139.19965097046656
0.9456089940340378 0.3002339043411012 0.12523271571771996 67.10038527702834 -0.29210093298756046 0.9530903392543995 -0.07934639353952681 -18.2622284400543 -0.14318056903690932 0.0384500702734286 0.9889494004984463 140.01454807553313
0.9456891634848136 0.3000316248128628 0.125112070479025 67.1973679438099 -0.2918983928860431 0.9531504362395744 -0.07936985653793888 -18.33441829155071 -0.14306409157416083 0.0385392009318 0.9889627878204515 140.8192748225333
0.9453256554632675 0.3011484935237578 0.12517583621177222 67.27748508650392 -0.29300031873249427 0.9528000313068269 -0.07951675021255009 -18.41933307709768 -0.14321389019784939 0.038492664107331744 0.9889429187088199 141.62104908817992
0.9483903664352464 0.2949867947991977 0.1163550761544873 67.43608590719693 -0.28669971632413643 0.9544304853267611 -0.0828596484338522 -18.48596915620411 -0.1354953339140501 0.045224325014511624 0.9897453081043137 142.40523734327942
0.9481428801719805 0.29538535699952734 0.11735659184487705 67.48489488113516 -0.28698725855119694 0.9543013316905814 -0.08335035550524068 -18.550018923124938 -0.13661402639718737 0.045348199565623984 0.9895858470025256 143.21191788362944
0.9489160844899591 0.2933947078269239 0.1160939706246651 67.57000357433554 -0.2851745584805159 0.9549284864356576 -0.0823835966023911 -18.60326768453514 -0.13503235090780696 0.045068073099002064 0.9898157065815105 144.02179371846876
0.9496485785884455 0.2912444133139124 0.11551739651836794 67.65181696840327 -0.28301143332858464 0.9555553542488346 -0.08257417012409565 -18.623705911641146 -0.1344325324846877 0.04572369932341781 0.9898672827858975 144.8360343825866
0.951700357162843 0.284900554053748 0.11444695048792844 67.74561011322433 -0.2767116410129329 0.957419422769364 -0.08233296200129346 -18.676499402764282 -0.1330304397649212 0.04668750586446486 0.9900117064419532 145.64640033085144
0.9489332051859697 0.2934315438861773 0.11586069716715262 67.76680641138367 -0.28504594483709117 0.9548544415733649 -0.0836767873400168 -18.68011232252615 -0.1351835101904588 0.04637806011673147 0.9897345574003141 146.45742971134828
0.9481457016055747 0.2934001129383932 0.1222133472850357 67.63270815675855 -0.2854027413122771 0.9551564940958078 -0.07887551608732091 -18.8743574572618 -0.1398749576525822 0.039905457200015815 0.9893647207715397 147.22390548262956
0.9490428641547761 0.2944140805509978 0.11241882035589834 67.72438638991468 -0.2859772335259218 0.9544294748215627 -0.08533111681382732 -18.947483954549362 -0.1324185179714725 0.04883366426089273 0.9899902066854469 148.01277165205425
0.9494417643203104 0.2908349535245024 0.11821745206499279 67.64896946604925 -0.28250701286296664 0.9557246901951634 -0.08234138834511699 -19.08954853621813 -0.136931091602972 0.04478109377581932 0.9895678500197247 148.8021137664096
0.9483806536566141 0.293941659676318 0.11904804272472246 67.70867204241516 -0.2854351132606758 0.9547535221108909 -0.08350154570253557 -19.132230351011476 -0.1382061210211779 0.045210758936115036 0.9893710403022218 149.6147230972135
0.9444206907378067 0.3032248035529356 0.12698140579080788 67.51709202383087 -0.29407525034726273 0.9519110855569172 -0.0859362108022292 -19.060584650053567 -0.14693299847046104 0.04381784686785152 0.9881754349589679 150.41112850793647
0.942244870054742 0.3058955221314866 0.13639110819782055 67.31048390093744 -0.2968828303796391 0.9513311284386581 -0.08264181199249505 -19.171370687942325 -0.1550328671001682 0.037376645161572006 0.9872020039055673 151.19473413449845
0.9419401468124915 0.3059550353919621 0.13834838683977238 67.28083291701257 -0.29693468976973086 0.9513509310668761 -0.08222649189610708 -19.290159120012866 -0.1567754758698482 0.036371998522084344 0.9869642991969326 151.9981325781647
0.9418982228033508 0.30556000374491343 0.13950205013296288 67.29529016631837 -0.29638675722081387 0.9514642483658033 -0.08288953025458684 -19.35961174899056 -0.15805893845025387 0.03672694097123531 0.9867464232430105 152.81104226394126
0.9401776154833711 0.31025395138594825 0.14074280441077644 67.31749030620762 -0.3008607855212769 0.9499381291462429 -0.08426350651174584 -19.35948752243856 -0.15984004216567332 0.03687867193298678 0.9864538126425054 153.6336077057986
0.9390078910343855 0.31498772013845316 0.13801056748356885 67.4198854786719 -0.3060936931890156 0.9484564871143675 -0.08207888303687602 -19.42265995444115 -0.15675085825942245 0.034828554558757226 0.9870238802695112 154.45326004832734
0.9325597915952145 0.33178623377160527 0.1423029521111394 67.3900602271534 -0.32212293122634766 0.9426955768906805 -0.08695899314556997 -19.32978581619411 -0.163000160361997 0.035255416468959355 0.9859959448859634 155.27847010039025
0.9295660341567239 0.3397514594377435 0.14309414366795506 67.44602983237857 -0.329853837867219 0.9398535682146469 -0.08872269133914333 -19.35288890437522 -0.16463120538466533 0.03527344786264011 0.9857242769098639 156.10155663461745
0.9254515524363525 0.3505853234435401 0.1436292278024738 67.50409781153529 -0.34049565534024 0.9358831294459486 -0.09047362440444637 -19.37863272719996 -0.16613889607062646 0.03482382811302215 0.9854872745033233 156.9229915640488
0.9247817084215186 0.35225749252903443 0.14385218359877597 67.56834542015555 -0.34204600003529934 0.9352412817248223 -0.0912594039952172 -19.45736960804524 -0.1666833093888831 0.03519096353992144 0.9853822966018326 157.74067761748947
0.9229867450792935 0.35733299776919386 0.14285866131675048 67.63675625960855 -0.3467171292398773 0.9332272967184989 -0.09420214939766354 -19.54263905736515 -0.16698113875402326 0.03741579031322688 0.9852498961865698 158.5537992173793
0.9226256776264365 0.35805405649851063 0.14338462821837508 67.6772752693647 -0.3473494378365019 0.9329465119775218 -0.09465291238858208 -19.66865785252665 -0.16766104800765677 0.03752463742578257 0.9851302830423183 159.3619076471463
0.9217503390664348 0.3602137836586635 0.1436048136143888 67.75000814572999 -0.34938002754095493 0.9321013386768864 -0.09550230778487279 -19.750980946277075 -0.16825548664573992 0.037856630846724346 0.9850162266249934 160.1722037292397
0.917163425934164 0.3717168415519191 0.14365876177725503 67.85335340269526 -0.3606669092768736 0.9275836598795602 -0.09750863796149893 -19.756065462898274 -0.16950112295019015 0.03761839485019689 0.9848117717043798 161.0011652476877
0.9110765640505114 0.386812118609553 0.1425337831347534 67.97678247080171 -0.37619841659491493 0.9215302233564877 -0.0962122590526786 -19.820857580402027 -0.16856525676839235 0.0340357508706746 0.9851026961049674 161.82986993385887
0.90545202456157 0.40013944062477225 0.14158057519960132 68.09994221718402 -0.3896874036817447 0.9158929605104672 -0.09635254173685152 -19.896077651085672 -0.16822710432369656 0.0320704372259844 0.9852264351036256 162.65348011001356
0.9058930922232853 0.39783073416900666 0.14521849886527927 68.18366986569187 -0.387451709168294 0.916972050787054 -0.09509695651255615 -20.001369936724075 -0.170993796743341 0.029882520407976017 0.9848188444832706 163.46634537680526
0.9107280759190278 0.3885776785207951 0.13993484015146743 68.29379356056812 -0.37699016746012054 0.9205173394475307 -0.10259747275069002 -20.079799537445385 -0.168679534535808 0.04068434013018355 0.9848309495019717 164.27060790608152
0.9080139658694555 0.3916496151236255 0.14873203003906404 68.12944525735055 -0.3802595762589514 0.9194855815344561 -0.09974427308675211 -20.242504170122473 -0.17582176329848134 0.034012414259479325 0.9838342661377752 165.05568524605644
0.9029917059808091 0.40330835859515785 0.14814974457335178 68.24034490003234 -0.3917857735890834 0.9144492277947818 -0.1014224698906985 -20.315056681391706 -0.1763799493793802 0.03354068682669301 0.9837505455063907 165.87299907023922
0.8964510554319314 0.41773556673626694 0.14789354785962752 68.35675159086992 -0.4062359001509735 0.9080158170110607 -0.1023702568437868 -20.38976690123158 -0.17705337795000065 0.03169025625117335 0.9836909214866373 166.69632030724526
0.8924023642711792 0.42630840957183563 0.14791605785560646 68.47087415631586 -0.4148423900417998 0.9040677636385134 -0.10279722843570657 -20.46605245739633 -0.1775494625945619 0.030374638730167783 0.9836430092540659 167.52146564879305
0.8908189866489051 0.4294037144560182 0.14850583502742862 68.59016769873688 -0.41781664906046984 0.9026065251850317 -0.10358913293044571 -20.547293077256928 -0.17852389418142053 0.030230956067850888 0.9834710511761519 168.35006555890917
0.885055376584846 0.43941400035722433 0.1535979058070763 68.58949467515244 -0.4275420519083246 0.8978691357891743 -0.10506573583818576 -20.661554397477193 -0.1840781742311592 0.027319430580850186 0.9825318694497709 169.185436646005
0.8852094948595952 0.4398717542428477 0.15138358573419342 68.7143423176479 -0.42720217697247287 0.8974739605136919 -0.1097214208340685 -20.754007964080994 -0.18412618010593007 0.032455046128256136 0.9823666422372106 170.0077497214908
0.8874729950071933 0.4371099407674033 0.14603623802084617 68.82402598389338 -0.4230798679100357 0.8983857760780394 -0.11792549643687764 -20.84888669746701 -0.1827432857923654 0.042870701218607477 0.9822255313698759 170.82419244907112
0.8846394824377758 0.4405329066329431 0.15278659720589635 68.70810165799712 -0.42639433895762335 0.8969077675672779 -0.1172361897298429 -21.01312915068931 -0.1886818852384003 0.03856442208839198 0.9812807608079718 171.63207709274405
0.8753571916057833 0.45888545042431866 0.15222986071368647 68.8307756894436 -0.4448001423186022 0.887768404786743 -0.1184064730314667 -21.10186684962584 -0.18947986831689706 0.03593609399018159 0.9812267712671422 172.47144539519252
0.861381206792066 0.4845902358832417 0.15229812826187544 68.9591527762927 -0.4707648682192931 0.8741992110088286 -0.11897973912398715 -21.182888266036855 -0.19079532341207237 0.03079030298917817 0.9811468298913867 173.3186374503732
0.8538231235943544 0.49806212141551814 0.1513941769905822 69.08212425193742 -0.4844490464155993 0.86667879059607 -0.11906718841876125 -21.27540170313064 -0.19051297867231456 0.02831955405734199 0.9812761119151917 174.1608714210396
0.8525941664549741 0.5000469431771807 0.1517769480063022 69.16051670493128 -0.48635726127326645 0.8655417449412264 -0.1195579448253586 -21.39886184468425 -0.1911538692616952 0.028116585554686015 0.9811573043518705 174.99334043942108
0.8504409880669309 0.5051852669893228 0.1467582087403339 69.27490875771016 -0.4899563136095476 0.8621935729335831 -0.1287052972731242 -21.504668890415857 -0.1915540043170245 0.037551149236049 0.9807634651745373 175.81712423863743
0.8437294913854202 0.5173206896395611 0.14317768484422197 69.39034995429158 -0.501186629342142 0.8547566322471654 -0.13491872441638703 -21.62158294813092 -0.19217832327076842 0.04207616546612051 0.9804575913136193 176.6404020037841
0.8432795135730062 0.5173051781583904 0.14585957163858748 69.42527324330925 -0.5013754306618299 0.8548988928885856 -0.13330626566869888 -21.79294421259994 -0.19365520782240778 0.03928403732288721 0.9802828290319455 177.46987480509392
0.8432725062363041 0.5172696202255072 0.1460260943040803 69.55363893460851 -0.501223506937442 0.854901802762755 -0.1338577742468549 -21.883806197125047 -0.19407853131986466 0.03968686967688973 0.9801828788833103 178.3139209085531
0.8399299318181458 0.5220998718685657 0.14808589882495365 69.6807374738511 -0.506428389262064 0.8521326619833767 -0.13190986669144206 -21.997218477018023 -0.1950589556657103 0.03580014212193712 0.9801379258240402 179.1600442956018
0.8367894036704602 0.5269501607723762 0.14868430302760496 69.81336481571286 -0.511421461260594 0.8492178596098114 -0.13144244322823467 -22.10286921125654 -0.1955289821661116 0.03394930016505188 0.9801101275629122 180.00793358680423
0.8326800823732279 0.5330636525939132 0.14995673610129168 70.08633900422828 -0.5176914910357416 0.8454933056926183 -0.1309067994343975 -22.416116435529045 -0.19656907317303557 0.03137215823311858 0.9799879525584435 180.7571074375172
0.8325135515454531 0.5316532245202708 0.15577559292256543 70.04903646912028 -0.5171024280214493 0.8466147894832328 -0.1258907350148589 -22.684871169491018 -0.1988121360166403 0.024253805587147976 0.9797374584484569 181.56273767830325
0.8464109542969745 0.5080566928680942 0.1595834993914535 70.17003336061352 -0.49388632897251833 0.8609870713382449 -0.12156297562349926 -22.804789578023655 -0.19916021314543605 0.024076125525632538 0.9796711436393023 182.39116869366933
0.8500450750660679 0.5009180601415295 0.16280192683126363 70.20658308302978 -0.486863943779747 0.8651958850927934 -0.11999825276114284 -22.942795667636112 -0.2009648491730721 0.02274153562413163 0.9793344433615621 183.22827413028625
0.845839232542901 0.5079471435060794 0.1629284876725143 70.34720217233367 -0.4940203189867479 0.8611323941981237 -0.11997884851438309 -23.039355648903015 -0.20124591205654138 0.020992833696782617 0.9793157732896525 184.0735039333734
0.8369626588810294 0.5220823869917174 0.1640837860113859 70.48605161992602 -0.5083049187378705 0.8527181260013401 -0.12040725549420857 -23.121512814444632 -0.202779725874372 0.01737178119228039 0.9790702753084285 184.92267398803344
0.8352767965404875 0.5240567291453393 0.16636471320130145 70.58772180502888 -0.5099816294143257 0.851515457710268 -0.12182020743858646 -23.186850957909556 -0.20550282436251613 0.016910645107753232 0.9785104083560218 185.7649063138683
0.833761923732612 0.5256915914879703 0.16878804807373246 70.66064976270152 -0.5117564764678487 0.850549798960268 -0.12112121317860867 -23.34034574795668 -0.2072350436748258 0.014607878952525136 0.978182113180159 186.58759424572185
0.8367674310162249 0.520830643759043 0.1689843392508608 70.79520165176666 -0.506831408653973 0.8535182178289378 -0.12094864627577079 -23.45111052823096 -0.20722497337998982 0.015559317326091924 0.9781695753048183 187.40684830364293
0.8331886158626082 0.5265638341388701 0.16890014497899547 70.9317156482237 -0.5126310100786461 0.8500138513047912 -0.12118539555466835 -23.55719038856248 -0.20737930924443534 0.014386840061944314 0.9781548143981774 188.2299792421076
0.8322835294388908 0.5276913719277865 0.16984093328086639 71.02084839977847 -0.5133771024598887 0.8493003169216032 -0.12301594346568055 -23.616687310735685 -0.2091604104380967 0.015191697398056975 0.9777633328344507 189.06645173118702
0.8309027760027443 0.5298756551631997 0.169800962589454 71.16478381809453 -0.5155471154436851 0.8479443488807817 -0.1232945779782747 -23.70496578276705 -0.20931256194655307 0.014905410645680937 0.9777351789441014 189.88910367567732
0.8291467590622884 0.532656470527038 0.1696842253781541 71.31213047252493 -0.518331300750465 0.846207464914146 -0.1235539921892596 -23.792590485062256 -0.2093998915922246 0.014491746935837983 0.9777226982493106 190.70863853200254
0.8270205893018815 0.5356600354935365 0.170602670687871 71.39732674214379 -0.5213368445130291 0.8443270686133665 -0.12377275855355067 -23.887997629462678 -0.21034457307942947 0.013421161716566658 0.9775351824840938 191.5330012416329
0.826930612703225 0.5356873623401527 0.17095265895364517 71.50969685921058 -0.5214576842127157 0.8443189008487992 -0.123318600563685 -24.019066988424882 -0.21039877696836054 0.012831348273858142 0.9775314374237246 192.34050106091647
0.8245628534299173 0.5383243807007108 0.174077459444672 71.57424054748027 -0.5248006572654166 0.8427023702913572 -0.12015400633817207 -24.19218625932448 -0.2113773187390284 0.00771856518558157 0.9773740598533273 193.13449490740055
0.8234037783129902 0.5401026930190276 0.17405544764094205 71.71025410466892 -0.5265780192597493 0.8415662799622722 -0.12034029276572349 -24.28639699931054 -0.21147531177982104 0.007434878886451628 0.9773550609085582 193.9334490684175
0.8263094719912943 0.5358316958536555 0.17348501438472008 71.8338925605109 -0.5222756026946198 0.8442808936488173 -0.12007484103476573 -24.359580941362413 -0.210809988680426 0.008611988048611184 0.9774891213381403 194.62609840840037
0.8251410912834273 0.5382013877697374 0.17170161815872967 71.97525916935321 -0.5237195770657314 0.8427166265275359 -0.12468557242976905 -24.390151416791408 -0.2118017565406095 0.012959690458406618 0.9772267200345756 195.31946967949753
0.8277839601751321 0.5337883876992885 0.17275321251476727 72.07357633720845 -0.5189913004165272 0.8454964986377261 -0.12563319976545106 -24.46114968284509 -0.2131237794539575 0.014339733217146558 0.9769199694358397 196.01689950294633
0.8320457493798469 0.526984367599352 0.17316855154687671 72.1867049865404 -0.5120905662879482 0.8497309586940984 -0.12538161649817342 -24.555418210356567 -0.21322083120047036 0.01564525943277512 0.9768787555267346 196.70941150088814
0.8325535908849571 0.5261670252647812 0.1732131052448911 72.29895146710435 -0.5112727799450705 0.8502351853122257 -0.12530073481158432 -24.6573305789651 -0.2132009915356986 0.01576043086643443 0.9768812343509826 197.40088213834508
0.8350447363318175 0.522252385075717 0.17306858353627766 72.4087710401903 -0.5072069747045068 0.852619085620689 -0.1256255533179471 -24.76318049904486 -0.21316982229112338 0.017121364375093914 0.9768651318100704 198.0918422847434
0.8394260279804706 0.5152637788587564 0.17282124216984399 72.52768983120109 -0.5000816798508226 0.8568207641296038 -0.1256045048313933 -24.85436726951182 -0.21279628057489966 0.019010953488868595 0.9769116268224739 198.78297809510235
0.84639928184489 0.5038098281535565 0.17258016325273706 72.65066014974569 -0.4886544263320844 0.8635597703441967 -0.12442417236669892 -24.94969664672465 -0.21171940704271267 0.020980469464754792 0.9771052720063077 199.47459074228192
0.8495418222982859 0.4987188505121131 0.17192498454264066 72.77367802392334 -0.4834509776879595 0.8664669126946084 -0.12454011955200736 -25.040672383062148 -0.21107781583734836 0.022684738247331478 0.9772059958432432 200.16524167655453
0.8492968215236657 0.4982880278084782 0.17436728561441497 72.89696821495085 -0.48315122110204983 0.8667629455618857 -0.12364017853626741 -25.127807097770578 -0.21274352280950573 0.020761443678615692 0.9768874837763973 200.85726320801177
0.8459964063392872 0.5025082274169628 0.17825701063149432 73.0285046722995 -0.4878225362281195 0.8644251742095931 -0.1216482278567101 -25.215052934839523 -0.2152190828179009 0.015956176577620804 0.9764354289045668 201.54723681746609
0.8445888962683511 0.5045895812208392 0.17905013494434846 73.16670857761403 -0.4901025081791313 0.8632399781532006 -0.12089777332351655 -25.304874723306877 -0.21556699138953206 0.014355996706572751 0.9763835197205176 202.23475080167472
0.8471392011934457 0.5012508014651336 0.176359881582787 73.37046240637139 -0.4873589498433937 0.865188208185204 -0.11802804084122846 -25.478953512805596 -0.2117461400093915 0.014035613553973066 0.9772239117742089 202.89007075724425
0.8476419307008219 0.5001409621883494 0.17709369062475763 73.49275102657215 -0.48412178749852364 0.8656548062299813 -0.1275454872591191 -25.569854461201903 -0.21709272716288447 0.022377989012528354 0.9758944478890822 203.58065761366774
0.8471163985427163 0.5011813931465298 0.17666640451348906 73.61555502712132 -0.4829909302921284 0.8647859751016916 -0.13734983990874894 -25.66739958171217 -0.22161581300882713 0.03102303065658226 0.9746404480593432 204.27106855934403
0.8468286128977872 0.5019838279059089 0.17576557370128743 73.74516156964114 -0.48303488067258815 0.8641924107285223 -0.14088570293980007 -25.773462467002375 -0.22261761931893292 0.03440514147849 0.9742985588661289 204.96419372185426
0.8491386189225675 0.4982304987905444 0.17529967464089086 73.8739686330397 -0.4791772497976469 0.8663052455939756 -0.14108290021374986 -25.867309233638633 -0.22215483143663417 0.03579932305624933 0.974353959984807 205.59296273717405
0.8514746789991076 0.4943647762643486 0.17491237524105968 73.99606819237857 -0.47522966819047724 0.8684634938379583 -0.1411662932230401 -25.956974716917347 -0.22169265548262235 0.03707597415936471 0.9744114832272849 206.22320682647361
0.8560366861434183 0.48583895435053026 0.1765267753406832 74.11785613990912 -0.4666203211735586 0.8732259433961119 -0.14050597015021526 -26.044835776171254 -0.222411033549329 0.037907284465553845 0.9742157717569382 206.85314876734046
0.8608056250693182 0.47905311908403553 0.1718190470957146 74.3990914416888 -0.4601907005502218 0.8768391708990566 -0.13920340334973416 -26.186109196368236 -0.21734349536187564 0.040757544981395645 0.9752438810630762 207.4062229392696
0.8615420930092678 0.47890054692425277 0.1685214767584952 74.76085486511136 -0.4605883283815981 0.8769251853116203 -0.13733394017803208 -26.466354121416362 -0.21355002629795347 0.04069994498559747 0.9760839619347879 207.8516904178018
0.8598141883555197 0.4823741363109243 0.16743582090111717 74.91340107885603 -0.4641918950459485 0.8750391000258864 -0.13723140310998658 -26.547457539538577 -0.21270976958332513 0.04027115647923841 0.9762851980234224 208.463969890419
0.859504095091785 0.48295565673042423 0.16735155856023146 75.02876819836492 -0.46472237777546466 0.8747107294653307 -0.13752909275111622 -26.612364198676303 -0.2128046571745348 0.04043480419530143 0.9762577551520479 209.09657175234514
0.8593585328732695 0.48321215720591537 0.1673586660627704 75.1388093203185 -0.4648491238890947 0.8745465800550506 -0.13814329999516375 -26.66893282856331 -0.21311547104197803 0.04091809431558928 0.9761698138951727 209.73348612264203
