0.9990902980522582 0.0007227527574403049 0.04263864404857979 0.017456813214023956 -0.0006229172507552318 0.9999970337419514 -0.0023546722483904145 0.014098917294296428 -0.04264021941721909 0.0023259698515330895 0.9990877847077809 1.0020939304211376
0.9956298054122494 -0.0020366309797850883 0.09336563987366243 -0.12718938815488584 0.002886880500253924 0.9999555790422956 -0.00897250595790192 0.07850276144466657 -0.09334321879892239 0.009202829806071145 0.9955914580930357 1.989272970302031
0.9903699396029861 -0.001760052815798042 0.13843512901306176 0.0060953332034107965 0.0035597582475385132 0.9999123300405077 -0.012753836841589483 0.040728432939024076 -0.13840054498446358 0.013123812214764623 0.990289379273026 2.9811277620561727
0.9828658608790538 0.0005086228797624211 0.18432156906136246 0.18235448154719006 0.0023579621312922786 0.99987966901622 -0.015332563471304229 0.012032014857531602 -0.18430718795821233 0.01550447647553323 0.9827463923496009 3.9586450106015585
0.973193918027357 -0.0020230872928107915 0.22997718372127202 0.4164116560002439 0.0057434074751235185 0.9998632379712098 -0.015508662879260067 -0.014602280230620048 -0.22991435619625128 0.016413789066925148 0.9730724414674016 4.929020923759707
0.9615278227688856 -0.002609645730497926 0.2746951688517431 0.6930446227217693 0.007494316203704525 0.999831887814771 -0.016734136768597672 -0.04457054914287923 -0.2746053190780638 0.018148990548031443 0.9613857357357255 5.881610508785689
0.9479020432808689 -0.005150397339832357 0.3185203129334063 1.0180783084135245 0.011972318374720996 0.9997388830280838 -0.01946353910505061 -0.07063825706682275 -0.318336896913769 0.022262955082409077 0.9477161921663632 6.817663073946656
0.9327127507022274 -0.006824489149207559 0.36055561433062816 1.381394658419888 0.015511485158527972 0.9996548086886963 -0.02120512423314321 -0.10909121370118643 -0.36028643952508277 0.025371042812990935 0.9324966443268954 7.735297622955304
0.9153552561372705 -0.006705297063755548 0.40259134870630064 1.7836441690711298 0.016981040954510498 0.9996146234623193 -0.021960164124773904 -0.14289411662070195 -0.40228895002221066 0.026937771837562227 0.9151163626219646 8.636350518037343
0.8957428238940083 -0.007155118060219026 0.44451501406356503 2.2246390739249255 0.018295987667424907 0.9996166927226126 -0.020777980305593025 -0.17322733937127854 -0.4441959593216272 0.026744567969038183 0.8955303891027311 9.516440801809726
0.8737223125879778 -0.007083580839015618 0.4863734607977827 2.6998154551556652 0.01912544464845006 0.9996210479533827 -0.019798430634276422 -0.21383611618009127 -0.48604890479550955 0.02660043930235575 0.8735266903626971 10.374486291517105
0.8496761312668915 -0.007118708127947006 0.5272568595570062 3.21679544839807 0.019883437926465918 0.999630282538159 -0.018545811627020417 -0.24811728065978544 -0.5269299012691839 0.026241612512756335 0.8495035355554316 11.20599109213844
0.8240651450424323 -0.007269264382220627 0.5664484041124447 3.777024339729358 0.021507671844683413 0.999598219348212 -0.018461308938031867 -0.28373349234275363 -0.5660866159679238 0.02739630762028747 0.8238903965642268 12.004565795761074
0.7967301324902086 -0.008974998081285747 0.6042686036785087 4.3693465402064335 0.025128586860206758 0.9995169598831631 -0.018286635238026185 -0.3149056910572491 -0.6038125951854125 0.029753929410423985 0.7965708088927792 12.777877041161673
0.7678613262109132 -0.008034489009923968 0.6405657114582125 4.986177468313008 0.02604995274125146 0.9994859033758369 -0.018690342831693848 -0.3513436825077973 -0.6400862314343242 0.03103829794523364 0.7676758693542917 13.52152242872409
0.7375300058176606 -0.011138338012217888 0.6752225025463282 5.655233387150506 0.031119619402536998 0.9993623520474537 -0.017505958940395142 -0.3767885401942446 -0.6745969610121602 0.03392383729042367 0.7374063421592268 14.22124869591716
0.7058296364674375 -0.010567430353390573 0.7083027980320074 6.361685166380435 0.03198400319781189 0.9993444296455742 -0.016962737862873115 -0.40325643643796205 -0.707659203164692 0.034627162056519015 0.70570490420871 14.878219095434149
0.6718835537034045 -0.009284573679088899 0.740598600427034 7.079482331287921 0.03332811723098972 0.9992875746729295 -0.01770818189798115 -0.4410025209076822 -0.7399065663073422 0.03658059315938098 0.6717143242029207 15.515563549124554
0.6355144577321282 -0.010108695570829308 0.7720227900051233 7.778143543779433 0.0379791869510497 0.9991131125163294 -0.01818157739224127 -0.4630427137078773 -0.7711543006247037 0.040875453169220505 0.6353347479527898 16.167770356223613
0.5985449584578936 -0.008211071805867692 0.8010471340716704 8.52143256249538 0.038112118034221355 0.9991070545897092 -0.018236225706592817 -0.4940457254897527 -0.8001821037511297 0.04144480388269563 0.5983234318222388 16.7629745282177
0.5608462685144201 -0.007138540025132984 0.8278891860265841 9.313115210177829 0.041595304014926344 0.9989429638441317 -0.019564909154095304 -0.5163855950509363 -0.8268744123368171 0.04540920867634366 0.5605503634732848 17.291192344569332
0.5223396446837537 -0.005261992507183307 0.8527212950469243 10.134496709059855 0.04640604097610139 0.9986745259589874 -0.022263660110518023 -0.5361090129517193 -0.851473883893437 0.05120061167062967 0.521891485284038 17.773676137283935
0.48345744445013655 -0.00409992246140685 0.8753582638220496 10.969357334282618 0.048137641748434254 0.9986003998186969 -0.02190910607118735 -0.5583578629072721 -0.8740432866012086 0.052729802936760446 0.4829781579218754 18.231709326868927
0.445111818850518 -0.005760871645728723 0.8954564652050174 11.836303336322935 0.05334678762126657 0.9983738427446033 -0.020094535920637875 -0.5818729548245452 -0.8938845501350132 0.05671404130597435 0.44469532103302956 18.64468938032864
0.4081470274247632 -0.006379103146652156 0.9128939210266291 12.720265954892366 0.05733737746348584 0.9981804597468291 -0.018659981919036964 -0.6135332689216286 -0.9111138398410702 0.059958959486080245 0.40777014852415006 19.0271075136373
0.37319680017746526 -0.0037440058855710877 0.927744647388078 13.622532393969273 0.05909687069010222 0.9980569658244677 -0.01974469153709174 -0.628757000346137 -0.9258680835907123 0.06219546116226146 0.37269292507220386 19.369341979066334
0.34011843557972704 -0.004414680884698668 0.9403722456407807 14.545936265067546 0.05993924388223175 0.9980573648921014 -0.016993629025647508 -0.6522218308032927 -0.9384704240526843 0.062145047890570175 0.3397223222001367 19.68781567206862
0.306617079327817 -0.006030312988588478 0.9518138483914479 15.48421367988737 0.06235632223051957 0.997959027171232 -0.013764779886800029 -0.6806427522127294 -0.9497882162578994 0.06357212764024894 0.3063673103399403 19.993411667079535
0.27403761236530055 -0.005803528124126656 0.9617014641095422 16.441866743080578 0.06304694743822402 0.9979390990999139 -0.011943069386646249 -0.6983136438944221 -0.9596501807574709 0.06390519187800707 0.2738387427359178 20.255415170487293
0.2415829262714072 -0.002699202917493051 0.9703764238880463 17.404167323250494 0.06051087377664145 0.9980918946654412 -0.012288366772572593 -0.7192684198159177 -0.9684916746616518 0.06168698490573274 0.24128529172808863 20.498647025591662
0.21068063504481063 -0.0009539520834651941 0.9775544792964417 18.38153548226542 0.060561930297389356 0.9980913634433002 -0.01207819599726649 -0.7369032445839543 -0.9756771610608547 0.06174722823995168 0.2103362954625615 20.712255921632302
0.17997313389218925 -0.0007083052137339024 0.983671270994913 19.37910575020083 0.06268045617571287 0.9979757560703981 -0.010749451582372256 -0.7576351026118097 -0.9816724665032774 0.06359157648180634 0.17965322126232533 20.90123456367831
0.14934874429898984 -0.0008059003331416235 0.9887842550834673 20.39487579108004 0.06450475216024112 0.9978774463825478 -0.008929666835390745 -0.7738231636721228 -0.986678311064483 0.06511491784298166 0.14908372798277156 21.05216821475126
0.1189449929121082 -0.0013945032628440096 0.9928998660599103 21.42642993565767 0.06333319363003129 0.9979732698479643 -0.006185406501022342 -0.7918780230692752 -0.9908789003938673 0.06361924260482706 0.1187922418537033 21.17791855517438
0.08941468892601813 -0.0017155926064045738 0.9959930070769932 22.47470526715005 0.0639771775086001 0.9979432467132947 -0.004024561760114424 -0.807778703612751 -0.9939375906777529 0.06408067634893341 0.08934054374340251 21.27391690003627
0.062460757131795976 -0.0013232478297310877 0.9980465434205478 23.537671900802465 0.06683785559572258 0.9977597512391013 -0.0028600466170359317 -0.8141301500741622 -0.9958068863378522 0.06688593142408497 0.06240927254538791 21.32554867607131
0.03728758810111624 -0.0006267992121981091 0.9993043795042371 24.61506703043413 0.07086211708274139 0.9974840781609912 -0.002018459281028657 -0.8168358167532911 -0.9967889426233386 0.07088808741999537 0.037238191763051126 21.354381179611597
0.014511066517137853 -0.00015231639636332405 0.9998946973297987 25.707347997422605 0.0751940216741156 0.997168479600442 -0.0009393592578625428 -0.8267886354370594 -0.997063332017083 0.07519973464752451 0.014481431418684982 21.363015127347673
-0.0055822866303791635 -0.0001519236448938327 0.9999844073760258 26.81119405822716 0.08099141398361917 0.9967146164208006 0.0006035512158489785 -0.8296577571957723 -0.9966991667182783 0.08099352031083883 -0.005551642166731561 21.34326138035747
-0.0232423732467224 -0.0008651095577371588 0.9997294852465402 27.92674090273401 0.08538700722037075 0.9963437919734097 0.002847313469765989 -0.8395907443703873 -0.9960767295162599 0.08543008709757866 -0.02308352517904754 21.30606152690544
-0.03875382675169815 -0.0006546532146553363 0.9992485738500041 29.054945416797697 0.08850514984045584 0.996067342464265 0.0040850615533830495 -0.8393307133437092 -0.995321545714659 0.0885969565241663 -0.03854348104202766 21.252903430350806
-0.05313821366840577 -0.0012064732956082462 0.9985864382567575 30.188628841368185 0.09089001532112177 0.995842621501637 0.006039728112528078 -0.8408455022589141 -0.9944422232402732 0.09108247703556376 -0.05280764162513672 21.191046268036235
-0.06626038827346156 -0.002196882041929666 0.9977999472114354 31.32813266649178 0.09104265198715149 0.9958129168885911 0.008238329744676273 -0.8405764184743163 -0.993640174542574 0.09138822827437593 -0.06578294055356589 21.106979714300184
-0.07835372870563384 -0.0019245495816705791 0.9969237630364876 32.473458357077206 0.09086705463190667 0.9958217808951696 0.009064164456493037 -0.8375737296045851 -0.992775841557623 0.09129773712244983 -0.07785147150744157 21.009139426304998
-0.08990731823756604 0.0010022520662117801 0.9959496320688733 33.63115067805671 0.09100956768790808 0.9958238915051503 0.007213577253913869 -0.8357872771174102 -0.9917832085272413 0.09128949883931821 -0.08962307004938501 20.91408445927191
-0.10032857542967101 0.004564239783392716 0.9949438902106248 34.80579858842876 0.09149754297105492 0.9957944063020967 0.004658326707545156 -0.8344960317476944 -0.9907382987361059 0.09150228463078922 -0.10032425093083532 20.801720718646063
-0.1100569578941655 0.007091101154428373 0.9938999860667566 36.003910744417205 0.0928851164240706 0.9956717492401876 0.0031816523806625077 -0.8401000741636578 -0.989575576278017 0.09266867890178532 -0.11023926153884119 20.686808930079042
-0.11785395888541922 0.008050720242866384 0.9929983032606875 37.22483005320423 0.09270918395077613 0.9956889165276924 0.0029306509670684712 -0.8453650701303533 -0.9886938108364063 0.09240545117838408 -0.11809225633505421 20.555724314221493
-0.12347244767201819 0.008869029738139737 0.9923083668786553 38.46620586667007 0.09230547227652589 0.99572737871264 0.002585936940845795 -0.8399426361847188 -0.9880456742750756 0.09191478441229413 -0.12376355664230562 20.39374878015887
-0.1286099586207304 0.010505827950086314 0.991639604958705 39.72582194072833 0.0935186628434832 0.9956162717305809 0.001580874841645477 -0.8432916959205157 -0.9872759179902758 0.0929401261263466 -0.1290286584913514 20.2370298636994
-0.1333432760075736 0.01229108703314498 0.9909936931802901 41.01009485109194 0.09246865721976405 0.995715591361057 9.247958756663697e-05 -0.8410074646597596 -0.9867467345654317 0.09164818765280625 -0.1339085192376277 20.071120148532458
-0.13762467834483502 0.013143442580144344 0.9903972424374082 42.31499603913183 0.09290579637597879 0.9956748570499259 -0.00030337823717575677 -0.8463380401689538 -0.9861176202209483 0.09197189220491261 -0.13825053393756565 19.900881174860558
-0.14078385333475626 0.012248151463233936 0.9899645899858999 43.643841913840525 0.09242351050231222 0.9957194460573117 0.000824287419265193 -0.8446367904814199 -0.9857168971599541 0.09161204903861851 -0.14131323761169312 19.717570260523253
-0.14315000361514058 0.010420095418084203 0.989646147911698 44.994119032361944 0.09282770729954669 0.9956778351177927 0.00294370729786973 -0.8416215291793987 -0.9853380603744564 0.09228797465880295 -0.14349855926413033 19.518091262368486
-0.14520352550500473 0.00928951415004826 0.9893581965636978 46.36344779831764 0.09272266886581118 0.9956828624988796 0.004259577964828252 -0.8389486670096303 -0.9850474317814952 0.09235443818730842 -0.14543801046421104 19.316946647589262
-0.14739530321406447 0.01018238895207568 0.9890252491952173 47.75432193086056 0.09557162921280307 0.9954145387852086 0.003994954898508642 -0.8412253597944691 -0.9844494340899616 0.09511159198677771 -0.14769257526936194 19.118488582744384
-0.14845073563034808 0.00994932652007384 0.9888697538061343 49.164251881183084 0.09531689826008284 0.9954377192391108 0.004293718914207168 -0.838741388136113 -0.9843155327418575 0.09489340344741648 -0.14872180063891177 18.914767086344625
-0.14896621451022335 0.011455433778378609 0.9887759301133107 50.596639684936946 0.09753823303833718 0.9952267470150172 0.0031646677022940228 -0.8381928663016354 -0.9840199998121248 0.09691488566188423 -0.1493725038515812 18.701157163250368
-0.14902979177350897 0.011748567749727159 0.9887629100647809 52.04477349195371 0.0975204496138341 0.995229373822216 0.002873219197262999 -0.8401402607686779 -0.9840121356320058 0.09685279880968824 -0.14946455195687622 18.486201996993252
-0.14826266506115146 0.013132153263583262 0.9888608237257789 53.51435521407138 0.09730348696348315 0.9952538114623747 0.001371930888664534 -0.8416139482961532 -0.9841494874122085 0.09642301239993371 -0.14883678680356563 18.259769389092614
-0.14695584663284908 0.012967888512808405 0.9890580432957113 55.007241462095514 0.09770565836815659 0.9952142720844338 0.001468660034071745 -0.8464354231086034 -0.9843056351882115 0.09685239546325111 -0.14751959202005102 18.029009700727965
-0.14573548108509557 0.011911544238703754 0.9892518813056381 56.52081303586763 0.09655887042498769 0.9953247538866822 0.0022402773636334182 -0.8472373073992343 -0.9846002001295486 0.09584753212401965 -0.14620429710028607 17.804544730330903
-0.14451839311762352 0.012724534089390678 0.9894202950631785 58.05619818516435 0.09764309814750712 0.9952204203380178 0.0014629854324575405 -0.8508656822078086 -0.9846726661357353 0.09682149128384271 -0.1450701188760674 17.578796244136186
-0.14355923066243156 0.013440061595262346 0.9895504595703677 59.60989088816371 0.09766264988418301 0.9952193640259885 0.0006513718651603031 -0.8575322598871283 -0.9848110245672574 0.09673563051959079 -0.14418551826992487 17.35981362487736
-0.14254800797698622 0.014093689184738105 0.989687543291799 61.191210103017816 0.09878910146293889 0.9951083911130127 5.803978669433724e-05 -0.8620799465748068 -0.9848455609149789 0.09777861658683695 -0.14324302176520146 17.127747544874854
-0.14159061652031008 0.013990662121743564 0.9898264285655304 62.79049884006582 0.09825312276904127 0.9951614561150431 -1.1363064118128385e-05 -0.8624909843385494 -0.9850372689292174 0.09725192870263669 -0.14228015035164587 16.902529441207417
-0.14089733994136425 0.012412524103097951 0.9899463969543183 64.41003809716956 0.10000150253441946 0.994985734212524 0.0017573287750124798 -0.8673831099591124 -0.9849607297188591 0.09924373007376837 -0.14143211429070393 16.678595482233817
-0.14041382786230275 0.010555717440521546 0.99003663254163 66.04482975637566 0.10142144363564595 0.9948363795332182 0.003777397000651389 -0.868046827320451 -0.9848845859875757 0.10094134329676273 -0.14075936024836103 16.451221002335696
-0.1398332779652121 0.011720575384300406 0.9901056925834553 67.68929081717094 0.10278848302107789 0.9946994569103986 0.002741930047270245 -0.8699642012531781 -0.9848254576988404 0.10215487523764819 -0.14029682581388328 16.22601353134494
-0.13902259220204338 0.013692477665201904 0.9901945439724517 69.3511105478484 0.10501321433889452 0.9944703315849035 0.0009921751992172643 -0.8750073729318643 -0.9847055111410918 0.10412144665149674 -0.1396917344568448 15.99956332754573
-0.13849041695960249 0.013356645606307133 0.9902737017756768 71.02697581778492 0.10425139462619937 0.994550294756711 0.0011652973148934417 -0.8823643909111334 -0.9848614375275586 0.10339879698278483 -0.1391281339401374 15.776688039947754
-0.13850539474423634 0.013332958343068035 0.9902719262144941 72.71644447413279 0.10456416721811156 0.9945173754472149 0.0012348552816461443 -0.8838705143980932 -0.9848261727638677 0.10371799340233018 -0.13914017135201462 15.546853893533482
-0.13864142166762686 0.0122926396245518 0.9902663516494133 74.42914663115246 0.10452282623873545 0.9945198554954802 0.0022881914947581817 -0.8913918704049562 -0.9848114210309747 0.10382267592539912 -0.13916650807806819 15.333848633957592
-0.13851051906317532 0.01251927195264725 0.9902818305606869 76.15176324971668 0.10583371360345925 0.9943813372885774 0.002231841634612777 -0.8914017813906749 -0.984689829933138 0.10511433718554607 -0.13905723621693514 15.100778402554909
-0.13878799234068187 0.01248398532612429 0.990243426280841 77.89247584330079 0.10666703701049772 0.9942918642321201 0.0024149404168621862 -0.890305946621023 -0.9845608342796526 0.10596149693257917 -0.13932740136226957 14.874594725290631
-0.13872177091320653 0.01344987197433937 0.9902400573692105 79.64599268736804 0.10684051249324313 0.9942750957181882 0.0014625063315467227 -0.8963639790663247 -0.9845513573018356 0.10600063668894882 -0.13936459326763145 14.622702324606305
-0.1397319632522242 0.014102977744498067 0.9900889275536904 81.41389171542096 0.10631729258253449 0.9943318991390786 0.0008412207760708316 -0.9082178201179453 -0.9844651399331521 0.10538111962402243 -0.14043933880216233 14.401866645338732
-0.14056442454488344 0.014711178740890524 0.989962233508137 83.1919211741765 0.10568207550694922 0.9943999430009833 0.00022863986045451742 -0.9214535472078021 -0.9844150250117636 0.10465340214104783 -0.14133196365788867 14.146601255824368
-0.14199928995406663 0.015396122765644666 0.9897470187155533 84.98624491902358 0.10486740934501898 0.9944861217079701 -0.0004244849888770164 -0.9300875926328919 -0.9842962095374577 0.10373192919263935 -0.14283087466009578 13.903345130141721
-0.1430352178989878 0.014578705524583534 0.9896102201300349 86.80002239102224 0.10367228597407976 0.9946114552108165 0.00033209084830341265 -0.9394498394915215 -0.9842728196803463 0.10264265443104231 -0.1437758739491845 13.645413519821654
-0.1442475768487294 0.014179810599118953 0.9894400282708612 88.62300592820662 0.10245569218506517 0.9947373358792367 0.0006809895437450695 -0.935659676002865 -0.9842232814316836 0.10147199406364604 -0.1449412526115259 13.372627906644908
-0.14475882830926234 0.013131965377794376 0.9893798224705441 90.46521418562062 0.09992327996291303 0.9949941406701465 0.0014135605862355843 -0.9419215355572589 -0.984408563426784 0.09906670236458896 -0.14534637503089992 13.113792272211777
-0.14647405249226425 0.014192666888470578 0.9891126933535358 92.31722519157321 0.09966873978078827 0.9950205575028963 0.000482138087878852 -0.9452465514559282 -0.9841806207485517 0.09865423636732061 -0.14715925859346318 12.842902318952627
-0.14917378452053998 0.014942424961529893 0.9886980863479448 94.18816368577652 0.09865361640422118 0.9951218216998267 -0.00015474879013914619 -0.9594075203848486 -0.9838773531198846 0.0975155572874826 -0.14992021246224027 12.570475231833491
-0.1534119102526486 0.01575266894878765 0.988036760051782 96.07170681230932 0.09916380418700936 0.9950710131370618 -0.00046771096068317107 -0.9748292634407316 -0.9831741075373148 0.09790573137141749 -0.1542178395414549 12.294648212475638
-0.15787477035594322 0.01480489203343402 0.9873481513918664 97.96171806519708 0.09691360039730455 0.9952926336435612 0.0005722524760192932 -0.9848453713741907 -0.9826918697857898 0.09577780842524579 -0.15856639136389208 11.985760994051994
-0.16261144847443995 0.013962787133138269 0.9865913831979877 99.86161140973243 0.09532442999859432 0.9954449344559881 0.0016234258090826311 -0.996846017417473 -0.9820747272333656 0.09431024886717856 -0.16320173739308974 11.673248933655552
-0.16717468195524626 0.014491918442977517 0.9858207798646789 101.76737765833056 0.09440465835869695 0.9955329585587406 0.0013743738427440557 -1.0218368801946716 -0.9813971602737303 0.09329583443607746 -0.16779601033259367 11.36309090668316
-0.17173245226946784 0.016221036393571406 0.985010072443847 103.68459277208271 0.0953625195739221 0.9954425827071149 0.00023322500515358426 -1.042965995367741 -0.9805171873547297 0.09397309461600226 -0.17249667472233615 11.035464838850356
-0.17578377522216204 0.018010209151147403 0.9842640381193328 105.60597337742718 0.09481570814631743 0.9954940168241637 -0.0012821684776860229 -1.0507058379248324 -0.9798520530454373 0.09309830736175989 -0.17669934722295477 10.682015008824926
-0.1810645825835183 0.01829918540508625 0.9833009492252948 107.5482382522121 0.09356555562612216 0.9956122733929587 -0.0012991803880234 -1.06572389608314 -0.9790102674304457 0.09176786410729977 -0.18198229414685554 10.36518598497575
-0.18590536737039115 0.01807576930159004 0.9824013746667066 109.49328429557846 0.09180862612323554 0.995776218191494 -0.0009483952820650338 -1.0784980329503449 -0.9782690685860641 0.09001660873640353 -0.18677965520728748 9.998707806376682
-0.19081967074569575 0.017306297598361338 0.9814725392592197 111.44670483806549 0.09024673210703847 0.9959194380650471 -1.5106355005577968e-05 -1.1015567562218556 -0.9774678412103931 0.08857180673125312 -0.19160285606393412 9.620177469430818
-0.19977642242638896 0.01758849602193547 0.9796836355937558 113.43317865134559 0.08926916339524894 0.9960074862616143 0.0003221452055572082 -1.0969421866735847 -0.9757665691697103 0.08751989555813837 -0.2005489226405044 9.377698626753547
-0.20592583824074218 0.017724766344426834 0.9784070634469494 115.41311793268358 0.08948655514608761 0.9959877161530296 0.0007910248790275955 -1.1026312578522401 -0.9744673958593666 0.08771717009974993 -0.20668573360722658 9.036388064905385
-0.21155889379567547 0.019458348324473577 0.97717153414149 117.38901267974622 0.08997366904849688 0.9959440819873385 -0.00035274969882559577 -1.1083698383022305 -0.9732150704412171 0.08784508088038791 -0.21245156725996692 8.635334556800752
-0.21739407878055525 0.020682474413390956 0.9758647702234633 119.3676843456534 0.0897265572220357 0.995965807858 -0.0011200476967210102 -1.1209263368185345 -0.9719511095936031 0.08731749440920518 -0.21837283652016734 8.199445067973851
-0.22435361055834163 0.020732619656040202 0.9742872348089312 121.37003911645087 0.09029277057976491 0.9959151846418355 -0.0004007254041918951 -1.1406635926115167 -0.9703157594363124 0.08788118958012332 -0.22530917315439314 7.801462892420119
-0.2301063806442841 0.020715732629255832 0.9729449686433558 123.37199917732664 0.08937108303691191 0.995998395899784 -6.987036156698505e-05 -1.1542511207273103 -0.9690530754832777 0.08693706796695637 -0.23103697346899127 7.361698638175778
-0.23506794791106722 0.02157206355287316 0.9717395257675536 125.36341214846152 0.08875678725023865 0.996053121888796 -0.0006411650332302449 -1.168660881332705 -0.9679180195563556 0.08609776100256465 -0.23605483042812192 6.856712582418399
-0.24136107029314835 0.022388775658900153 0.9701770851094355 127.38512586126436 0.0880965439432939 0.9961113656793297 -0.0010705651351032124 -1.183990212586792 -0.9664283898417902 0.08521085546429298 -0.2423948791102031 6.417277465787634
-0.24778887698040786 0.021836501710526264 0.9685679323815309 129.42122754573728 0.08921017523762372 0.9960127557662157 0.0003674031324642475 -1.1975680267129414 -0.9646979926789848 0.08649715338689151 -0.24874892035364413 6.0184532929257575
-0.2515116957884959 0.02242663332518583 0.967594394877984 131.44139047559247 0.09079300390452594 0.9958696510150218 0.0005182945223939327 -1.1826340789244862 -0.9635862687500221 0.08798115880639928 -0.25250904611814434 5.485963889466975
-0.25447083100806867 0.02350867355426632 0.9667946723238503 133.45946036206288 0.09076677029567091 0.9958721242372764 -0.00032492649620709864 -1.1654892885777175 -0.9628115026193641 0.08767014563039087 -0.2555542134048859 4.9274358557480955
-0.257571803180942 0.0241997857200309 0.9659560738342204 135.49855411663438 0.09102138291328182 0.9958487075643064 -0.0006778606453911931 -1.1785402740877944 -0.9619625117740679 0.08774805988513597 -0.2587052452651909 4.401591152019441
-0.2603265981142527 0.024264895863071498 0.9652156635400266 137.53582630962242 0.09097136521254386 0.9958533834494189 -0.0004993833304867613 -1.2066299353260943 -0.9612254017792227 0.08767698387318691 -0.2614545342373591 3.838532876619555
-0.2638844288055387 0.024646698053078394 0.9642393626631586 139.58509864087958 0.08953011279919665 0.9959836566857853 -0.0009563038089184123 -1.2291692588464052 -0.9603902160768504 0.08607610522027696 -0.2650312000009997 3.2606439460182752
-0.26869528506717566 0.025119543803533793 0.9628976333451915 141.63741853705642 0.08787584607487162 0.99613035785903 -0.0014648645897720083 -1.2443930516941832 -0.9592083608159889 0.08422184200516651 -0.26986293163374975 2.699579225780094
-0.27515180880286966 0.023152928730178147 0.9611219610453836 143.6968398308832 0.08434968878276117 0.996436204290492 0.00014415758253860883 -1.2758105419799128 -0.9576933810540627 0.08111000351604324 -0.2761241662999942 2.110393793305379
-0.2683579897215688 0.018661102761708785 0.9631384908705056 145.52724173983364 0.08252677849839113 0.9965820336555904 0.003685244301988089 -1.5162590876941366 -0.9597777452010843 0.08047368165185922 -0.268980791838598 1.0037629192537025
-0.27506172054639827 0.020473778175650836 0.9612085488057568 147.61037015811783 0.08080152680535205 0.996728415159526 0.0018920040971042219 -1.4511237397959045 -0.9580251370167594 0.07818753622409214 -0.2758161453273304 0.455887621080982
-0.27938522894971474 0.020417758695454508 0.9599619830881685 149.68525671346228 0.07990565728388266 0.996800313935459 0.0020542814318580743 -1.4571242666649262 -0.9568484622858249 0.07728032911436629 -0.2801227783548294 -0.16502013604037047
-0.28343784932486177 0.01980078159209296 0.9587861673065787 151.77344426464722 0.07945091420546394 0.9968345586471183 0.0029008479313820577 -1.4599086607136091 -0.9556937468676953 0.0769986476189499 -0.28411383363511117 -0.802243591791346
-0.2873163474742291 0.01979454099327758 0.9576311882039626 153.86237405535175 0.0798201174894602 0.9968036748856464 0.0033440362497675767 -1.4651292273868848 -0.9545040939241897 0.0773990302351162 -0.28797799360476584 -1.4281795644228499
-0.2908809740766077 0.020691067197321972 0.9565354874015284 155.9602295822018 0.0814278583411759 0.9966740922406826 0.003202771016048675 -1.486734347011731 -0.9532878698516072 0.07882026131933176 -0.2915983600765594 -2.0701917795354006
-0.2947280282350599 0.021951928869711538 0.9553290020676503 158.0681534805283 0.08173827994013136 0.9966511383881658 0.0023155867512433745 -1.4967524584804897 -0.9520789058502996 0.078769417723333 -0.29553533776255 -2.7020787496096825
-0.2972109943088573 0.023496771522139654 0.9545226695002986 160.16665265765042 0.08189856640899153 0.996640200431128 0.0009673183310148381 -1.5117242565992772 -0.9512929357890206 0.0784615358799321 -0.298136776841217 -3.3813892191762913
-0.3006232267409923 0.024786752339535503 0.9534208370139032 162.28786131576763 0.08262916299128731 0.9965803532056849 0.00014500962704491359 -1.5148863940587542 -0.950156880187264 0.07882395900290205 -0.3016433100864587 -4.044821281472064
-0.3039385618366916 0.025513622460407708 0.9523499386767401 164.41308991065551 0.08225125494105211 0.9966115237323832 -0.00044924875067194585 -1.5285950173841623 -0.9491343854740841 0.07819543358000966 -0.3050072006985549 -4.7132445161825975
-0.30758835810943036 0.025387109167512915 0.9511807907246975 166.53872397492506 0.08181087858634778 0.996647861140514 -0.00014501368596029664 -1.5325304183723052 -0.94799598211199 0.07777233166207653 -0.30863422092724774 -5.408342633659145
-0.31141188102054407 0.02541766100474085 0.9499350413940385 168.67371053210837 0.08187730671173118 0.9966424014583983 0.0001739565186831291 -1.5646883517367285 -0.9467411193166172 0.07783229486713962 -0.3124474145689718 -6.103285235676466
-0.3151699319674647 0.026302076837211526 0.9486707093284119 170.81681755333028 0.08441408548036547 0.9964306736608981 0.0004180433025491767 -1.5919566848120195 -0.9452735985714077 0.08021292502919138 -0.31626525339044753 -6.805432697007286
-0.3179194320617964 0.02652875667734478 0.9477465166312448 172.95817305441162 0.08661795484805036 0.9962409155920128 0.0011696146073225532 -1.6143997169098914 -0.9441528290565292 0.08246370819665333 -0.31902221272978964 -7.536642653711762
-0.32066391567468083 0.02610684578512648 0.9468331879414305 175.1143836079331 0.08754618770741718 0.9961580708886942 0.0021823888776475514 -1.6333791129902888 -0.9431385466632569 0.08359144936216402 -0.321717502463658 -8.246380836874755
-0.32344357952865344 0.02579009771568062 0.9458959359895288 177.2807619033942 0.08745041523498523 0.9961650986649035 0.0027424582352588937 -1.6437786950379483 -0.9421977901358727 0.08360602287968925 -0.3244585600678775 -8.96000460519004
-0.32657336424073946 0.026214479840612533 0.9448082550524053 179.4502678963955 0.08643806852791802 0.9962547179674704 0.0022354500038141976 -1.6583663503131458 -0.9412110805115131 0.0823974391243 -0.3276161838922321 -9.683730306742634
-0.3292405453207596 0.028150532539059987 0.9438263668888762 181.6184977798665 0.08595597376894368 0.9962989000478206 0.00026895526734964674 -1.6817021681848434 -0.9403255999335141 0.08121606541362668 -0.33044169959072633 -10.433613354200112
-0.33201956816055817 0.030012192574074743 0.9427949271476659 183.79135933394232 0.08579380363007405 0.9963117818297508 -0.001502213670442344 -1.7072363117315643 -0.9393627784925068 0.08038719850899165 -0.33336986771259797 -11.20337917210469
-0.33571438924508595 0.03097039067064424 0.9414545574564425 185.9844996076122 0.08509779766456745 0.996369635889911 -0.00243177080474399 -1.7359866960638402 -0.9381120475116183 0.07929932899031455 -0.337131135814013 -11.9437960749938
-0.33908312664216295 0.03168591184058119 0.9402226524698313 188.17507756834306 0.08344683987431542 0.9965061247153759 -0.0034883118745587375 -1.763918156685503 -0.9370481621248541 0.07727578142972574 -0.3405425016981873 -12.70492940783959
-0.3436908909759557 0.031976041305356355 0.9385382806484726 190.37989390959422 0.08426180162578137 0.9964388526307829 -0.003092208697096885 -1.7951321032737861 -0.9352948841124561 0.07802016246001467 -0.3451613159129824 -13.441244634555726
-0.34702214550169147 0.031007726040700515 0.9373442011647519 192.5772259993351 0.08388556761444811 0.9964735681340011 -0.0019077621167156718 -1.827963098796394 -0.9340978760694226 0.07796761466196708 -0.34839949624894434 -14.252773351757716
-0.35087399944039277 0.030245005525402543 0.9359341195604906 194.78220317095344 0.08329754301572641 0.9965242434892564 -0.000975431037253527 -1.8436747325605825 -0.932710542367914 0.07761875919475653 -0.35217378150115014 -15.063309326204372
-0.3549556069766085 0.030114206644812697 0.934398015641097 196.99200656719646 0.08335200439712162 0.9965200641644967 -0.000452858222482286 -1.8655473664478792 -0.9311600079679385 0.07772320294314286 -0.35623046372455186 -15.870060668892704
-0.35842283942507713 0.03013685912647551 0.9330727934627905 199.2032441145024 0.08229677298069145 0.9966077007613651 -0.0005761424389518896 -1.8876362806257267 -0.9299248944594567 0.0765823772491844 -0.35968712815366854 -16.71549379304836
-0.36168968994525974 0.030687031776708264 0.9317933645760933 201.3960051703334 0.08160805321373285 0.9966638411545996 -0.0011460303763609677 -1.9119369199424436 -0.9287199221713555 0.0756273351090351 -0.36298734460906373 -17.56400818654725
-0.36496248938097997 0.03132674550153407 0.9304950383323488 203.62009972045934 0.08166740757931616 0.9966584756236887 -0.0015223359480888233 -1.9373279943753314 -0.92743345631054 0.07543552202873065 -0.36630133241928137 -18.41219492012637
-0.36757028284087595 0.03183001624225989 0.9294508794112226 205.814043141028 0.0821912918563879 0.9966152456997163 -0.0016259095522652988 -1.9603526934557176 -0.9263566692776918 0.07579513246186433 -0.3689422979001349 -19.291821562806234
-0.3700831108751145 0.03153761029487901 0.9284631765352275 208.0230639336885 0.08315449690867445 0.9965364183109712 -0.0007047154078528765 -1.9838474799406065 -0.9252695935179461 0.07694508507259679 -0.3714237919066411 -20.17332520271029
-0.3727920983924856 0.03092690286296573 0.9273993627641928 210.23646372655466 0.08426291521765063 0.9964433494214159 0.0006422716346025951 -2.010834171032552 -0.9240810638115861 0.07838480766790384 -0.374072198153933 -21.056904202315604
-0.375572484561707 0.031738888208581326 0.9262494004399832 212.4579891191854 0.08547825308299294 0.9963399013755146 0.0005188226180115328 -2.0287043534262286 -0.9228427694304314 0.07936903616847274 -0.37691083694643407 -21.928256443965562
-0.3779332675679058 0.03226934291607964 0.9252703036265721 214.65424229696538 0.08502476681868383 0.9963788378997637 -2.032103100469947e-05 -2.0557882993521934 -0.9219204056169256 0.07866321181645412 -0.37930840329980225 -22.853523022731313
-0.38072619358304444 0.03239146972197926 0.9241203158728927 216.8717159956265 0.08434284809187306 0.9964367778647213 -0.00017802899392410748 -2.079214664547335 -0.9208332365284823 0.07787515911907698 -0.3821015703928224 -23.754118332811228
-0.3835025296119626 0.033504687165085686 0.9229318749069155 219.09850441477033 0.084006641724598 0.9964643890004153 -0.0012671227972657127 -2.1100755070786565 -0.9197112013710517 0.07704646255343635 -0.3849612301006701 -24.672677539355806
-0.3861946104900492 0.03454628874389307 0.9217701865228998 221.29197805064513 0.08372536216132204 0.9964862867533971 -0.0022680483639513247 -2.138694263973764 -0.9186097030618591 0.07629963464165034 -0.38773003390781585 -25.610889126409216
-0.3884657311936032 0.03426848951524988 0.9208257415573052 223.49350937063411 0.08129679397512385 0.9966860177924711 -0.0027952149025743164 -2.1739202968497353 -0.9178699292261336 0.07377433539740304 -0.38996428100415303 -26.562419162511883
-0.3914158314422099 0.03512068491635122 0.9195434651974905 225.70280014849067 0.08210763839900609 0.9966186016200257 -0.0031142609848822467 -2.208280585394721 -0.9165434973927553 0.0742825712798788 -0.39297597508131227 -27.506669281185776
-0.3937530561687308 0.03453309762049214 0.9185673605819644 227.8945829043874 0.08335035864314305 0.9965187949015317 -0.0017346821200817347 -2.2370417905899402 -0.9154295431500153 0.07587988255612853 -0.39526066709378566 -28.48774410179258
-0.3960150479388279 0.03367149146652764 0.9176264558459647 230.09105252174595 0.08363723915522496 0.9964961568860802 -0.00047067798311374196 -2.251938709931808 -0.9144270851371922 0.07656134777870381 -0.3974436639245982 -29.47122945287533
-0.3989634927152104 0.03307821036753832 0.916369992677281 232.29110595755023 0.0825304763971073 0.9965885403116236 -4.2251784513718785e-05 -2.275655426481302 -0.9132452310010434 0.0756115951321466 -0.4003324053026756 -30.441532820159388
-0.4017371131594034 0.03316873732406141 0.9151541546508298 234.48179566223297 0.08112807236660595 0.9967035543244095 -0.0005105596606019743 -2.3085299342591843 -0.9121543333145055 0.07403958172096665 -0.4031037243119406 -31.43085858109201
-0.40627563207845896 0.032864102761280566 0.9131593845156186 236.74181403288463 0.07997295801480035 0.9967969903630297 -0.0002932397797351781 -2.3298949102698674 -0.9102441632691824 0.07290892094182597 -0.4076025668239678 -32.27024852468876
-0.41008418753211545 0.03239937860420202 0.911472017893136 238.9587224937972 0.07921757177447065 0.9968573286263844 0.00020660596394031877 -2.3458385023064614 -0.9086008669698064 0.07228932583673278 -0.41136202779521297 -33.20953644193695
-0.413584398376383 0.03263507273305903 0.9098807050637749 241.15819526817666 0.07875399484264357 0.9968940799194186 4.144803950200033e-05 -2.372967080714286 -0.9070533356512024 0.07167388261649467 -0.41486998063815966 -34.191541416603876
-0.41777209471522386 0.03240578491956575 0.9079737562182069 243.3697890429393 0.07822340917917057 0.9969357699627378 0.00041088342692650973 -2.3976062772825752 -0.9051782007613995 0.07119645828655606 -0.4190268358874033 -35.13899034265038
-0.4220625847928984 0.03199177412972984 0.9060020424402855 245.5710811744689 0.07728653318493248 0.9970086026547742 0.000798761934616274 -2.4111976028645365 -0.903266276524367 0.07035888444543596 -0.42327256121015244 -36.10393272242148
-0.4257780667858829 0.03207565397411822 0.904258917714505 247.74206940205823 0.07643965024694846 0.9970740143662036 0.0006242962336125354 -2.4223549252176806 -0.9015930444020755 0.06938704704623007 -0.426984098050506 -37.13699739522301
-0.42979120478292543 0.03284315639475561 0.902330786003265 249.9270537545648 0.07661606173285744 0.9970606492444035 0.00020202196636222563 -2.449107642881821 -0.8996718842865943 0.06921985846819925 -0.43104421097824097 -38.13427156019139
-0.432922593001985 0.03326513420905414 0.9008171064730566 252.08116203632898 0.07683232948379856 0.9970440220331575 0.00010617926830407636 -2.4630577005398537 -0.8981507788865594 0.06925784413333708 -0.43419872110759616 -39.20572558628669
-0.4363170535125436 0.033239139448168996 0.89917884117837 254.233044740846 0.07664731262598515 0.9970582115810168 0.00033494190271071093 -2.4805148576537426 -0.8965225140961879 0.06906578261055807 -0.43758119177021854 -40.26350971881837
-0.4403215646931565 0.03356458958482234 0.8972125378037089 256.4157992271749 0.07555617777817412 0.9971415217974059 -0.0002225019236619057 -2.511305776861686 -0.8946553435070548 0.06769197761592963 -0.44159892719607174 -41.27775117348932
-0.44429345810898996 0.03403445757801671 0.8952345942706439 258.59297951200557 0.07613976992689393 0.9970971472634064 -0.00011981091877085096 -2.5272947726558512 -0.8926399377784066 0.068109724830943 -0.445595115397845 -42.315005970628846
-0.4477875208419077 0.03469725235050632 0.8934665281125993 260.7547679757621 0.07658591442193632 0.9970629288671885 -0.00033703254946352624 -2.538779490229049 -0.8908540474681678 0.06827603209112866 -0.4491296578400025 -43.38683126815774
-0.45090799717180025 0.03587186609109699 0.8918493075120129 262.89933736984506 0.0775798122027854 0.9969857587533921 -0.0008772579457311679 -2.5486174642738946 -0.8891925274231103 0.06879393916665336 -0.452331784323011 -44.50311964163143
-0.45382992136684996 0.03784778435415406 0.8902841949016274 265.03497269357337 0.07949706725204894 0.9968333774073624 -0.0018531014418674907 -2.5645477328628714 -0.8875351366399441 0.06993398963388328 -0.45540160114277867 -45.63028119782391
-0.4564111359897085 0.03851998850649337 0.8889348038129918 267.1977617543523 0.08059363858534087 0.9967453947343543 -0.0018120417851551244 -2.5883934527395933 -0.8861114717484261 0.07081545425481157 -0.45803016393522156 -46.755322753150125
-0.4599204491248103 0.04083577200834637 0.8870206424888397 269.3763934433934 0.08240398592002668 0.996594018245793 -0.003153712288030191 -2.599216103429534 -0.8841282506408937 0.07164357976250199 -0.4617189988483143 -47.79930437033892
-0.4625355781695679 0.04321603897985074 0.8855468439908949 271.54197088122385 0.08396216689023783 0.996457507876127 -0.004773837910303579 -2.6213245927560105 -0.8826161076359538 0.07214436202635674 -0.4645255618040531 -48.91992041689052
-0.46599303179284796 0.0439595224776255 0.8836956799170447 273.74308950775435 0.08524160380473145 0.9963496290137887 -0.004613647676467491 -2.65023341182386 -0.8806726765951747 0.07317770936306028 -0.4680391645482983 -50.00215193937204
-0.469091673614297 0.04497772245738234 0.882003404884745 275.91520151252007 0.08547824159882911 0.9963256941446912 -0.005346157523975382 -2.672670616730608 -0.8790031125991035 0.07288426215340073 -0.4712127039580373 -51.144780240695205
-0.4734291802070729 0.04502477656821197 0.8796803856080005 278.13394765167516 0.08455751538886679 0.9964034669636561 -0.005491594856458104 -2.6920517431443516 -0.8767638438711547 0.0717837064924103 -0.4755336597576366 -52.24411005609269
-0.47695780299909984 0.04636156717927477 0.8777026029623887 280.32106453778084 0.0854750624504763 0.996321152066911 -0.006178644119077091 -2.714071757005962 -0.8747601201800189 0.07207473227660734 -0.47916590562131717 -53.413213503893616
-0.48004513441148644 0.0464957246185951 0.8760107399570218 282.51585561090064 0.08431864685654875 0.996416446216299 -0.0066806812498125985 -2.7388630113345176 -0.8731821314709439 0.07065701169645336 -0.4822453234381744 -54.622408803667206
-0.4834481112865623 0.046221245833040166 0.8741518861886054 284.7213250747153 0.08255383095921161 0.9965617586347714 -0.007037486819122413 -2.7654015284415894 -0.8714716224223344 0.06876232733418117 -0.485601640907621 -55.7782230985707
-0.4860075562207204 0.04692092516845819 0.8726941515088196 286.9263569995005 0.0842641748352046 0.9964212857253586 -0.006646065961525142 -2.7941069471227356 -0.8698828680550662 0.07030681428395702 -0.48822202708351503 -56.97685747147056
-0.4882152563615886 0.04735758588513159 0.871437388752009 289.1547840093325 0.08696549623800477 0.9961966025385213 -0.005415861407441715 -2.851215372028389 -0.8683794481215388 0.07314087878771641 -0.4904768556520229 -58.175687032416505
-0.49030051348033793 0.04758209029460802 0.8702536131290189 291.37841544173517 0.08850251724286663 0.9960653373839512 -0.0045987067607368565 -2.8927242308431356 -0.8670482748512884 0.07476488711548307 -0.4925824811460683 -59.39765660860711
-0.4927950442599303 0.047243265012301965 0.8688619673249774 293.61668478741524 0.08799268669781661 0.9961120318198765 -0.0042552498606779465 -2.9079381252685073 -0.865684891539962 0.07435653283104533 -0.49503613462533536 -60.625513138895414
-0.49469498861182176 0.046364141275729125 0.867829035378578 295.82581968732643 0.08729600078706835 0.99617641127304 -0.0034591718301817988 -2.926803505550729 -0.8646711955934094 0.0740467691863109 -0.4968508825433806 -61.91419265889086
-0.497239345143162 0.04655687745178525 0.8663633711114168 298.0713516860085 0.08857183224965201 0.9960661540138697 -0.0026920921152927676 -2.9469248528195835 -0.8630805664441422 0.07539677705285007 -0.49940691008085236 -63.17880756233295
-0.49911053222727686 0.04620221560696005 0.8653057447473764 300.2825605166584 0.08819984679600394 0.9961001163665869 -0.0023119687785650633 -2.9604417556412863 -0.8620379711155235 0.07516590615085815 -0.5012390875695502 -64.4990382191121
-0.5013098257105814 0.04640145979024671 0.8640227793150826 302.5148673285085 0.08656338632903207 0.9962409533852777 -0.003277643245266977 -2.9784251665944415 -0.8609269648427093 0.07314962287890919 -0.5034420461973719 -65.81869578714088
-0.5036059089552768 0.048744079473620756 0.8625573042885893 304.77375371227555 0.08633024360748708 0.9962491341619722 -0.005895058964263851 -3.0154390539579308 -0.8596093167852497 0.07149599567660814 -0.5059250390109287 -67.1080550735766
-0.5078853165505027 0.047677424961736076 0.8601042776206923 307.04449053297 0.08327471671651594 0.9965081693676908 -0.0060654710647356095 -3.0183678629538644 -0.8573901251986646 0.06854437637378549 -0.5100821911019339 -68.4043022519276
-0.5125899157544799 0.045478792602449664 0.8574282813683239 309.30080469190244 0.0799480834892797 0.9967861060598292 -0.005075698225221694 -3.0322770514661763 -0.8549034344376026 0.06594799609924275 -0.5145784484384169 -69.75290351638768
-0.5180306468191583 0.04294160054957954 0.8542834821640669 311.5767086985346 0.07719377409387919 0.9970106267355769 -0.0033062694195439826 -3.0543296681623833 -0.8518716864629728 0.06423261724834062 -0.51979688406546 -71.09119563108138
-0.5229276516483679 0.0412981958544812 0.8513760216030792 313.845258943507 0.07583774030874157 0.9971185702804691 -0.0017871616312952591 -3.0848029798734085 -0.8489966479830112 0.06363187739645451 -0.5245528342241763 -72.46245127284999
-0.5282344948149037 0.041363977712919095 0.8480904078194774 316.1412421039592 0.07592664363895679 0.9971125041548897 -0.001341209784985689 -3.101879040661637 -0.8456970280622774 0.06368418489491419 -0.5298498479011812 -73.80184250432323
-0.532762071506713 0.04272259379476111 0.845185988492073 318.4142413721401 0.07820754122097437 0.9969364979245241 -0.0010952635091827376 -3.1227129503396602 -0.8426435519601676 0.06551640317838578 -0.5344711828101888 -75.19247219600862
-0.5393784422893757 0.043340707681611426 0.8409473699650546 320.7285077052556 0.0778876566586894 0.9969611242359662 -0.0014246762355147305 -3.130666737379082 -0.8384535818599064 0.0647309803711873 -0.5411150443727109 -76.54182535560166
-0.5455180819882691 0.04287549047087469 0.8370016215878681 323.0466392471496 0.07719183070159244 0.9970159678958435 -0.0007622556335334313 -3.1411153977850637 -0.8345366639619729 0.06419386323937903 -0.5471998761198944 -77.91122277310626
-0.5501044325719164 0.04170358779144023 0.8340539095466493 325.32827932646825 0.07747437588930157 0.9969935626203936 0.0012478678048200372 -3.1611256534845897 -0.8314943381318329 0.06530426371085384 -0.5516815374796323 -79.33599563079952
-0.5544497396350794 0.039451890180129456 0.8312815615540902 327.5973363222902 0.07557405751117954 0.9971354244686711 0.0030833587173444517 -3.1865436586944544 -0.8287786484037168 0.06453288797890501 -0.5558430158949674 -80.78706632515178
-0.5591153037660365 0.038524683095869906 0.8281943768747615 329.86020628399734 0.07387494310711948 0.9972614273657177 0.003484001924675285 -3.203307815469244 -0.8257920863483341 0.06313077126769542 -0.5604301346676622 -82.2451339739212
-0.5639607340990519 0.03848553548484223 0.8249043301819322 332.1246243289528 0.07440253248557033 0.9972188383454822 0.004341843919406982 -3.226797266091538 -0.8224430397019564 0.06382360070798097 -0.5652556894348582 -83.71366351803147
-0.566663643728459 0.039809455839625696 0.8229869513559359 334.351632260882 0.07722494418995574 0.9970014268759836 0.004945988486740676 -3.2394352277997376 -0.8203222676919394 0.06635783324525932 -0.568038744361466 -85.24368456376266
-0.5687954156706133 0.04012115607027146 0.8214998891951707 336.5567622120459 0.07932943182496449 0.9968289077301168 0.006242592403050159 -3.258903598791935 -0.8186443772227499 0.06871987739487918 -0.5701745014400513 -86.80601383262375
-0.5720673441915463 0.03960141032622235 0.8192500729385405 338.7872390168801 0.07859867340400918 0.996883850627432 0.006696035943277364 -3.2679939454504368 -0.8164319948708296 0.06822255241778873 -0.5733973152124467 -88.33651948854984
-0.5726532709337167 0.03943140487273697 0.8188488234092275 340.9525017385577 0.07936146583380685 0.9968176966199476 0.007499163020748529 -3.2742406106676225 -0.8159472954974644 0.06927946315514102 -0.5739602485846136 -89.95720468617434
-0.5747760147547316 0.03915725164603948 0.8173733801061764 343.17207204714134 0.07971837371011553 0.9967828222391977 0.008305792067851887 -3.2701065339204995 -0.8144185126553082 0.06993364664014573 -0.5760484105628009 -91.52204862658658
-0.5761761309292721 0.03864540354355567 0.8164114152388665 345.38018435700616 0.0774798591617786 0.9969657918220467 0.007488748954969632 -3.268789936754846 -0.8136448473207748 0.06757027986915062 -0.5774221330246705 -93.10195937590494
-0.5780301649044599 0.038065508794383265 0.8151270732227869 347.59292435537236 0.07455578473574438 0.9971969331962831 0.006301697101974382 -3.2770372357125805 -0.8126023402765723 0.06441500961850752 -0.5792479116172004 -94.67689283667018
-0.581124771257522 0.03780882733219584 0.8129357248925994 349.8326473466995 0.07199330427573443 0.9973921963552952 0.005076493772466411 -3.281499510922489 -0.8106238118698192 0.061476005281122265 -0.5823312943714445 -96.22027373816618
-0.5839360041224337 0.035340409704276814 0.8110300848497902 352.05131133575173 0.06976725729106975 0.9975403614700015 0.006764395640444273 -3.2815707008715145 -0.8087961874907723 0.06053331876109756 -0.5849653360842514 -97.7860707393356
-0.5875209860768296 0.03484344799294604 0.8084584250604799 354.29871569199736 0.07064347897302477 0.9974666925876318 0.008348416429393565 -3.2803565421240966 -0.8061194637260034 0.062017185604101924 -0.5884940771935171 -99.33404534186674
-0.5891480655624534 0.035687395506176715 0.8072366237021236 356.51156254489894 0.07116186551285018 0.9974339662774891 0.007840396207305434 -3.282034028655293 -0.8048854239832847 0.06206361831171481 -0.5901758733981829 -100.91524911410993
-0.5920018979881592 0.034594837191632616 0.8051937344627691 358.7191354060497 0.06940432034962851 0.9975551693060563 0.008168507058903577 -3.2918454007647235 -0.8029425839343838 0.060719695572768205 -0.5929555847399767 -102.50383880984803
-0.5969017639286824 0.031133798085961666 0.8017100291474274 361.0031707657632 0.06720518279263901 0.9976752669604471 0.011292701236130773 -3.2866518136087115 -0.7994946826743985 0.06061970234291071 -0.5976064792681068 -104.00167565006791
-0.6013275585749058 0.028507058988415802 0.7984939041008222 363.2610445130602 0.06526628231062083 0.9977761678135161 0.01352890744754777 -3.3283122622140104 -0.7963325182935174 0.0602500334539737 -0.6018508567553114 -105.51945718695221
-0.6036617033222099 0.028643929246457058 0.7967258457333055 365.42165423902827 0.0653562541060401 0.9977686679876363 0.013647169355017634 -3.2988255757978067 -0.7945571772952256 0.06030929032497211 -0.6041867935573767 -107.1741803422617
-0.6064486650939737 0.029186249704233086 0.7945867979232591 367.6048667890714 0.0656379433123038 0.9977528848916665 0.013447716835493817 -3.2826646655149236 -0.7924087815032528 0.060310393122238744 -0.6070016305397983 -108.79535199170387
-0.6097001910290237 0.028684899791617518 0.792112904567976 369.792837222065 0.06579961012089036 0.9977272655478796 0.014516021847931174 -3.28183554316955 -0.7898962516477163 0.06097114158596389 -0.6102019596220537 -110.41291144235133
-0.6133787558110906 0.02826251760142205 0.789283049367251 371.99528749411394 0.06563499374026113 0.997726689055806 0.015280757260517676 -3.2633549213959347 -0.787056890902021 0.06117747988082128 -0.6138393653384233 -111.99722638649057
-0.615514759438625 0.02691394190810158 0.7876656782189876 374.11491745398854 0.06254813604963218 0.9979325169473235 0.01477911688486924 -3.2464890864727547 -0.7856394284848042 0.058363784576972555 -0.615925610004914 -113.69806234358377
-0.6190609113157899 0.022980297813987118 0.785006684043673 376.2778502160411 0.05214033149557612 0.9985690300050135 0.01188604839204211 -3.2481394887950317 -0.7836102181010638 0.048288696681801156 -0.6193732540725169 -115.34796833870595
-0.6310774216256287 0.02146060331568153 0.7754229364802632 378.9300943082121 0.041742115638963975 0.999108426271088 0.006320469610202994 -3.6890515119651583 -0.7745959486702299 0.036356499548734086 -0.6314105805608834 -115.47153567096579
-0.636174671782148 0.03292738732433825 0.7708421201172573 381.3803266833673 0.04979531626922358 0.9987582143362428 -0.0015670907847747974 -3.4333141951240473 -0.7699364996287199 0.03738738369922062 -0.6370243088608186 -116.58981362985169
-0.643239338066914 0.024807869852136122 0.7652631727429698 383.8568224491484 0.047767239948148466 0.998828263612645 0.007771138673611054 -4.325922615218083 -0.7641737006407481 0.041553211692334495 -0.643670634600553 -117.22365713705776
-0.6480048118833891 0.01312225902680433 0.7615231907788532 386.3826881067272 0.04371427139272202 0.9988441388232915 0.019986215623781223 -4.585028978276321 -0.7603807113890897 0.04624059532910753 -0.6478294382713968 -118.18520915929774
-0.6504895191854078 0.0034131939709662936 0.759507561211113 388.4667222512265 0.038566962435657756 0.9988482982022372 0.028542364775554278 -4.5275502815348405 -0.7585354143600843 0.04785840872209173 -0.6498719857604006 -119.90013048671553
-0.6523729332162621 -0.0014093482040872687 0.7578968067912999 388.4205046581021 0.034686993980912975 0.9988948770774462 0.031714933343799316 -3.797757216320168 -0.7571039350415368 0.046979126067575455 -0.6516030948810396 -122.50850561886213
-0.6567453536136243 -0.0017747891113986361 0.7541103305422389 386.1805727983843 0.03476357642222516 0.9988628730767497 0.03262597957452027 -2.994178085976577 -0.753310715615577 0.047642532599253655 -0.655936852773404 -123.78367916373203
-0.6512472015801516 0.005218934759202983 0.7588477088019702 385.5175542218002 0.04103436299653539 0.9987555393060633 0.02834702381067706 -2.4472694900853176 -0.7577554113877981 0.04959975227189845 -0.6506509056991139 -126.33573925023205
-0.6523663692786584 0.01246849016406449 0.757801198855748 387.50737028491716 0.04633474488926677 0.9986505252422854 0.023456765534791098 -2.3975299640436534 -0.7564860948161763 0.05041493019271391 -0.6520637416414418 -128.15247260551564
-0.6551404399995874 0.015123946755602238 0.7553557242198407 389.54341818299355 0.0471328720873468 0.9986702923549797 0.02088395404173754 -2.3864978632746627 -0.7540354741296633 0.049284007569933896 -0.654982129795846 -129.92092768742825
-0.6596315972761007 0.013949368094928223 0.7514596269958431 392.1154348831199 0.045081744858075354 0.9987618638106064 0.02103272873679337 -2.359958438931052 -0.7502358243616023 0.047750963627096854 -0.6594437453772328 -130.73204673551868
-0.6717344633848059 0.013814948791149275 0.7406631878870611 394.80522728679193 0.04579587486956255 0.9986881595265583 0.02290628442998052 -2.217686425382113 -0.7393751067936082 0.049306259352679675 -0.6714859225945013 -130.6821712103948
-0.6799238689374891 0.012995717761813439 0.7331675414043712 397.4602467004359 0.04509686070077534 0.9986914023978146 0.024119617153293443 -2.1356408708404486 -0.7318946683806434 0.04946305789720102 -0.6796201882665404 -130.288914707355
-0.6800951667406725 0.013684880118868896 0.7329961038314653 395.1880041662808 0.0462913190565616 0.9986322261345367 0.02430618657015996 -2.3162307436961678 -0.7316609036677999 0.050461876517941595 -0.6797984414974104 -131.73422525186254
-0.695218242525788 0.014262697232739253 0.7186571997322514 397.59017859565347 0.04466682043823199 0.9987281074092264 0.02338894231733959 -2.1935959931467734 -0.7174095555617407 0.04836055146948081 -0.6949710689304088 -130.52727103353058
-0.7012905747489901 0.014943592309372691 0.7127188918620874 399.9316406904802 0.04569960932062047 0.9986662165368158 0.02402776843539374 -2.4163101639913753 -0.7114092180146212 0.04942142244951571 -0.7010381213078883 -129.2131968177794
-0.7079607631811901 0.014615442883688715 0.7061005216151734 401.6191812429086 0.04612959389164405 0.9986078642633271 0.02558112583192263 -2.3455642367510507 -0.7047436543618539 0.05068256367578783 -0.7076493901473748 -127.11359086087094
-0.7152600843523064 0.014172795213688692 0.6987146367496261 403.8103917754922 0.04804105820823564 0.9984264195302618 0.028926484581001582 -2.6577749450628056 -0.6972051839010994 0.05425695033645774 -0.7148154411326209 -125.59478028178656
-0.7196765676333317 0.01317632344725717 0.6941844297446603 406.37026192035927 0.04873094126362251 0.9983128455461834 0.0315714709990527 -2.649843714745735 -0.6925972374786584 0.05654950855574171 -0.7191044567509208 -126.44659713671679
-0.7117101291541819 0.015619234837174454 0.7022996024222413 405.07789333771547 0.04983666398696765 0.9983563327448509 0.028300879684261517 -2.285795656490742 -0.7007032174765497 0.0551422920393608 -0.7113187250780474 -128.77341028516292
-0.7058004336174883 0.016116855959226493 0.7082273609931731 403.3490971133699 0.04628629955576468 0.9986540636046688 0.023401703342205607 -2.0809268095793656 -0.7068969701298772 0.0492981561508351 -0.7055964607488683 -130.81568444188812
-0.7029682228414159 0.015436529852402715 0.7110537189420337 403.31951555527763 0.04303412721698852 0.9988558023916493 0.020860247438777568 -1.8528155568823952 -0.7099181231450952 0.0452636672691338 -0.7028281858715516 -133.4893813118624
-0.702793026905793 0.014861528275298285 0.7112391273755369 405.21329385607964 0.04584082031409931 0.9986500006064559 0.02442939789795499 -1.9701355725193859 -0.709915896797307 0.049772595532568444 -0.7025255213929443 -135.38814348625394
-0.7062078625096063 0.011009883732069242 0.7079189483195224 406.3652704553227 0.04063239078015495 0.9988613705590517 0.024999424481021597 -3.3499647648656703 -0.7068376502062569 0.04641922947550759 -0.7058511113441696 -137.3863842243905
-0.7055556683197589 0.00905938691508184 0.7085965893303329 408.29735960903463 0.03683947691286375 0.9990351469338767 0.02390874592266601 -3.3427778847015017 -0.7076962991585063 0.042973278901322576 -0.7052086538449632 -139.24493327285222
-0.7080901415216702 0.008326751686096296 0.7060729542236968 410.3384568463825 0.03531954800593654 0.9990964776272849 0.02363806086397947 -3.3071930004646055 -0.7052381732496326 0.0416760554648702 -0.7077444633428174 -140.9866940372866
-0.7090209724232246 0.006979597000575289 0.7051528528551337 412.25858192521684 0.035567256025202866 0.9990322863419149 0.025873947230464992 -3.273541565534604 -0.7042898770839063 0.04342552328017205 -0.7085830882578144 -142.8481378835685
-0.7088088515928194 0.006125883866862071 0.7053740039514623 414.1619917966937 0.038033651920419735 0.9988396132202996 0.02954434604995609 -3.2268826504554404 -0.7043745120497092 0.047769243334732744 -0.7082193489067938 -144.73437318666615
-0.7093730148760394 0.005702510605442952 0.7048101922776603 416.14391957149775 0.04270367853423866 0.9984779786793728 0.03490160357346149 -3.1553960459369614 -0.7035384293734948 0.0548562436295947 -0.7085368522028538 -146.525081911611
-0.7080507285002176 0.005506591037279574 0.7061401017683806 418.0317420274616 0.04680070874974509 0.9981369964048645 0.03914371045771606 -3.0876729744447102 -0.7046090118149455 0.06076358994516459 -0.7069893398108232 -148.4184798729078
-0.7517183173072256 0.002051100883172143 0.6594811327171992 418.2620422479294 0.04017621440585996 0.9982802148524617 0.04269056605548627 -3.2932287215870173 -0.658259404202332 0.05858673586478849 -0.7505079287788385 -145.7646683989784
-0.7511596476591766 0.00021960428050871866 0.6601205461902403 420.03178606742244 0.0329823479311112 0.9987634433700534 0.03719877568611499 -3.2133477966930797 -0.6592961007419156 0.04971454476865635 -0.7502380392815023 -147.7511164463121
-0.7498672279822471 -0.0024748573863603816 0.6615837176647694 421.7796733364038 0.028219377801709345 0.9989632661358044 0.03572197681779373 -3.1523645201737587 -0.6609862382188502 0.045456220610646435 -0.7490199762977565 -149.7810424713005
-0.7476431764962331 -0.0028313820621491802 0.6640946196998138 423.53296254890705 0.026617968081192146 0.9990595819551339 0.03422623962491718 -3.083831867140185 -0.6635670006968798 0.04326586390275522 -0.7468647137245791 -151.80378298220893
-0.7455081229154517 -0.0021301923980262716 0.6664931364593538 425.3259259284867 0.02830106912768708 0.9989917847438483 0.034849153512402524 -3.018802086225915 -0.6658954033129464 0.044842795348288604 -0.7446962035300314 -153.7897284230168
-0.7433938196856507 -0.0021919830255731246 0.668850374944646 427.03032644883257 0.02866007824034531 0.9989717790369073 0.03512811698759988 -2.934259942599106 -0.6682396492041142 0.045283329142773936 -0.7425666241714016 -155.8415862905969
-0.7414938955779007 -0.0017981366870104872 0.6709572039446062 428.82479354635615 0.026495505471654877 0.9991379469814281 0.031958584003973334 -2.868481961841529 -0.6704362691639771 0.04147444521862015 -0.7408070459865355 -157.81080891031334
-0.7402778665580978 -0.007348134169091684 0.6722608758572998 430.62127859464414 0.01955977873939089 0.9992815783536876 0.03246139582072261 -2.8056493187012896 -0.6720164397839232 0.03717972683058022 -0.7396023070359815 -159.7909769150072
-0.73986141177195 -0.014411701740452608 0.6726049317569421 432.44150448565017 0.010655304087035508 0.9993941016420761 0.033134485024532125 -2.7524687948930335 -0.6726749258487579 0.03168173694689666 -0.7392595698930099 -161.74634911268708
-0.7394705008031547 -0.0186491619083861 0.6729305961256671 434.25510612331493 0.003484018143693337 0.9994967991331645 0.03152792635321098 -2.6902928230092655 -0.6731799462695748 0.025658473896041888 -0.7390334245876979 -163.70319651437148
-0.7387396235605936 -0.019112256644814904 0.6737198900340514 436.0680546987445 0.002004063586622029 0.9995311565864567 0.030552426124307405 -2.608211292925071 -0.6739879467102469 0.02392046527313372 -0.7383549681761641 -165.6566710998819
-0.7379245176904708 -0.01858178417795369 0.6746273960402505 437.89129786977327 0.003962802244085755 0.9994843520429813 0.03186418396250818 -2.5335044191374023 -0.6748716191911329 0.02618677754108411 -0.7374703724844505 -167.6026390759901
-0.7367625842191501 -0.018975358844960908 0.6758852197314451 439.6907902642752 0.005750399040396826 0.9993941404393625 0.03432615571753566 -2.4664815516355105 -0.676127079331687 0.02917683691172242 -0.736207093678288 -169.57383754453022
-0.7356210024025994 -0.021191051074247368 0.6770617993791721 441.47433462928706 0.004179395891652224 0.9993495521705369 0.03581906233458188 -2.385759516481559 -0.677380449580719 0.029178963842406046 -0.7350539535264802 -171.55392638315087
-0.7346381037809956 -0.021859150589490357 0.6781069487983205 443.217861441501 0.0019302443417031994 0.9994094544247418 0.03430767499003012 -2.30259418204292 -0.67845643237414 0.026512637400797748 -0.7341620729976523 -173.56448269035636
-0.7338784307271308 -0.021209669419885908 0.6789496290864161 445.0321090228481 0.0009168210485418116 0.9994805831956394 0.03221371220566953 -2.2415168705395834 -0.6792802134264257 0.02426342387223801 -0.7334777964664969 -175.5158607688032
-0.7332472598987912 -0.020075929863748208 0.6796656625805213 446.8417184677339 0.0011575726731962055 0.9995257358424398 0.03077277066069414 -2.2027769257417615 -0.6799611135031343 0.02335081216436066 -0.7328762676569932 -177.46241446829603
-0.7328953956475156 -0.019443267935347362 0.6800634517239289 448.6836505431389 0.0024076419956977997 0.9995111639969964 0.031171081235497104 -2.1521006271091707 -0.6803370799086976 0.024482491240960004 -0.7324903175632733 -179.39351840879942
-0.7320470089664309 -0.01903895296209795 0.6809880284802429 450.50640319145725 0.004178234214538524 0.9994651332052611 0.03243439325528027 -2.0790645991494747 -0.6812413074837376 0.026588828050455954 -0.7315759121244721 -181.33880444839798
-0.7315833434730803 -0.01884226887239457 0.6814915850225065 452.33295805524915 0.004551500078343252 0.999460730712889 0.032519711097962756 -2.0268045092686493 -0.6817368226814416 0.026892687976446224 -0.7311030624567348 -183.2764065139329
-0.7307061052498923 -0.019692969513305212 0.6824080705137361 454.21002166961745 0.0037450649363429643 0.9994531976420749 0.03285240039410218 -1.9699443595552295 -0.682681889491114 0.0265611120772427 -0.730232801978975 -185.16165449100717
-0.7299281911175532 -0.020361363902780413 0.6832204993059519 456.0475620594158 0.0037962926815120284 0.9994200335681 0.03384057719091425 -1.8952711721732813 -0.6835132946576348 0.027294896276711948 -0.7294275595722383 -187.09143049854427
-0.7293766856485323 -0.021133604404220373 0.6837858006695131 457.88933619932544 0.0034316137685222983 0.999397129399778 0.034548542290916785 -1.8249963679304066 -0.6841037015389609 0.027545390038434397 -0.7288644435204156 -189.0111069150044
-0.72890788524842 -0.020554730365173673 0.6843031476489716 459.73393657993927 0.002773680557448771 0.9994523119538491 0.0329754882643341 -1.7563047795245448 -0.6846061652649962 0.025934131751824633 -0.7284516588569471 -190.9330480048833
-0.7285220949633229 -0.01937898849428426 0.6847481376062213 461.5800471563361 0.0029994265409698513 0.9994999469982411 0.03147791910115133 -1.6888608190439365 -0.6850157374766498 0.024986211306472352 -0.7280996694504621 -192.8487189646754
-0.7281230997949247 -0.019543506747091634 0.6851677188025246 463.384356405015 0.0034886229076396915 0.9994748402621143 0.032216039378380454 -1.6710291865812121 -0.6854375106858686 0.025847534254691266 -0.7276725389333547 -194.80243246132704
-0.7276876811384063 -0.02073040981023945 0.6855952806346522 465.2247051429498 0.003037094860154264 0.9994359917902624 0.03344359982156426 -1.606448262472921 -0.6859018987976497 0.026418713506036234 -0.7272142990910361 -196.730541973103
-0.727540042374529 -0.021949961028313522 0.6857139971974636 467.0662148543167 0.0017499043939184144 0.9994254391989408 0.033848623555719604 -1.5462741874443053 -0.6860629887818483 0.02582616295271473 -0.72708361605173 -198.6517728290155
-0.7276650015593596 -0.022627048494573372 0.6855593790344061 468.89398204280985 0.0011111718126682018 0.9994155758335865 0.03416536372444702 -1.4975349037009822 -0.6859317829076167 0.025622713705718964 -0.7272145940089041 -200.58587514573532
-0.7279434489324668 -0.022020277051872563 0.6852834760556124 470.7471835104497 0.0014042456768817563 0.9994341531193363 0.033606571867932145 -1.4337509854971107 -0.6856357365616133 0.02542599019102873 -0.727500622523735 -202.49498898009554
-0.7281027775548962 -0.02145960956177194 0.6851319803324765 472.5811184089604 0.0019372137828260155 0.9994414200264979 0.03336308046594533 -1.3773894861715552 -0.685465238009636 0.025618998670397044 -0.7276545020732859 -204.41367315999094
-0.7283415466880465 -0.0225723321416991 0.6848423768939451 474.4191240431882 0.0017561784337090669 0.9993924890070937 0.03480759620420937 -1.3132890846559768 -0.6852120162441513 0.02655452386865782 -0.7278594301489375 -206.35288893360845
-0.7284364353669509 -0.024295633277996193 0.6846824678882253 476.22722360149385 0.0008064264915278896 0.9993399197655 0.036319064406974716 -1.2521283607615128 -0.6851129171940972 0.027008275892868906 -0.7279360162315718 -208.30705232265447
-0.72884635895956 -0.024756867452953482 0.6842295539841207 478.0845797800458 0.0001855680108802703 0.9993388901229199 0.03635585581999222 -1.1790537211981287 -0.6846772601714677 0.026624804258578195 -0.7283599173501292 -210.21303797173093
-0.7289371967628905 -0.025125120183690928 0.6841193547263619 479.9212410029648 -0.0006150480222690304 0.9993499061928565 0.03604700692511808 -1.1169789550027382 -0.6845802983517649 0.02585523792356747 -0.7284787723609567 -212.1389071338661
-0.7289825463808667 -0.024259218653735794 0.6841022857602345 481.75615437576266 -0.00033937346597760347 0.9993845225110476 0.0350779274047959 -1.0484789718752534 -0.6845321993140426 0.02533903067750946 -0.7285421069688466 -214.05762471420513
-0.7293602843778115 -0.023419912007023005 0.6837288082960238 483.64194538704925 0.0006504939242078126 0.9993896817597286 0.034926220090973334 -0.9761861795374298 -0.684129485134192 0.025918559253396603 -0.7288999079820603 -215.94439589951375
